701.5133150019	2.2735360372	0.0454707207
801.5189233779	2.253069642	0.0450613928
1473.8401280207	2.1284929406	0.0425698588
1557.8866726597	2.2617775663	0.0452355513
1844.7060688104	3.047375281	0.0609475056
1969.0112637282	3.2483331971	0.0649666639
2075.0330654117	3.4316760968	0.0686335219
2132.3592824282	3.7953497964	0.0759069959
2133.3468795939	4.0049015564	0.0800980311
2258.0011767905	3.8201929338	0.0764038587
2268.9823890555	3.4530814265	0.0690616285
2276.3053677754	3.6583247845	0.0731664957
2387.4784210248	3.6474052139	0.0729481043
2404.3471883666	3.4506782296	0.0690135646
2451.8165779176	3.1388964095	0.0627779282
2495.3468222199	2.9352932156	0.0587058643
2541.4220284491	3.2716887878	0.0654337758
2609.5510390778	2.8932506402	0.0578650128
2610.4945742161	2.5877388821	0.0517547776
2749.9721622336	2.6825727531	0.0536514551
2774.3227631185	2.3427002509	0.046854005
2894.2221236318	2.6100252058	0.0522005041
2915.6453852255	2.4356864611	0.0487137292
3011.0776590344	2.6248342235	0.0524966845
3035.5366423775	2.3866253503	0.047732507
3094.3548908043	2.5948834012	0.051897668
3235.5697382053	3.2943349373	0.0658866987
3236.5819059202	3.1045287323	0.0620905746
3291.8274549204	3.4552905716	0.0691058114
3347.2204537042	3.2087673841	0.0641753477
3357.2601625797	3.026300037	0.0605260007
3440.8191703242	2.9488646819	0.0589772936
3461.8170054466	2.6842574868	0.0536851497
3486.1395822067	2.3384387296	0.0467687746
3580.2657195737	2.5313983547	0.0506279671
4015.4791703242	2.1621980153	0.0432439603
4064.0042686872	2.0069915469	0.0401398309
4148.8351752948	2.1381333615	0.0427626672
4459.7763444556	2.0346990288	0.0406939806
4551.6431392664	1.8606445396	0.0372128908
4585.3350959759	1.9161863466	0.0383237269
