-255.9339363711 2.1177562202 0.0423551244
-201.3456613996 2.2226442198 0.0444528844
-37.3042067133 2.3858340107 0.0477166802
21.1684113041 1.9999061309 0.0399981226
86.6129640393 2.7047582215 0.0540951644
211.8769759934 2.8315705347 0.0566314107
292.948517432 2.8875331541 0.0577506631
369.2411465674 2.539729621 0.0507945924
432.8676090251 3.2092890535 0.0641857811
528.7894763837 3.2753730577 0.0655074612
601.1962076974 3.3623016711 0.0672460334
690.1629357172 3.730810017 0.0746162003
788.4808804825 3.2939510156 0.0658790203
834.174665988 3.0776155339 0.0615523107
1004.9330373212 4.7893628354 0.0957872567
1077.7229749661 4.8352666206 0.0967053324
1175.0257682659 5.2749086746 0.1054981735
1248.9464301031 5.7015215799 0.1140304316
1294.4638157672 6.4351225714 0.1287024514
1373.1648933921 5.7752643197 0.1155052864
1431.5175107408 6.4054159615 0.1281083192
1452.804811042 4.0180331474 0.0803606629
1471.4615284468 4.5332638979 0.090665278
1475.530245431 5.159137411 0.1031827482
1505.3188386929 5.9940111965 0.1198802239
1524.7202187215 5.3703944799 0.1074078896
1549.1392953565 4.120245246 0.0824049049
1576.9256033112 4.7212586115 0.0944251722
1649.0870726933 3.3842620501 0.067685241
1662.2581077038 4.3528686048 0.0870573721
1747.2107401419 3.8029293217 0.0760585864
1818.4320387861 3.3702980216 0.0674059604
1913.2007881137 3.2886834029 0.0657736681
2009.1049469755 3.3290498858 0.0665809977
2081.596856458 3.2489293126 0.0649785863
2212.2375714457 3.1585102556 0.0631702051
2289.2559104152 3.2523729841 0.0650474597
2391.4706111008 3.1839137426 0.0636782749
2487.6616985052 2.8688473905 0.0573769478
2571.2569102996 2.9063688141 0.0581273763
2648.6195957038 3.2661595038 0.0653231901
2780.3429128298 3.4919034089 0.0698380682
2859.2342658793 3.3782267496 0.067564535
2978.5404306204 3.0755878368 0.0615117567
3047.8127813255 3.1947299477 0.063894599
3069.6284967053 2.7020364193 0.0540407284
3164.4779297164 2.7860026508 0.055720053
3252.6833083865 2.9720865302 0.0594417306
3397.5077758292 3.1399178485 0.062798357
