-1740.3088235294 3.6831841432 0.0736636829
-1675.8529411765 3.5735294118 0.0714705882
-1589.9117647059 3.8983375959 0.0779667519
-1546.9411764706 3.7890025575 0.0757800512
-1482.4852941177 3.4619565217 0.0692391304
-1461 3.679028133 0.0735805627
-1375.0588235294 3.895140665 0.0779028133
-1375.0588235294 3.7864450128 0.0757289003
-1310.6029411765 3.6767902813 0.0735358056
-1203.1764705882 3.783887468 0.0756777494
-1138.7205882353 3.8916240409 0.0778324808
-1095.75 3.8909846547 0.0778196931
-1095.75 3.5648976982 0.071297954
-988.3235294118 3.4546035806 0.0690920716
-966.8382352941 3.8890664962 0.0777813299
-923.8676470588 3.9971227621 0.0799424552
-902.3823529412 3.6707161125 0.0734143223
-859.4117647059 3.9961636829 0.0799232737
-837.9264705882 3.8871483376 0.0777429668
-794.9558823529 3.5604219949 0.0712084399
-773.4705882353 3.8861892583 0.0777237852
-751.9852941176 3.777173913 0.0755434783
-666.0441176471 3.993286445 0.0798657289
-666.0441176471 3.8845907928 0.0776918159
-623.0735294118 3.7752557545 0.0755051151
-601.5882352941 4.2097186701 0.0841943734
-580.1029411765 4.1007033248 0.0820140665
-558.6176470588 4.3177749361 0.0863554987
-494.1617647059 4.5342071611 0.0906841432
-472.6764705882 4.7512787724 0.0950255754
-472.6764705882 4.8599744246 0.0971994885
-451.1911764706 5.0770460358 0.1015409207
-429.7058823529 5.1854219949 0.1037084399
-386.7352941176 5.2934782609 0.1058695652
-386.7352941176 5.5108695652 0.1102173913
-300.7941176471 5.7269820972 0.1145396419
-257.8235294118 6.2698209719 0.1253964194
-236.3382352941 6.0521099744 0.1210421995
-214.8529411765 5.9430946292 0.1188618926
-214.8529411765 5.834398977 0.1166879795
-193.3676470588 5.7253836317 0.1145076726
-171.8823529412 6.2685421995 0.125370844
-107.4264705882 5.7241048593 0.1144820972
-42.9705882353 5.8318414322 0.1166368286
0 5.5051150895 0.1101023018
85.9411764706 5.1777493606 0.1035549872
128.9117647059 5.0684143223 0.1013682864
171.8823529412 4.9590792839 0.0991815857
214.8529411765 4.9584398977 0.099168798
257.8235294118 4.7404092072 0.0948081841
300.7941176471 4.6310741688 0.0926214834
343.7647058824 4.5217391304 0.0904347826
386.7352941176 4.3037084399 0.0860741688
408.2205882353 4.3033887468 0.0860677749
472.6764705882 4.4111253197 0.0882225064
494.1617647059 4.5195012788 0.0903900256
515.6470588235 4.4104859335 0.0882097187
558.6176470588 4.3011508951 0.0860230179
601.5882352941 3.9744245524 0.079488491
601.5882352941 4.0831202046 0.0816624041
623.0735294118 4.3001918159 0.0860038363
687.5294117647 4.0818414322 0.0816368286
709.0147058824 4.2989130435 0.0859782609
902.3823529412 4.51342711 0.0902685422
945.3529411765 4.4040920716 0.0880818414
1009.8088235294 4.5118286445 0.0902365729
1052.7794117647 4.5111892583 0.0902237852
1074.2647058824 4.6195652174 0.0923913043
1095.75 4.6192455243 0.0923849105
1181.6911764706 4.9440537084 0.0988810742
1203.1764705882 4.9437340153 0.0988746803
1224.6617647059 4.7260230179 0.0945204604
1246.1470588235 4.834398977 0.0966879795
1267.6323529412 4.8340792839 0.0966815857
1289.1176470588 4.942455243 0.0988491049
1289.1176470588 4.7250639386 0.0945012788
1310.6029411765 5.050831202 0.101016624
1353.5735294118 5.2675831202 0.1053516624
1353.5735294118 5.158887468 0.1031777494
1396.5441176471 5.0495524297 0.1009910486
1418.0294117647 5.2666240409 0.1053324808
1439.5147058824 5.2663043478 0.105326087
1525.4558823529 5.1563299233 0.1031265985
1568.4264705882 5.2643861893 0.1052877238
1632.8823529412 5.1547314578 0.1030946292
1654.3676470588 4.8283248082 0.0965664962
1675.8529411765 5.0453964194 0.1009079284
1675.8529411765 5.371483376 0.1074296675
1718.8235294118 5.2621483376 0.1052429668
1761.7941176471 5.3702046036 0.1074040921
1804.7647058824 5.4782608696 0.1095652174
1826.25 5.6953324808 0.1139066496
1912.1911764706 5.6940537084 0.1138810742
1912.1911764706 5.6940537084 0.1138810742
1933.6764705882 5.8024296675 0.1160485934
1955.1617647059 6.1281969309 0.1225639386
1955.1617647059 6.3455882353 0.1269117647
1976.6470588235 6.23657289 0.1247314578
2019.6176470588 5.9098465473 0.1181969309
2062.5882352941 6.1265984655 0.1225319693
2105.5588235294 5.9085677749 0.1181713555
2127.0441176471 5.7995524297 0.1159910486
2170.0147058824 5.6902173913 0.1138043478
2363.3823529412 5.1438618926 0.1028772379
2363.3823529412 5.3612531969 0.1072250639
2363.3823529412 5.5786445013 0.11157289
2363.3823529412 5.5786445013 0.11157289
2406.3529411765 5.4693094629 0.1093861893
2449.3235294118 5.4686700767 0.1093734015
2492.2941176471 5.3593350384 0.1071867008
2513.7794117647 5.5764066496 0.111528133
2642.6911764706 5.574488491 0.1114897698
2707.1470588235 5.4648337596 0.1092966752
2728.6323529412 5.790601023 0.1158120205
2750.1176470588 5.2468030691 0.1049360614
2750.1176470588 5.5728900256 0.1114578005
2793.0882352941 5.7896419437 0.1157928389
2814.5735294118 5.5719309463 0.1114386189
2857.5441176471 5.4625959079 0.1092519182
2922 5.2442455243 0.1048849105
2986.455882353 5.1345907928 0.1026918159
3050.9117647059 4.9162404092 0.0983248082
3136.8529411765 5.023657289 0.1004731458
3158.3382352941 4.8059462916 0.0961189258
3222.7941176471 4.6962915601 0.0939258312
3244.2794117647 4.5872762148 0.0917455243
3287.25 4.5866368286 0.0917327366
3287.25 4.4779411765 0.0895588235
3394.6764705882 4.476342711 0.0895268542
3394.6764705882 4.3676470588 0.0873529412
3416.1617647059 4.1499360614 0.0829987212
3480.6176470588 4.0402813299 0.0808056266
3545.0735294118 4.0393222506 0.080786445
3631.0147058824 4.0380434783 0.0807608696
3716.9558823529 4.0367647059 0.0807352941
3738.4411764706 4.145140665 0.0829028133
3781.4117647059 3.9271099744 0.0785421995
3931.8088235294 3.7074808184 0.0741496164
3953.2941176471 3.9245524297 0.0784910486
4103.6911764706 3.922314578 0.0784462916
4125.1764705882 3.378516624 0.0675703325
4168.1470588235 3.8126598465 0.0762531969
4168.1470588235 4.0300511509 0.080601023
4232.6029411765 3.9203964194 0.0784079284
4275.5735294118 3.8110613811 0.0762212276
4340.0294117647 3.7014066496 0.074028133
4361.5147058824 3.8097826087 0.0761956522
4383 3.9181585678 0.0783631714
4490.4264705882 3.9165601023 0.078331202
4511.9117647059 3.807544757 0.0761508951
4576.3676470588 3.9152813299 0.0783056266
4597.8529411765 3.8062659847 0.0761253197
4640.8235294118 3.9143222506 0.078286445
4683.7941176471 3.8049872123 0.0760997442
4705.2794117647 3.4785805627 0.0695716113
4855.6764705882 4.0198209719 0.0803964194
4877.1617647059 4.1281969309 0.0825639386
4963.1029411765 4.2356138107 0.0847122762
5006.0735294118 3.908887468 0.0781777494
5006.0735294118 4.4523657289 0.0890473146
5049.0441176471 4.5604219949 0.0912084399
5070.5294117647 4.3427109974 0.0868542199
5113.5 4.5594629156 0.0911892583
5113.5 4.4507672634 0.0890153453
5199.4411764706 4.6668797954 0.0933375959
5263.8970588235 4.4485294118 0.0889705882
5285.3823529412 4.8829923274 0.0976598465
5371.3235294118 4.881713555 0.0976342711
5371.3235294118 5.0991048593 0.1019820972
5435.7794117647 5.0981457801 0.1019629156
5457.2647058824 5.6413043478 0.112826087
5478.75 4.6627237852 0.0932544757
5478.75 5.3148976982 0.106297954
5564.6911764706 5.7484015345 0.1149680307
5650.6323529412 6.290601023 0.1258120205
5650.6323529412 6.1819053708 0.1236381074
5672.1176470588 6.1815856777 0.1236317136
5715.0882352941 5.5287723785 0.1105754476
5715.0882352941 6.3983375959 0.1279667519
5779.5441176471 6.3973785166 0.1279475703
5801.0294117647 6.9405370844 0.1388107417
5801.0294117647 6.7231457801 0.1344629156
5844 6.5051150895 0.1301023018
5844 6.179028133 0.1235805627
5929.9411764706 6.9386189258 0.1387723785
5972.9117647059 6.7205882353 0.1344117647
5994.3970588235 6.8289641944 0.1365792839
6037.3676470588 6.3935421995 0.127870844
6101.8235294118 6.6099744246 0.1321994885
6166.2794117647 6.3916240409 0.1278324808
6187.7647058824 6.2826086957 0.1256521739
6359.6470588235 6.4974424552 0.1299488491
6402.6176470588 6.3881074169 0.1277621483
6445.5882352941 6.3874680307 0.1277493606
6510.0441176471 6.2778132992 0.125556266
6553.0147058824 6.4945652174 0.1298913043
6574.5 6.1681585678 0.1233631714
6660.4411764706 6.2755754476 0.125511509
6746.3823529412 5.51342711 0.1102685422
6767.8676470588 5.6218030691 0.1124360614
6789.3529411765 5.7301790281 0.1146035806
