1988.2202522302	12.7833267435	0.2556665349
2095.4011753553	12.2190499363	0.2443809987
2281.9558745119	11.7036771191	0.2340735424
2383.2394981232	10.965101476	0.2193020295
2568.9369064776	10.632805134	0.2126561027
2581.8843463328	10.0183703884	0.2003674078
2772.3555726475	10.2027008121	0.2040540162
2977.4777291405	10.3645994911	0.2072919898
3182.5163748095	11.090496322	0.2218099264
3113.9624699072	10.3694759573	0.2073895191
3370.6917058936	11.4579032209	0.2291580644
3569.3835289418	12.0372274096	0.2407445482
3752.7542148279	12.6626342042	0.2532526841
3897.2385422373	12.0685761211	0.2413715224
4089.8158071437	11.2911280757	0.2258225615
4198.1123826826	10.488601061	0.2097720212
4377.7764602201	10.3694759573	0.2073895191
4568.039235689	10.1374954921	0.2027499098
4668.2717972894	9.6233766234	0.1924675325
4870.1285500799	9.5268225919	0.1905364518
5070.7522133604	9.6935977372	0.1938719547
5269.6495513269	10.2290337297	0.2045806746
5470.6020384768	10.3255877612	0.2065117552
5670.6502599859	10.6152498555	0.2123049971
5860.9433733714	11.0765635613	0.2215312712
6032.3154132753	10.7995802792	0.2159916056
6082.6939702569	11.5105690562	0.2302113811
6271.2881603174	11.3789044679	0.2275780894
6274.8230169128	10.6240274948	0.2124805499
6457.8957061674	10.8522461145	0.2170449223
6576.2135805814	10.1625744613	0.2032514892
6759.5094003187	10.3431430396	0.2068628608
6965.6545644052	10.2865760313	0.2057315206
7029.0901691985	10.1207761793	0.2024155236
7202.5584612694	10.3519206789	0.2070384136
7403.5520514029	10.4396970711	0.2087939414
7603.3901909956	10.7742226548	0.2154844531
7808.4027395321	11.9153157537	0.2383063151
7744.0080651199	10.8522461145	0.2170449223
7993.9142058176	12.3225006843	0.2464500137
8167.2317869484	12.2274095927	0.2445481919
8308.7630607098	11.5369019739	0.2307380395
8469.7693195898	11.3162070449	0.2263241409
8586.7366673975	10.9149435376	0.2182988708
8776.2409949535	11.6812453745	0.2336249075
8691.0208088165	10.7644697223	0.2152893944
8923.5095601851	12.7284664984	0.25456933
8908.455592417	11.6422336446	0.2328446729
9009.4661747796	13.7269229599	0.2745384592
9108.6858414252	14.9651970646	0.2993039413
9190.3398544079	15.9608321421	0.3192166428
9226.5926860025	16.8210407859	0.3364208157
9255.3647745697	14.9777365492	0.299554731
9396.9645533038	16.2797530339	0.3255950607
9437.7592645937	16.8868730801	0.3377374616
9619.2289374852	17.5598254205	0.3511965084
9563.0891122929	16.6454880015	0.33290976
9721.4726093579	18.6643450227	0.3732869005
9896.3658048626	20.0248791022	0.400497582
10011.1253352619	21.3239697071	0.4264793941
10112.4207025828	20.582886167	0.4116577233
10167.1111582797	18.9803400347	0.3796068007
10295.7840486504	20.749034338	0.4149806868
10300.8602671333	19.664995894	0.3932999179
10465.2310988192	18.9715623955	0.3794312479
10439.9527638638	20.0687672983	0.401375346
10598.7929607473	18.1669454667	0.3633389093
10691.7966166487	17.2850017162	0.3457000343
10777.2321041287	16.2442244941	0.3248844899
10728.0846793722	18.7521214149	0.3750424283
10813.989915237	17.6110283159	0.3522205663
10932.1316340067	15.1156708798	0.3023134176
10881.3988084515	16.1188296481	0.322376593
11062.1605966243	13.8366434502	0.276732869
11048.2769221411	14.8899601569	0.2977992031
11235.6551489348	12.5090255178	0.2501805104
11246.3933034179	13.4416496852	0.2688329937
11423.3827510897	12.2040025548	0.2440800511
11459.799994619	13.0291006417	0.2605820128
11518.3580453504	10.5596581405	0.2111931628
11560.8311284734	11.5251984549	0.2305039691
11675.0974230687	12.212780194	0.2442556039
11672.220214212	10.6766933301	0.2135338666
11748.9183817354	11.501791417	0.2300358283
11883.5482688105	12.2441289056	0.2448825781
11901.8625839617	13.2485416223	0.2649708324
11869.1035059788	11.6422336446	0.2328446729
12075.166464098	12.5590092967	0.2511801859
12244.990291617	13.0905441163	0.2618108823
12237.2218277039	12.1688919979	0.24337784
