3057.0827371781 7.6279604908 0.1525592098
3057.0827371781 7.1961996046 0.1439239921
3169.8750137574 7.5746586 0.151493172
3673.9874335713 7.6024624796 0.1520492496
3805.4505405141 8.0084897424 0.1601697948
3947.3360630366 8.2876427536 0.1657528551
4068.1849308001 8.6857526042 0.1737150521
4120.5527734977 9.433811352 0.188676227
4197.090389748 9.9050268701 0.1981005374
4152.7791382347 8.9225165413 0.1784503308
4293.7694839588 10.3257134711 0.2065142694
4339.692053709 9.7492408057 0.1949848161
4449.9778352533 10.8105153035 0.2162103061
4378.3636913934 10.4419058841 0.2088381177
4521.0804495142 11.402214815 0.2280442963
4668.400974026 11.489233544 0.2297846709
4777.1649550132 11.2119482327 0.2242389647
4829.5327977108 11.8822506506 0.237645013
4926.2118919216 11.4107079735 0.2282141595
4926.2118919216 11.0478451011 0.220956902
5034.9758729089 12.0266088571 0.2405321771
5065.8594724485 12.6041271028 0.2520825421
5216.2491745543 12.8438645104 0.2568772902
5228.3340613306 12.2584260206 0.2451685204
5377.3809982391 12.6443586988 0.252887174
5363.5696990661 12.1441335394 0.2428826708
5538.5128219239 12.2519384487 0.245038769
5674.5796952577 11.7897061581 0.2357941232
5699.6446456086 12.1626694592 0.2432533892
5814.7388053835 11.4230491889 0.2284609838
5865.3802356844 10.9054892373 0.2181097847
6021.9082929782 10.8542040545 0.2170840811
6183.040116663 11.0037815126 0.2200756303
6177.6690558735 10.5168157145 0.2103363143
6279.7192108739 10.224494374 0.2044898875
6344.1719403478 10.6205476644 0.2124109533
6452.935921335 10.1710173187 0.2034203464
6591.2407366645 9.9799475132 0.1995989503
6644.9513445594 9.6133564494 0.192267129
6677.1777092964 9.2157980424 0.1843159608
6811.4542290337 9.3442735916 0.1868854718
6816.8252898232 8.7970036499 0.175940073
6870.5358977181 8.4533785908 0.1690675718
7004.8124174554 8.4631964496 0.169263929
7020.9255998239 8.0286329324 0.1605726586
7099.1896284708 7.6576253768 0.1531525075
7225.0259098246 7.0785756008 0.141571512
7182.0574235087 7.7311388346 0.1546227767
7375.4156119305 6.8339854894 0.1366797098
7356.0797930883 6.4019131998 0.128038264
7458.2834069683 5.9967328226 0.1199346565
7504.3210708783 6.5114753143 0.1302295063
7588.9152783128 5.8429959041 0.1168599181
7709.7641460764 5.5865746241 0.1117314925
7854.7827873927 5.4396311202 0.1087926224
7928.6348732482 5.1556592848 0.1031131857
8032.027793446 5.8386492309 0.1167729846
8019.9429066696 5.2643044891 0.1052860898
8148.8483656174 6.4540510349 0.1290810207
8132.735183249 5.9551011468 0.1191020229
8227.1123942643 6.9343167159 0.1386863343
8291.5651237383 7.4799771218 0.1495995424
8446.0470626361 7.9250163171 0.1585003263
8374.4329187762 7.4288179833 0.1485763597
8567.7911071979 8.5572662424 0.1711453248
8600.0174719349 8.0295671427 0.1605913429
8728.9229308827 8.2888624171 0.1657772483
8771.8914171986 7.9864031642 0.1597280633
8922.2811193044 8.1909260314 0.1638185206
9069.6016438162 8.2405429814 0.1648108596
9161.6769716361 7.999242378 0.1599848476
9308.9974961479 8.279831717 0.1655966343
9470.1293198327 8.7233740337 0.1744674807
9465.5255534417 8.1944256131 0.1638885123
9599.0347787806 8.0284318176 0.1605686364
9631.2611435175 8.6157322405 0.1723146448
9760.1666024653 8.0160989434 0.1603219789
9784.3363760181 8.5309267004 0.170618534
9928.4598405361 7.8774407897 0.1575488158
9953.5247908871 8.235093421 0.1647018684
9985.751155624 7.5282594856 0.1505651897
10121.8180289579 8.2480108976 0.164960218
10130.7697969404 7.5910721569 0.1518214431
10275.7884382567 8.4056387116 0.1681127742
10318.7569245726 7.9117960872 0.1582359217
10447.6623835204 8.6105075826 0.1722101517
10458.4045050994 8.0824624791 0.1616492496
10522.8572345733 8.9893817825 0.1797876357
10611.8633847992 8.5934668937 0.1718693379
10710.8443622056 8.7984741662 0.1759694833
10743.0707269426 8.3205347432 0.1664106949
