44126.7227346717 1.345140878 0.1345140878
44191.2140847203 2.3424169816 0.2342416982
44330.2287726028 2.5495993027 0.2549599303
44453.4789082512 2.6671748278 0.2667174828
44546.6330805436 2.8528617925 0.2852861793
44584.2530347386 2.3294827612 0.2329482761
44648.9072417318 1.8787305413 0.1878730541
44745.8396951381 1.146321959 0.1146321959
44847.5927141037 1.2601267956 0.1260126796
44904.3671504712 1.8622519638 0.1862251964
44983.7411197618 3.2686955488 0.3268695549
45035.8553420232 3.7773369643 0.3777336964
45076.8952920542 3.2695593513 0.3269559351
45149.203775442 2.3715387576 0.2371538758
45209.4608449318 1.818891102 0.1818891102
45327.6949866875 2.0800274036 0.2080027404
45456.6776867847 2.5488505054 0.2548850505
45575.4236646519 2.3030218498 0.230302185
45714.643086979 2.019557262 0.2019557262
45845.4172134664 1.6196343193 0.1619634319
45967.4901260584 1.1947499652 0.1194749965
46061.4632361292 0.8297674103 0.082976741
46118.7888806168 0.9010604936 0.0901060494
46230.5738873677 1.0000938303 0.100009383
46359.5565874648 1.1491025922 0.1149102592
46431.2136430744 1.2379737704 0.123797377
46488.539287562 1.5883650428 0.1588365043
46608.4019987634 1.8133933691 0.1813393369
46757.2532460977 1.8460909937 0.1846090994
46828.3984655958 2.5877717149 0.2587771715
46942.3673064224 2.5905890342 0.2590589034
47025.9672046335 2.7245676339 0.2724567634
47054.0788187572 2.0597874553 0.2059787455
47175.0138803013 1.5686349286 0.1568634929
47305.4297215107 1.1948802391 0.1194880239
47434.4124216078 1.1750154011 0.1175015401
47563.395121705 1.177163849 0.1177163849
47692.3778218022 1.3533871265 0.1353387127
47810.6119635579 1.5717752733 0.1571775273
47950.3432219965 1.7592820095 0.175928201
48022.000277606 1.7158808348 0.1715880835
48037.6345442845 2.4437376357 0.2443737636
48166.6172443816 2.7629493597 0.276294936
48283.5485305808 2.6556887109 0.2655688711
48412.531230678 2.2821052202 0.228210522
48477.0225807266 1.8251910192 0.1825191019
48566.5939002385 1.5441825677 0.1544182568
48623.9195447261 1.1195462684 0.1119546268
48752.9022448233 1.2464760724 0.1246476072
48824.5593004328 2.152531381 0.2152531381
48853.2221226766 3.1576031006 0.3157603101
48896.2163560423 4.0089976074 0.4008997607
48991.3248116696 3.3909829041 0.3390982904
49023.1517116935 3.8577817215 0.3857781722
49117.3295562089 3.4965505423 0.3496550542
49172.0960201391 3.565173141 0.3565173141
49254.50163409 3.4064527628 0.3406452763
49294.1886187353 1.9691246562 0.1969124656
49412.147156431 1.598196443 0.1598196443
49541.1298565282 2.4770936102 0.247709361
49670.1125566253 2.4639185695 0.246391857
49774.0152872591 2.298037541 0.2298037541
49874.3351651125 1.5310653455 0.1531065346
49999.7350124292 0.8966334272 0.0896633427
50074.2583502631 0.7186648517 0.0718664852
50186.043357014 0.6262158758 0.0626215876
50315.0260571111 0.5099444044 0.0509944404
50444.0087572083 0.4943176056 0.0494317606
50572.9914573055 0.5914716823 0.0591471682
50711.0941462984 0.9106821262 0.0910682126
50825.224293051 1.2288143414 0.1228814341
50878.2505142021 2.1691344598 0.216913446
50998.156653922 2.8368709762 0.2836870976
51077.4571287966 3.2593510644 0.3259351064
51112.8079428973 3.0472044746 0.3047204475
51124.7507854989 2.2938907206 0.2293890721
51190.6752766596 1.8173733861 0.1817373386
51268.0648967179 1.7324586378 0.1732458638
