911.6806816532	2.7799817131	0.1389990857
952.1016269164	2.901216179	0.145060809
963.1434461103	2.8201805097	0.1410090255
991.6039143328	2.6651280085	0.1332564004
1000.678461357	2.7321260028	0.1366063001
1047.731668149	2.6172722983	0.1308636149
1083.4921053109	2.9044065597	0.145220328
1085.1053581152	2.8469797074	0.1423489854
1086.7186109195	2.7895528551	0.1394776428
1095.5915013432	2.4737051675	0.1236852584
1132.1585649073	2.7321260028	0.1366063001
1133.7718177116	2.6746991505	0.1337349575
1141.6588314215	2.3939456505	0.1196972825
1147.0542658003	2.5139039641	0.1256951982
1188.2863187235	2.2942462541	0.1147123127
1190.3028847288	2.6124867272	0.1306243364
1206.6370693724	2.8890927324	0.1444546366
1226.9640547065	2.7895528551	0.1394776428
1235.137868915	2.1865709061	0.1093285453
1264.8486080608	2.6890558636	0.1344527932
1269.6883664737	2.5167753067	0.1258387653
1271.5256821675	2.4513725028	0.1225686251
1273.1389349718	2.3939456505	0.1196972825
1274.3936871529	2.3492803209	0.117464016
1302.3567357607	2.9139777017	0.1456988851
1305.0454904345	2.8182662813	0.1409133141
1306.9276187062	2.7512682869	0.1375634143
1311.0951884507	2.6029155852	0.1301457793
1331.0591919038	2.2822823266	0.1141141163
1402.8265354062	2.4577532641	0.1228876632
1404.4397882105	2.4003264118	0.1200163206
1406.0530410148	2.3428995595	0.117144978
1409.2616215922	2.5407031619	0.1270351581
1421.199692344	2.1937492626	0.1096874631
1451.4929950025	2.2854727073	0.1142736354
1452.7925597615	2.2392121874	0.1119606094
1532.6933861522	2.5151801164	0.1257590058
1534.3066389565	2.4577532641	0.1228876632
1535.9198917608	2.4003264118	0.1200163206
1537.5331445651	2.3428995595	0.117144978
1543.8069054707	2.1195729118	0.1059786456
1553.0158902285	2.1817853351	0.1090892668
1584.6759765129	2.2248554743	0.1112427737
1593.7505235371	2.2918534686	0.1145926734
1633.6113115766	2.0430037754	0.1021501888
1635.1349392251	1.9887673038	0.0994383652
1646.3828962773	2.368422605	0.1184211303
1676.0040102673	2.0940498663	0.1047024933
1680.7182934621	1.9262358424	0.0963117921
1682.0088957055	1.8802943605	0.094014718
1685.0337447136	2.162643051	0.1081321525
1714.9909530378	2.2663304232	0.1133165212
1716.4249555306	2.2152843322	0.1107642166
1734.97736278	2.3349236078	0.1167461804
1774.3945062983	2.0238614913	0.1011930746
1807.5737389734	2.0908594856	0.1045429743
1811.5172458283	1.9504827356	0.0975241368
1814.4569509384	2.1578574799	0.107892874
1847.9050590809	2.2152843322	0.1107642166
1854.6269457654	2.2880250118	0.1144012506
1893.8827640033	2.1387151958	0.1069357598
1895.4960168076	2.0812883436	0.1040644172
1898.4536469489	1.976005781	0.0988002891
1907.9315071741	2.0286470623	0.1014323531
1985.354198007	2.3148242095	0.1157412105
1991.215683196	2.1841781206	0.109208906
2105.823851168	2.0047192072	0.1002359604
2111.5374548499	2.1913564771	0.1095678239
2113.3747705437	2.1259536731	0.1062976837
2114.988023348	2.0685268208	0.103426341
2119.334843404	2.3038173962	0.1151908698
2183.3272046412	1.976005781	0.0988002891
2201.3687485026	2.4258494573	0.1212924729
2235.4890453135	2.069324416	0.1034662208
2241.4491181738	2.2471881391	0.112359407
2243.0623709781	2.1897612868	0.1094880643
2244.854874094	2.1259536731	0.1062976837
2245.1685621393	2.5048113792	0.125240569
2248.0993047337	2.3224811232	0.1161240562
2324.7557004846	2.4019216022	0.1200960801
2352.4498736251	2.1961420481	0.1098071024
2364.5492696573	2.5454887329	0.1272744366
2366.4762105069	2.4768955482	0.1238447774
2371.0022808745	2.3157813237	0.1157890662
2384.1099599094	2.2392121874	0.1119606094
2405.5527784332	2.6459857244	0.1322992862
2435.3979553127	2.363637034	0.1181818517
2450.9031072652	2.5917492528	0.1295874626
2455.4291776328	2.4306350283	0.1215317514
2488.7697355883	2.8039095682	0.1401954784
2490.6070512821	2.7385067642	0.1369253382
2492.2203040864	2.6810799119	0.1340539956
2496.8359996098	2.5167753067	0.1258387653
2539.0763355356	2.8852642756	0.1442632138
2583.1002120618	2.5662262073	0.1283113104
2585.2512158009	2.4896570709	0.1244828535
2589.6786984971	2.644071496	0.1322035748
2622.6249057671	2.7193644801	0.135968224
2626.9045069563	2.957047841	0.147852392
2631.7442653692	2.7847672841	0.1392383642
2659.8754129306	3.2515337423	0.1625766871
2661.5222233819	2.8948354176	0.1447417709
2662.8666007188	2.8469797074	0.1423489854
2705.4161434321	2.5024185937	0.1251209297
2714.5803156121	2.5662262073	0.1283113104
2721.1588020474	2.644071496	0.1322035748
2747.8312484118	2.9426911279	0.1471345564
2753.9257590058	2.7257452415	0.1362872621
2762.9554934521	2.7943384261	0.1397169213
2772.5005725442	2.4545628834	0.1227281442
2793.9882036459	2.8597412301	0.1429870615
2806.1772248339	2.4258494573	0.1212924729
2845.8811688508	2.5726069687	0.1286303484
2847.4944216551	2.5151801164	0.1257590058
2852.5313554108	2.6478999528	0.1323949976
2880.5661041432	2.8980257983	0.1449012899
2885.4058625561	2.7257452415	0.1362872621
2889.5958385895	2.966618983	0.1483309492
2894.4355970024	2.7943384261	0.1397169213
2940.6149585254	2.840598946	0.1420299473
2960.422117956	2.6555568664	0.1327778433
2968.241912799	2.5072041647	0.1253602082
2977.0027717779	2.5853684914	0.1292684246
3010.2537045776	2.961833412	0.1480916706
3011.8669573819	2.9044065597	0.145220328
3016.8680410753	3.0384025484	0.1519201274
3024.9343050967	2.7512682869	0.1375634143
3057.6654119928	2.8342181847	0.1417109092
3066.7175527281	2.5119897357	0.1255994868
3114.4160606418	2.686184521	0.1343092261
3120.2909896041	2.5550598749	0.1277529937
3135.7289226897	3.1755889177	0.1587794459
3137.4318006498	3.1149716848	0.1557485842
3139.0450534541	3.0575448325	0.1528772416
3140.6583062584	3.0001179802	0.150005899
3142.2715590627	2.9426911279	0.1471345564
3143.884811867	2.8852642756	0.1442632138
3147.4698180988	2.7576490483	0.1378824524
3189.3247658547	2.8278374233	0.1413918712
3223.4719502124	3.172398537	0.1586199269
3230.2610557638	2.5407031619	0.1270351581
3237.58791225	2.6699135795	0.133495679
3239.4252279438	2.6045107755	0.1302255388
3269.6289054465	3.0894486393	0.154472432
3271.2421582508	3.032021787	0.1516010894
3272.8554110551	2.9745949347	0.1487297467
3274.4686638594	2.9171680824	0.1458584041
3276.0819166636	2.8597412301	0.1429870615
3287.62563673	2.760839429	0.1380419714
3371.0845818056	2.5981300142	0.1299065007
3372.6978346099	2.5407031619	0.1270351581
3377.6989183033	2.6746991505	0.1337349575
3378.4786571587	3.1149716848	0.1557485842
3405.6798919423	2.9267392245	0.1463369612
3407.3827699024	2.8661219915	0.1433060996
3408.9960227067	2.8086951392	0.140434757
3410.609275511	2.7512682869	0.1375634143
3417.8689131303	2.4928474516	0.1246423726
3419.751041402	2.4258494573	0.1212924729
3450.4239735724	2.1104294479	0.1055214724
3498.2626778778	2.7512682869	0.1375634143
3502.7439356675	2.5917492528	0.1295874626
3504.3571884718	2.5343224005	0.12671612
3509.3941222275	2.6670422369	0.1333521118
3551.6792707312	2.4098975539	0.1204948777
3560.9778806449	2.4689195965	0.1234459798
3609.0931455331	2.2382550731	0.1119127537
3610.5181855102	2.6555568664	0.1327778433
3634.0447889062	2.5981300142	0.1299065007
3635.3891662432	2.5502743039	0.1275137152
3649.3706905471	2.0525749174	0.1026287459
3681.0083705425	2.4864666903	0.1243233345
3682.7112485026	2.4258494573	0.1212924729
3684.3245013069	2.368422605	0.1184211303
3685.9377541112	2.3109957527	0.1155497876
3692.5700156399	2.0749075822	0.1037453791
3698.897551639	2.1616859368	0.1080842968
3731.5569584105	2.2471881391	0.112359407
3770.3646508694	2.4258494573	0.1212924729
3813.3175067839	2.0669316305	0.1033465815
3815.8046048572	2.368422605	0.1184211303
3817.4178576615	2.3109957527	0.1155497876
3820.6443632701	2.1961420481	0.1098071024
3822.2576160744	2.1387151958	0.1069357598
3873.9489246787	2.2487833294	0.1124391665
3926.0435464842	2.3444947499	0.1172247375
3953.0655309562	2.162643051	0.1081321525
3954.90284665	2.097240247	0.1048620123
4003.1032554362	2.2535689004	0.112678445
4011.4787262452	2.0334326333	0.1016716317
4080.9158156968	2.2918534686	0.1145926734
4084.6800722402	2.1578574799	0.107892874
4086.2933250445	2.1004306277	0.1050215314
4121.0454792037	2.0334326333	0.1016716317
4126.8935206193	2.2152843322	0.1107642166
4187.7938139816	1.9975408506	0.0998770425
4218.1319292179	2.0876691049	0.1043834552
4224.7104156533	2.1655143936	0.1082757197
4265.0955108542	1.976005781	0.0988002891
4307.2193340775	2.036623014	0.1018311507
4348.8950315219	2.1131921504	0.1056596075
4350.1945962809	2.0669316305	0.1033465815
4355.5452180818	2.1884851345	0.1094242567
4471.1213377364	2.0525749174	0.1026287459
4477.1038168857	2.2296410453	0.1114820523
4478.9411325795	2.1642382413	0.1082119121
4480.0614470269	2.1243584828	0.1062179241
4519.0035772195	2.29823423	0.1149117115
4527.1594663968	2.0079095879	0.1003954794
4606.836229898	2.2918534686	0.1145926734
4608.4494827023	2.2344266163	0.1117213308
4610.0627355066	2.176999764	0.1088499882
4611.5863631551	2.1227632924	0.1061381646
4613.2892411152	2.0621460595	0.103107303
4658.7291951029	2.0047192072	0.1002359604
4660.1631975956	1.9536731162	0.0976836558
4719.4950507315	2.1817853351	0.1090892668
4743.3353421728	2.1131921504	0.1056596075
4744.9485949771	2.0557652981	0.1027882649
4760.4313406405	1.8946510736	0.0947325537
4790.3885489648	1.9983384458	0.0999169223
4792.0914269249	1.9377212128	0.0968860606
4795.4971828451	1.8164867469	0.0908243373
4841.4569627364	1.7405556866	0.0870277843
4876.9664494621	2.036623014	0.1018311507
4886.60115371	1.6936570906	0.0846828545
4892.4491951256	1.8755087895	0.0937754395
4900.7109013686	1.4846625767	0.0742331288
4927.2461618628	1.8069156048	0.0903457802
4931.7274196525	1.6473965707	0.0823698285
4933.8560171026	1.961649068	0.0980824534
4974.1201183432	1.6984426616	0.0849221331
5002.083166951	1.7431079912	0.0871553996
5014.720313918	1.8132963662	0.0906648183
5019.3584157304	2.0382182043	0.1019109102
5024.1981741433	1.8659376475	0.0932968824
5055.5893849603	1.9185789287	0.0959289464
5064.7983697181	1.9807913521	0.0990395676
5102.4812664719	2.1214871402	0.106074357
5144.3182891967	1.8802943605	0.094014718
5161.6607568429	2.0430037754	0.1021501888
5163.2740096472	1.9855769231	0.0992788462
5164.8872624515	1.9281500708	0.0964075035
5203.7397674883	2.1052161987	0.1052608099
5224.1743030094	2.1578574799	0.107892874
5232.1061292972	2.6555568664	0.1327778433
5496.6814535158	2.2699386503	0.1134969325
5559.2827605244	2.7097933381	0.1354896669
5769.6766399245	2.5521472393	0.127607362
5775.1001356772	2.8278374233	0.1413918712
5777.1615142605	2.7544586676	0.1377229334
5781.7144721748	2.9044065597	0.145220328
5897.3712544696	2.765625	0.13828125
5900.6649789451	3.0384025484	0.1519201274
5902.3678569052	2.9777853154	0.1488892658
5906.7594895391	2.8214566619	0.1410728331
5913.3559010056	2.8986638745	0.1449331937
5955.2466988238	2.6555568664	0.1327778433
6033.5790849881	2.9873564574	0.1493678229
6035.1923377924	2.9299296052	0.1464964803
6036.8055905967	2.8725027529	0.1436251376
6038.3292182452	2.8182662813	0.1409133141
6040.0320962053	2.7576490483	0.1378824524
6044.3341036834	2.6045107755	0.1302255388
6085.7409256604	2.690651054	0.1345325527
6121.9494886013	2.961833412	0.1480916706
6123.3610848051	2.5215608778	0.1260780439
6167.7479432122	2.891645037	0.1445822518
6169.3611960165	2.8342181847	0.1417109092
6170.9744488208	2.7767913324	0.1388395666
6172.5877016251	2.7193644801	0.135968224
6186.6812573738	2.6077011562	0.1303850578
6193.559988081	2.4928474516	0.1246423726
6217.6691549897	2.6746991505	0.1337349575
6255.5805958907	2.8852642756	0.1442632138
6258.2693505645	2.7895528551	0.1394776428
6301.62551968	2.4162783152	0.1208139158
6304.247055487	2.7129837187	0.1356491859
6309.2660642115	2.5343224005	0.12671612
6310.8793170158	2.4768955482	0.1238447774
6315.8087005845	2.6134438414	0.1306721921
6323.767414419	2.3301380368	0.1165069018
6392.9759597234	2.6746991505	0.1337349575
6394.5892125277	2.6172722983	0.1308636149
6423.224449804	2.3779937471	0.1188996874
6440.0291665154	2.559845446	0.1279922723
6441.6424193197	2.5024185937	0.1251209297
6446.8406783558	2.3173765141	0.1158688257
6448.2746808485	2.2663304232	0.1133165212
6451.0530606781	2.167428622	0.1083714311
6454.5484417541	2.4330278138	0.1216513907
6550.0530077685	2.0755456583	0.1037772829
6581.1887868915	2.2152843322	0.1107642166
6582.8020396958	2.1578574799	0.107892874
6589.5911452472	2.3062101817	0.1153105091
6631.1996238247	1.9951480651	0.0997574033
6656.4739177587	1.8755087895	0.0937754395
6666.4223100519	2.3014246107	0.1150712305
6669.3799401931	2.1961420481	0.1098071024
6670.72431753	2.1482863379	0.1074143169
6672.7856961133	2.0749075822	0.1037453791
6674.219698606	2.0238614913	0.1011930746
6676.2810771893	1.9504827356	0.0975241368
6763.7552292446	1.9568634969	0.0978431748
6784.7275157004	1.9903624941	0.0995181247
7027.2531872799	1.9377212128	0.0968860606
7035.9916399699	2.0166831347	0.1008341567
7054.8566304861	1.8036809816	0.0901840491
7100.0111373289	2.1963190184	0.1098159509
7114.9065896468	1.9377212128	0.0968860606
7134.1311855647	2.0334326333	0.1016716317
7135.8788761027	1.97122021	0.0985610105
7324.5398290498	2.2759015652	0.1137950783
7363.3549787636	2.8220858896	0.1411042945
7367.0221528963	2.3237572754	0.1161878638
7380.6899891549	2.2272482598	0.111362413
7455.8406822885	2.2822823266	0.1141141163
7457.4539350928	2.2248554743	0.1112427737
7635.0013687213	2.1450959572	0.1072547979
7636.6146215256	2.0876691049	0.1043834552
7638.2278743299	2.0302422526	0.1015121126
7639.7515019784	1.976005781	0.0988002891
7641.4723049697	2.2267697027	0.1113384851
7695.744818061	1.9329356418	0.0966467821
7721.2207685955	2.1961420481	0.1098071024
7733.3873834946	1.7630478705	0.0881523935
7763.0757163515	2.2663304232	0.1133165212
7766.8399728948	2.1323344345	0.1066167217
7768.4532256991	2.0749075822	0.1037453791
7770.0664785034	2.0174807299	0.1008740365
7793.6827070552	1.9568634969	0.0978431748
7794.8926466584	1.9137933577	0.0956896679
7820.1669405924	1.7941540821	0.0897077041
7855.9273777544	2.0812883436	0.1040644172
7857.2717550913	2.0334326333	0.1016716317
8092.376463771	1.7769260264	0.0888463013
8139.7712128363	2.1840490798	0.109202454
8163.7897879079	2.0430037754	0.1021501888
8165.4030407122	1.9855769231	0.0992788462
8167.0162935165	1.9281500708	0.0964075035
8168.6295463208	1.8707232185	0.0935361609
8181.2666932878	1.732898773	0.0866449387
8214.0695003086	1.8132963662	0.0906648183
8251.9809412096	2.0238614913	0.1011930746
8276.5830464751	1.9281500708	0.0964075035
8294.6245903365	1.7539552855	0.0876977643
8299.9303995595	1.8771039799	0.093855199
8389.2866798865	1.8164867469	0.0908243373
8409.541965096	1.8755087895	0.0937754395
8435.2464597778	1.7405556866	0.0870277843
8440.7987381793	1.9329356418	0.0966467821
8471.2040722825	2.0206711106	0.1010335555
8479.5840243493	1.7223705168	0.0861185258
8499.2119334683	1.8037252242	0.0901862612
8516.5544011145	1.966434639	0.0983217319
8566.0274871129	1.765440656	0.0882720328
8825.0441873586	1.905817406	0.0952908703
8853.186486278	1.6840859486	0.0842042974
8898.7608779994	1.6218735252	0.0810936763
9184.3569608306	2	0.1
9198.4892873997	1.4969325153	0.0748466258
9217.2749410099	1.8282208589	0.0914110429
