2969.4488050873 3.5973548635 0.1798677432
3078.7276623245 3.2774279123 0.1638713956
3153.793214354 3.6306420607 0.181532103
3207.6127083989 3.2607843137 0.1630392157
3446.9180184298 3.2164013841 0.1608200692
3448.1533383602 3.5326297578 0.1766314879
3449.5186919675 3.8821453287 0.1941072664
3631.4141336528 3.2885236448 0.1644261822
3632.4544030679 3.5548212226 0.1777410611
3633.675274812 3.8673510188 0.1933675509
3800.535314604 3.4668479156 0.1733423958
3813.2662307792 2.6838062284 0.1341903114
3817.716272166 3.8229680892 0.1911484045
3826.7536127096 2.9926374471 0.1496318724
3907.6995765718 3.2792772011 0.1639638601
3941.9237179191 2.6089100346 0.1304455017
4001.3382721167 3.6713264129 0.1835663206
4012.281870243 2.9360029796 0.146800149
4073.8103747016 3.3606459054 0.1680322953
4148.550842539 3.6306420607 0.181532103
4164.3761216184 2.9660539216 0.1483026961
4282.2868671706 3.2839004229 0.1641950211
4441.5239406584 3.1775663206 0.158878316
4442.542537794 3.4383160323 0.1719158016
4625.8105571798 3.196059208 0.1598029604
4626.7785856633 3.4438638985 0.1721931949
4743.3336527329 3.6392280442 0.1819614022
4809.952691838 3.1775663206 0.158878316
4813.3552397165 4.0485813149 0.2024290657
4892.4518357296 3.337838011 0.1668919006
4922.5943644413 3.7184832757 0.1859241638
4962.1137660752 4.403644752 0.2201822376
4997.4757020953 4.0245405613 0.2012270281
5012.6968663842 3.2053056517 0.1602652826
5039.7041386643 3.5169108035 0.1758455402
5145.6346287216 4.2261130334 0.2113056517
5153.9098274368 3.9866301423 0.1993315071
5217.4999074811 3.7600922722 0.1880046136
5289.6685981533 3.3717416378 0.1685870819
5292.4859944859 4.0929642445 0.2046482122
5401.4614398103 3.6953671665 0.1847683583
5485.947209321 3.3162629758 0.1658131488
5594.5433897545 3.6075259516 0.1803762976
5600.7132168193 4.0080125433 0.2004006272
5657.6566796502 3.258935025 0.1629467512
5699.1013021113 4.4369319493 0.2218465975
5769.579554984 3.6158477509 0.1807923875
5770.6631689581 3.8932410611 0.1946620531
5771.7034383732 4.159538639 0.2079769319
5848.2475214695 3.3193451237 0.1659672562
5883.4746077506 4.4776163014 0.2238808151
5952.6236274818 3.3162629758 0.1658131488
5963.3965564073 3.7161716647 0.1858085832
5963.8510722686 4.0945053185 0.2047252659
5977.8357126116 3.4826989619 0.1741349481
6032.4173484849 4.8798366013 0.2439918301
6072.9976598 4.489240402 0.2244620201
6123.9275165807 4.0533366288 0.2026668314
6216.7509216118 4.9103498654 0.2455174933
6264.3643176241 4.5236944124 0.2261847206
6337.0898654775 4.277893118 0.2138946559
6400.89305627 4.8918569781 0.2445928489
6448.8646469015 4.5968954248 0.2298447712
6507.7084977395 3.9413225682 0.1970661284
6524.8466267492 4.2864791014 0.2143239551
6547.8527834317 4.7864475202 0.239322376
6595.9807240795 3.6332839018 0.1816641951
6691.8831408169 3.9311514802 0.196557574
6717.7514144087 4.2655645265 0.2132782263
6745.8832371908 3.6075259516 0.1803762976
6871.1361124255 4.0084253309 0.2004212665
6877.824074672 4.3731314879 0.2186565744
6887.8186075594 3.7878316032 0.1893915802
6952.9727037729 4.7476124567 0.2373806228
7059.9470752919 3.8377623991 0.19188812
7062.3093537554 4.4424798155 0.2221239908
7073.25204887 4.0998990773 0.2049949539
7136.8376138561 4.6581531142 0.2329076557
7170.4973729253 3.8433102653 0.1921655133
7250.0278660338 4.1605788639 0.2080289432
7310.8253825657 5.1840445982 0.2592022299
7324.3705572415 5.5076701269 0.2753835063
7345.3806281829 4.5984364988 0.2299218249
7371.5438855788 5.0083621684 0.2504181084
7504.9548260182 4.5784025375 0.2289201269
7508.1587113348 5.3985620915 0.2699281046
7531.4401575674 5.0707756632 0.2535387832
7674.3688407457 4.3264369473 0.2163218474
7705.6710944129 4.7606895699 0.2380344785
7715.4107200131 5.0083621684 0.2504181084
7810.0945010352 4.0960463924 0.2048023196
7817.3065540403 4.3703575548 0.2185178777
7836.6490634772 4.6061418685 0.2303070934
7837.8952195474 4.9251441753 0.2462572088
7845.5888787632 3.7508458285 0.1875422914
7868.6770805038 3.3735909266 0.1686795463
8017.0382817386 3.6269434833 0.1813471742
8018.1218957127 3.9043367935 0.1952168397
8052.5808200877 3.294071511 0.1647035755
8146.2917565642 3.7046136101 0.1852306805
8147.3753705383 3.9820069204 0.199100346
8198.847034306 3.0111303345 0.1505565167
8218.4062665378 3.3023933103 0.1651196655
8327.7970972189 3.0111303345 0.1505565167
8429.9618280471 3.4898906404 0.174494532
8545.6637067808 3.766256568 0.1883128284
8605.7681618752 3.4333845957 0.1716692298
8662.5254538053 3.8155709343 0.1907785467
8748.5644033455 2.2621683968 0.1131084198
8762.3082405831 2.6366493656 0.1318324683
8801.5170062111 3.2422914264 0.1621145713
8895.9359038173 2.2621683968 0.1131084198
8934.6534311104 2.7420588235 0.1371029412
8973.3059415651 3.2053056517 0.1602652826
9084.195771577 3.2977700884 0.1648885044
9118.1634576171 2.5617531719 0.1280876586
9119.4276739202 2.8853787005 0.144268935
9167.1042807476 3.5628348071 0.1781417404
9197.2239331643 3.9376239908 0.1968811995
9246.8101086172 2.484083045 0.1242041522
9266.8569671373 2.9001730104 0.1450086505
9343.4197124743 3.6366522491 0.1818326125
9369.023704658 3.9034121492 0.1951706075
9433.0773306801 4.5814846854 0.2290742343
9447.2786938179 3.5011918493 0.1750595925
9453.422183043 5.0738578111 0.2536928906
9498.6564443745 5.6500653595 0.282503268
9510.1373344297 3.8733612072 0.1936680604
9515.8998387417 6.0221686714 0.3011084336
9546.6822157048 5.3689734717 0.2684486736
9588.6696771663 4.4403663426 0.2220183171
9619.8035836626 4.8315239331 0.2415761967
9666.2012249968 5.1553806228 0.2577690311
9683.5065401625 5.8128027682 0.2906401384
9684.5901541365 6.0901960784 0.3045098039
9685.6882162969 6.3712879662 0.3185643983
9714.7146226153 4.3703575548 0.2185178777
9715.7982365894 4.6477508651 0.2323875433
9719.4030590764 5.5705459439 0.2785272972
9799.5832690635 7.2330565167 0.3616528258
9810.3164654766 5.2649509804 0.263247549
9830.8539603238 5.8066384724 0.2903319236
9848.4664499507 6.7784782295 0.3389239115
9869.0031922883 6.1410515186 0.3070525759
9882.4520457218 6.4400198642 0.3220009932
9983.1474762689 7.0666205306 0.3533310265
10014.2833177902 5.6056824298 0.2802841215
10018.7911519222 6.7596386005 0.33798193
10044.7631213513 6.3346489331 0.3167324467
10064.4209323543 5.8651992823 0.2932599641
10108.6083021853 6.1734140715 0.3086707036
10161.7776278457 5.6371203383 0.2818560169
10162.6806394908 5.8682814302 0.2934140715
10175.413103686 4.4119665513 0.2205983276
10194.5172180486 4.5867243368 0.2293362168
10229.2145374979 4.0374855825 0.2018742791
10264.757075847 3.7046136101 0.1852306805
10336.0949958058 3.1035947712 0.1551797386
10337.0883086154 3.3578719723 0.1678935986
10341.0796200865 4.3796039985 0.2189801999
10376.5860379698 4.0374855825 0.2018742791
10408.9752596544 2.8973990773 0.1448699539
10430.0443273566 3.5751633987 0.1787581699
10520.68502424 3.1997577855 0.1599878893
10599.3499806867 2.9024846213 0.1451242311
10664.3650131068 2.2547712418 0.1127385621
10665.3258174972 2.5007266436 0.1250363322
10704.8488311776 3.1868127643 0.1593406382
10776.8296954277 2.7503806228 0.1375190311
10849.2274930545 2.4206788598 0.121033943
10892.689701534 2.2288811995 0.11144406
10960.5672808689 2.6283275663 0.1314163783
11036.5688689694 1.8738177624 0.0936908881
11074.0406271973 2.2032223183 0.1101611159
11150.5302285911 2.5280036524 0.1264001826
11220.8296851581 1.8857060471 0.0942853024
11253.3778368922 2.1336428297 0.1066821415
11292.0231232537 2.5950403691 0.1297520185
11418.2822114643 1.9061803153 0.0953090158
12139.6259737616 2.6505190311 0.1325259516
12174.865100198 2.2399769319 0.1119988466
12287.1058356309 2.6782583622 0.1339129181
12303.7934908314 2.2344290657 0.1117214533
12407.3087257421 3.0589036268 0.1529451813
12511.3344632361 3.4900961169 0.1745048058
12512.6203518186 3.8192695117 0.1909634756
12514.036274078 4.1817301038 0.2090865052
12579.3986649777 3.0989715494 0.1549485775
12643.0730261088 4.2039215686 0.2101960784
12695.5777351985 3.4974932718 0.1748746636
12696.9647610853 3.852556709 0.1926278354
12712.2978988182 3.0619857747 0.1530992887
13250.9323049341 2.0957324106 0.1047866205
13281.104934034 2.484083045 0.1242041522
13410.0549969469 2.484083045 0.1242041522
13413.2787485197 2.1304065744 0.1065203287
13628.9992004052 1.94316609 0.0971583045
13656.6413902064 2.2077171173 0.1103858559
13776.6054839048 2.0032679739 0.1001633987
13796.5801014933 2.4008650519 0.1200432526
14237.3148011152 2.0476509035 0.1023825452
14246.8337478695 2.3885364603 0.119426823
14272.5033588994 1.6241637832 0.0812081892
14408.1447381021 2.1581459054 0.1079072953
14419.8748593712 1.6241637832 0.0812081892
14423.2629590635 2.4914801999 0.12457401
14525.9245469657 2.0495001922 0.1024750096
14551.8951618773 2.4101114956 0.1205055748
