68.1663939901 0.4258970509 0.0340717641
68.8004177854 0.4273475773 0.0341878062
70.0470490057 0.4163056818 0.0333044545
71.0876550932 0.4330222538 0.0346417803
72.0674814103 0.4312002841 0.0344960227
72.9970094589 0.4220448864 0.0337635909
74.0486017132 0.4321568182 0.0345725455
75.0344257786 0.449306108 0.0359444886
76.045583375 0.4774897017 0.0381991761
77.0081831499 0.4561384943 0.0364910795
78.0548498377 0.4566753247 0.036534026
79.0683740907 0.4553413826 0.0364273106
79.9795530411 0.4706914773 0.0376553182
80.9438900278 0.4913252841 0.0393060227
81.9528316277 0.5473508523 0.0437880682
82.9783689389 0.605084517 0.0484067614
83.8811562177 0.5898482955 0.0471878636
84.9384680075 0.5237107955 0.0418968636
86.0173898072 0.5498560606 0.0439884848
86.7975499849 0.5694422348 0.0455553788
