55806.6530612245 0.0261632653 0.0026163265
55807.6786799826 0.0220816327 0.0022081633
55808.6362136344 0.042 0.0042
55810.6574033869 0.0220816327 0.0022081633
55811.6382110291 0.020122449 0.0020122449
55812.651150673 0.0279591837 0.0027959184
55813.6222318715 0.0351428571 0.0035142857
55814.6582718194 0.0212653061 0.0021265306
55816.6490664351 0.0299183673 0.0029918367
55817.622405558 0.0349795918 0.0034979592
55818.6158923144 0.0211020408 0.0021102041
55819.6189318281 0.038244898 0.0038244898
55820.6190186713 0.0181632653 0.0018163265
55822.6009552757 0.0351428571 0.0035142857
55823.6064264003 0.05 0.005
55824.6032132002 0.0330204082 0.0033020408
55825.5840208424 0.0310612245 0.0031061224
55826.6042553191 0.0320408163 0.0032040816
