54435.3996163683 0.4747561379 0.0094951228
54436.3814737852 0.5123406602 0.0102468132
54438.4414961637 0.4589492937 0.0091789859
54439.4137627877 0.4042198598 0.0080843972
54441.4965632992 0.5866544279 0.0117330886
54442.4992007673 0.9832117473 0.0196642349
54443.4802589514 1.0432354899 0.0208647098
54444.4637148338 1.1645991548 0.0232919831
54445.4311860614 0.9266415392 0.0185328308
54446.512547954 0.8230783466 0.0164615669
54447.595508312 0.7562692993 0.015125386
54448.35717711 0.7691825299 0.0153836506
54449.5516304348 0.7498942093 0.0149978842
54450.411205243 0.6068596123 0.0121371922
54452.4748241688 0.5866544279 0.0117330886
54453.5585837596 0.5482398352 0.0109647967
54454.4269501279 0.5344919596 0.0106898392
54455.4012148338 0.4911073915 0.0098221478
54456.4853740409 0.4628509681 0.0092570194
54457.4660326087 0.4869675252 0.0097393505
54459.5360453964 0.5390358463 0.0107807169
54460.4096067775 0.5866544279 0.0117330886
54461.5001598466 0.6330974849 0.0126619497
54462.4812180307 0.671747227 0.0134349445
54463.4562819693 0.627760691 0.0125552138
54464.4309462916 0.5817091329 0.0116341827
54465.4076086956 0.5623413252 0.0112468265
54466.3842710997 0.543618362 0.0108723672
54467.4684303069 0.5123406602 0.0102468132
54468.5517902813 0.4747561379 0.0094951228
54469.4237531969 0.4994930063 0.0099898601
54470.3956202046 0.4362203103 0.0087244062
54471.4781809463 0.3974337146 0.0079486743
54472.3473465473 0.3940834852 0.0078816697
54473.3248081841 0.387467512 0.0077493502
54475.4971227621 0.374566913 0.0074913383
54476.4741847826 0.3651741273 0.0073034825
54477.4492487212 0.3412622386 0.0068252448
54478.3188139386 0.3412622386 0.0068252448
54480.2729379795 0.3243615834 0.0064872317
54481.363890665 0.3530157789 0.0070603156
54482.4536445013 0.374566913 0.0074913383
54483.4267103581 0.3355330419 0.0067106608
54484.4101662404 0.374566913 0.0074913383
54485.3860294118 0.3560168787 0.0071203376
54487.5595428389 0.3530157789 0.0070603156
54488.4271099744 0.3383855153 0.0067677103
54489.4049712276 0.3355330419 0.0067106608
54490.5003196931 0.4008124254 0.0080162485
54491.3602941176 0.3271190847 0.0065423817
54492.4556425831 0.390761497 0.0078152299
