50409.898	0.420	0.009	0.013	0.22	0.004	0.006
50412.891	0.421	0.014	0.013	-0.06	0.004	0.006
50413.930	1.424	0.012	0.013	0.09	0.004	0.006
50416.922	1.426	0.019	0.022	0.09	0.004	0.006
50423.902	1.422	0.018	0.019	0.05	0.004	0.006
50424.899	1.420	0.014	0.009	-0.34	0.004	0.006
50425.896	1.425	0.010	0.018	0.43	0.004	0.006
50427.850	0.417	0.019	0.018	-0.05	0.004	0.006
50428.847	0.419	0.020	0.017	-0.12	0.004	0.006
50429.845	0.423	0.018	0.024	0.24	0.004	0.006
50430.842	0.420	0.008	0.022	0.76	0.004	0.006
50431.839	0.424	0.019	0.016	-0.15	0.004	0.006
50433.833	0.423	0.021	0.023	0.09	0.004	0.006
50435.828	0.422	0.012	0.018	0.34	0.004	0.006
50436.825	0.417	0.015	0.019	0.19	0.004	0.006
50437.822	0.423	0.015	0.014	-0.04	0.004	0.006
50438.819	0.420	0.018	0.008	-0.60	0.004	0.006
50439.816	0.420	0.016	0.008	-0.56	0.004	0.006
50440.814	0.419	0.020	0.003	-1.38	0.004	0.006
50443.806	0.422	0.012	0.019	0.37	0.004	0.006
50444.804	0.423	0.005	0.003	-0.31	0.004	0.006
50445.801	0.421	0.019	0.019	-0.02	0.004	0.006
50446.798	0.423	0.026	0.009	-0.86	0.004	0.006
50454.775	0.417	0.011	0.013	0.15	0.004	0.006
50456.771	0.418	0.016	0.018	0.06	0.004	0.006
50457.768	0.421	0.019	0.020	0.03	0.004	0.006
50458.765	0.420	0.014	0.015	0.07	0.004	0.006
50459.762	0.418	0.017	0.027	0.36	0.004	0.006
50460.760	0.421	0.017	0.016	-0.01	0.004	0.006
50461.757	0.418	0.015	0.014	-0.09	0.004	0.006
50463.751	0.418	0.019	0.027	0.26	0.004	0.006
50464.749	0.422	0.021	0.014	-0.28	0.004	0.006
50466.743	0.423	0.012	0.015	0.19	0.004	0.006
50467.740	0.422	0.018	0.018	0.01	0.004	0.006
50468.737	0.423	0.018	0.019	0.02	0.004	0.006
50470.732	0.419	0.015	0.007	-0.55	0.004	0.006
50471.729	0.424	0.016	0.013	-0.17	0.004	0.006
50473.724	0.419	0.017	0.021	0.19	0.004	0.006
50474.722	0.423	0.006	0.010	0.45	0.004	0.006
50475.719	0.421	0.016	0.019	0.13	0.004	0.006
50476.716	0.417	0.013	0.009	-0.32	0.004	0.006
50477.713	0.419	0.013	0.016	0.19	0.004	0.006
50478.710	0.422	0.011	0.013	0.09	0.004	0.006
50479.708	0.421	0.012	0.016	0.24	0.004	0.006
50480.705	0.417	0.019	0.019	0.01	0.004	0.006
50481.702	0.424	0.012	0.008	-0.38	0.004	0.006
50482.699	0.418	0.012	0.019	0.37	0.004	0.006
50484.704	0.660	0.013	0.015	0.11	0.004	0.006
50485.701	0.666	0.013	0.014	0.02	0.004	0.006
50489.681	0.421	0.014	0.014	0.00	0.004	0.006
50491.675	0.417	0.015	0.012	-0.17	0.004	0.006
50493.670	0.423	0.015	0.004	-1.00	0.004	0.006
50494.667	0.419	0.011	0.012	0.05	0.004	0.006
50495.664	0.421	0.012	0.013	0.04	0.004	0.006
50496.661	0.420	0.011	0.013	0.09	0.004	0.006
50498.655	0.420	0.018	0.019	0.02	0.004	0.006
50499.652	0.412	0.013	0.007	-0.52	0.004	0.006
50500.650	0.417	0.008	0.012	0.30	0.004	0.006
50501.647	0.412	0.016	0.020	0.19	0.004	0.006
50502.645	0.414	0.015	0.020	0.22	0.004	0.006
50503.642	0.415	0.019	0.016	-0.11	0.004	0.006
50505.637	0.423	0.017	0.023	0.24	0.004	0.006
50505.774	3.747	0.011	0.016	0.28	0.004	0.006
50506.634	0.421	0.016	0.017	0.05	0.004	0.006
50506.772	3.746	0.007	0.009	0.27	0.004	0.006
50507.631	0.419	0.012	0.017	0.25	0.004	0.006
50507.770	3.749	0.012	0.018	0.29	0.004	0.006
50508.629	0.424	0.009	0.009	-0.01	0.004	0.006
50508.767	3.748	0.007	0.010	0.33	0.004	0.006
50509.626	0.420	0.012	0.014	0.08	0.004	0.006
50509.764	3.748	0.007	0.006	-0.13	0.004	0.006
50510.623	0.424	0.013	0.013	-0.02	0.004	0.006
50510.762	3.749	0.012	0.010	-0.11	0.004	0.006
50512.617	0.424	0.012	0.012	0.03	0.004	0.006
50512.756	3.749	0.007	0.013	0.52	0.004	0.006
50513.615	0.421	0.011	0.012	0.09	0.004	0.006
50513.753	3.747	0.007	0.011	0.35	0.004	0.006
50515.609	0.420	0.015	0.018	0.12	0.004	0.006
50515.748	3.753	0.011	0.016	0.27	0.004	0.006
50516.606	0.420	0.014	0.010	-0.26	0.004	0.006
50516.745	3.750	0.011	0.015	0.25	0.004	0.006
50517.604	0.422	0.013	0.011	-0.13	0.004	0.006
50517.742	3.750	0.010	0.011	0.03	0.004	0.006
50519.599	0.420	0.015	0.007	-0.56	0.004	0.006
50519.736	3.747	0.010	0.008	-0.16	0.004	0.006
50520.596	0.423	0.009	0.016	0.41	0.004	0.006
50520.734	3.749	0.013	0.011	-0.10	0.004	0.006
50521.593	0.420	0.009	0.011	0.14	0.004	0.006
50521.731	3.750	0.017	0.022	0.18	0.004	0.006
50522.590	0.422	0.019	0.018	0.00	0.004	0.006
50522.729	3.749	0.033	0.051	0.33	0.004	0.006
50523.587	0.417	0.013	0.010	-0.20	0.004	0.006
50523.726	3.746	0.010	0.014	0.25	0.004	0.006
50524.585	0.423	0.018	0.011	-0.37	0.004	0.006
50524.723	3.750	0.013	0.015	0.12	0.004	0.006
50526.496	-1.585	0.014	0.011	-0.20	0.004	0.006
50526.548	-0.329	0.016	0.015	-0.08	0.004	0.006
50526.579	0.423	0.013	0.014	0.03	0.004	0.006
50526.621	1.422	0.012	0.025	0.58	0.004	0.006
50526.683	2.915	0.018	0.018	0.01	0.004	0.006
50526.718	3.746	0.011	0.011	0.01	0.004	0.006
50527.493	-1.583	0.011	0.011	-0.01	0.004	0.006
50527.546	-0.323	0.006	0.018	0.84	0.004	0.006
50527.576	0.420	0.019	0.010	-0.50	0.004	0.006
50527.619	1.436	0.016	0.010	-0.36	0.004	0.006
50527.680	2.914	0.014	0.015	0.08	0.004	0.006
50527.715	3.749	0.007	0.013	0.51	0.004	0.006
50528.490	-1.587	0.015	0.010	-0.25	0.004	0.006
50528.543	-0.326	0.012	0.004	-0.88	0.004	0.006
50528.574	0.424	0.013	0.010	-0.21	0.004	0.006
50528.615	1.426	0.010	0.007	-0.26	0.004	0.006
50528.678	2.916	0.016	0.018	0.05	0.004	0.006
50528.712	3.750	0.007	0.009	0.17	0.004	0.006
50529.487	-1.587	0.011	0.011	-0.01	0.004	0.006
50529.540	-0.325	0.015	0.015	-0.03	0.004	0.006
50529.571	0.421	0.014	0.015	0.03	0.004	0.006
50529.613	1.425	0.010	0.009	-0.06	0.004	0.006
50529.675	2.916	0.007	0.017	0.67	0.004	0.006
50529.710	3.751	0.012	0.018	0.27	0.004	0.006
50530.485	-1.584	0.004	0.009	0.62	0.004	0.006
50530.537	-0.324	0.007	0.016	0.64	0.004	0.006
50530.568	0.424	0.015	0.012	-0.18	0.004	0.006
50530.610	1.426	0.013	0.012	-0.02	0.004	0.006
50530.672	2.918	0.011	0.011	0.03	0.004	0.006
50530.707	3.750	0.009	0.014	0.34	0.004	0.006
50533.477	-1.586	0.008	0.011	0.26	0.004	0.006
50533.529	-0.321	0.008	0.010	0.18	0.004	0.006
50533.560	0.417	0.009	0.008	-0.10	0.004	0.006
50533.602	1.421	0.008	0.013	0.42	0.004	0.006
50533.664	2.915	0.006	0.010	0.39	0.004	0.006
50533.698	3.749	0.010	0.004	-0.67	0.004	0.006
50535.472	-1.586	0.009	0.014	0.38	0.004	0.006
50535.523	-0.325	0.012	0.012	0.01	0.004	0.006
50535.555	0.417	0.013	0.020	0.33	0.004	0.006
50535.597	1.422	0.013	0.012	-0.03	0.004	0.006
50535.658	2.915	0.015	0.015	0.01	0.004	0.006
50535.693	3.747	0.008	0.012	0.35	0.004	0.006
50536.469	-1.584	0.014	0.018	0.19	0.004	0.006
50536.521	-0.324	0.010	0.011	0.04	0.004	0.006
50536.552	0.419	0.012	0.009	-0.19	0.004	0.006
50536.594	1.426	0.007	0.007	-0.07	0.004	0.006
50536.655	2.915	0.011	0.007	-0.35	0.004	0.006
50536.690	3.751	0.006	0.011	0.47	0.004	0.006
50537.466	-1.583	0.011	0.004	-0.76	0.004	0.006
50537.519	-0.325	0.011	0.013	0.15	0.004	0.006
50537.549	0.418	0.012	0.009	-0.16	0.004	0.006
50537.591	1.423	0.010	0.013	0.18	0.004	0.006
50537.653	2.915	0.012	0.011	-0.06	0.004	0.006
50537.688	3.749	0.013	0.005	-0.69	0.004	0.006
50538.463	-1.586	0.010	0.007	-0.27	0.004	0.006
50539.461	-1.586	0.010	0.004	-0.72	0.004	0.006
50539.513	-0.326	0.009	0.009	-0.05	0.004	0.006
50539.544	0.421	0.018	0.006	-0.80	0.004	0.006
50539.586	1.422	0.012	0.008	-0.24	0.004	0.006
50539.647	2.915	0.014	0.012	-0.13	0.004	0.006
50539.683	3.750	0.013	0.010	-0.14	0.004	0.006
50540.458	-1.586	0.009	0.014	0.33	0.004	0.006
50540.510	-0.329	0.013	0.008	-0.32	0.004	0.006
50540.541	0.418	0.008	0.013	0.39	0.004	0.006
50540.583	1.422	0.016	0.011	-0.26	0.004	0.006
50540.645	2.913	0.009	0.010	0.02	0.004	0.006
50540.680	3.746	0.015	0.012	-0.16	0.004	0.006
50541.455	-1.584	0.013	0.013	0.02	0.004	0.006
50541.508	-0.324	0.010	0.011	0.03	0.004	0.006
50541.538	0.422	0.010	0.020	0.54	0.004	0.006
50541.580	1.422	0.014	0.009	-0.30	0.004	0.006
50541.642	2.915	0.013	0.016	0.19	0.004	0.006
50541.677	3.747	0.009	0.014	0.30	0.004	0.006
50542.452	-1.584	0.017	0.013	-0.20	0.004	0.006
50542.505	-0.325	0.015	0.017	0.09	0.004	0.006
50542.535	0.420	0.014	0.013	-0.09	0.004	0.006
50542.577	1.421	0.018	0.014	-0.20	0.004	0.006
50542.640	2.916	0.015	0.009	-0.39	0.004	0.006
50542.674	3.748	0.010	0.009	-0.07	0.004	0.006
50543.449	-1.585	0.006	0.014	0.61	0.004	0.006
50543.502	-0.327	0.012	0.007	-0.39	0.004	0.006
50543.533	0.424	0.012	0.008	-0.32	0.004	0.006
50543.574	1.423	0.010	0.018	0.48	0.004	0.006
50543.637	2.917	0.016	0.008	-0.53	0.004	0.006
50543.671	3.746	0.014	0.003	-1.13	0.004	0.006
50544.447	-1.584	0.011	0.021	0.47	0.004	0.006
50544.499	-0.328	0.010	0.014	0.28	0.004	0.006
50544.530	0.423	0.014	0.016	0.09	0.004	0.006
50544.572	1.424	0.009	0.014	0.32	0.004	0.006
50544.634	2.913	0.013	0.022	0.39	0.004	0.006
50544.669	3.749	0.012	0.007	-0.39	0.004	0.006
50545.444	-1.586	0.018	0.017	-0.06	0.004	0.006
50545.496	-0.327	0.015	0.014	-0.07	0.004	0.006
50545.527	0.420	0.016	0.018	0.07	0.004	0.006
50545.569	1.421	0.018	0.022	0.15	0.004	0.006
50545.631	2.913	0.012	0.009	-0.23	0.004	0.006
50545.666	3.747	0.008	0.014	0.47	0.004	0.006
50546.441	-1.585	0.014	0.009	-0.32	0.004	0.006
50546.494	-0.326	0.010	0.011	0.05	0.004	0.006
50546.665	3.809	0.008	0.006	-0.25	0.004	0.006
50547.438	-1.584	0.017	0.011	-0.34	0.004	0.006
50547.491	-0.324	0.015	0.012	-0.21	0.004	0.006
50547.522	0.423	0.016	0.014	-0.14	0.004	0.006
50547.563	1.421	0.009	0.014	0.31	0.004	0.006
50547.626	2.912	0.015	0.004	-0.91	0.004	0.006
50547.660	3.747	0.012	0.005	-0.63	0.004	0.006
50548.657	3.746	0.007	0.012	0.35	0.004	0.006
50549.433	-1.588	0.011	0.010	-0.05	0.004	0.006
50549.485	-0.329	0.006	0.012	0.50	0.004	0.006
50549.517	0.419	0.012	0.023	0.46	0.004	0.006
50549.559	1.423	0.011	0.011	-0.04	0.004	0.006
50549.620	2.914	0.014	0.008	-0.41	0.004	0.006
50549.654	3.746	0.008	0.006	-0.14	0.004	0.006
50550.431	-1.584	0.009	0.005	-0.36	0.004	0.006
50550.482	-0.325	0.009	0.012	0.19	0.004	0.006
50550.514	0.420	0.008	0.008	-0.02	0.004	0.006
50550.556	1.426	0.015	0.011	-0.27	0.004	0.006
50550.617	2.915	0.009	0.020	0.64	0.004	0.006
50550.652	3.748	0.006	0.012	0.52	0.004	0.006
50551.428	-1.587	0.018	0.009	-0.55	0.004	0.006
50551.480	-0.327	0.011	0.008	-0.25	0.004	0.006
50551.511	0.421	0.014	0.016	0.10	0.004	0.006
50551.553	1.422	0.013	0.017	0.24	0.004	0.006
50551.614	2.912	0.013	0.015	0.13	0.004	0.006
50551.649	3.745	0.011	0.019	0.42	0.004	0.006
50552.648	3.785	0.010	0.015	0.29	0.004	0.006
50553.422	-1.585	0.014	0.011	-0.20	0.004	0.006
50553.475	-0.327	0.011	0.018	0.38	0.004	0.006
50553.506	0.418	0.014	0.013	-0.06	0.004	0.006
50554.641	3.746	0.010	0.007	-0.26	0.004	0.006
50555.542	1.421	0.008	0.019	0.65	0.004	0.006
50555.639	3.750	0.005	0.014	0.75	0.004	0.006
50556.414	-1.583	0.015	0.015	-0.04	0.004	0.006
50556.466	-0.330	0.011	0.011	-0.03	0.004	0.006
50556.497	0.419	0.014	0.014	0.00	0.004	0.006
50556.539	1.420	0.013	0.011	-0.18	0.004	0.006
50556.636	3.746	0.004	0.016	1.09	0.004	0.006
50557.411	-1.587	0.014	0.011	-0.21	0.004	0.006
50557.464	-0.325	0.008	0.010	0.16	0.004	0.006
50557.495	0.420	0.011	0.013	0.13	0.004	0.006
50557.536	1.424	0.010	0.015	0.32	0.004	0.006
50557.633	3.750	0.010	0.017	0.38	0.004	0.006
50558.408	-1.586	0.014	0.016	0.08	0.004	0.006
50558.461	-0.326	0.012	0.015	0.18	0.004	0.006
50558.492	0.420	0.008	0.013	0.35	0.004	0.006
50558.533	1.422	0.016	0.013	-0.13	0.004	0.006
50558.630	3.748	0.015	0.009	-0.39	0.004	0.006
50559.406	-1.586	0.012	0.006	-0.48	0.004	0.006
50559.458	-0.328	0.008	0.009	0.10	0.004	0.006
50559.489	0.416	0.015	0.007	-0.55	0.004	0.006
50559.533	1.471	0.010	0.011	0.02	0.004	0.006
50559.628	3.750	0.008	0.011	0.26	0.004	0.006
50560.403	-1.585	0.014	0.018	0.20	0.004	0.006
50560.455	-0.326	0.011	0.018	0.37	0.004	0.006
50560.486	0.422	0.014	0.011	-0.14	0.004	0.006
50561.622	3.748	0.013	0.017	0.20	0.004	0.006
50562.397	-1.586	0.014	0.010	-0.27	0.004	0.006
50562.450	-0.324	0.010	0.013	0.20	0.004	0.006
50562.480	0.417	0.009	0.015	0.35	0.004	0.006
50562.523	1.436	0.013	0.015	0.11	0.004	0.006
50562.619	3.748	0.004	0.012	0.81	0.004	0.006
50563.395	-1.586	0.013	0.012	-0.02	0.004	0.006
50563.447	-0.324	0.011	0.015	0.20	0.004	0.006
50563.479	0.418	0.013	0.015	0.13	0.004	0.006
50563.521	1.436	0.014	0.014	-0.03	0.004	0.006
50563.616	3.748	0.018	0.009	-0.49	0.004	0.006
50564.393	-1.584	0.010	0.010	0.01	0.004	0.006
50564.444	-0.327	0.016	0.009	-0.47	0.004	0.006
50564.476	0.419	0.011	0.015	0.21	0.004	0.006
50564.518	1.436	0.012	0.016	0.21	0.004	0.006
50564.614	3.749	0.016	0.012	-0.23	0.004	0.006
50565.390	-1.585	0.016	0.015	-0.05	0.004	0.006
50565.442	-0.323	0.015	0.014	-0.04	0.004	0.006
50565.473	0.418	0.014	0.017	0.14	0.004	0.006
50565.516	1.441	0.016	0.013	-0.14	0.004	0.006
50565.611	3.748	0.013	0.016	0.18	0.004	0.006
50566.387	-1.586	0.014	0.017	0.13	0.004	0.006
50566.439	-0.327	0.013	0.022	0.43	0.004	0.006
50566.471	0.424	0.016	0.021	0.22	0.004	0.006
50566.513	1.438	0.010	0.025	0.68	0.004	0.006
50566.608	3.750	0.010	0.018	0.46	0.004	0.006
50567.384	-1.588	0.016	0.012	-0.23	0.004	0.006
50567.467	0.411	0.014	0.014	0.02	0.004	0.006
50568.603	3.746	0.019	0.013	-0.31	0.004	0.006
50569.379	-1.586	0.014	0.010	-0.25	0.004	0.006
50569.462	0.413	0.016	0.016	0.01	0.004	0.006
50569.601	3.747	0.015	0.015	0.00	0.004	0.006
50570.376	-1.586	0.017	0.009	-0.44	0.004	0.006
50570.459	0.414	0.019	0.025	0.19	0.004	0.006
50570.598	3.747	0.011	0.023	0.58	0.004	0.006
50571.373	-1.587	0.016	0.009	-0.46	0.004	0.006
50571.456	0.414	0.017	0.014	-0.15	0.004	0.006
50571.595	3.750	0.012	0.015	0.18	0.004	0.006
50572.370	-1.586	0.014	0.020	0.27	0.004	0.006
50572.453	0.414	0.024	0.027	0.07	0.004	0.006
50572.592	3.746	0.011	0.013	0.13	0.004	0.006
50573.367	-1.586	0.016	0.016	0.00	0.004	0.006
50573.451	0.413	0.021	0.014	-0.28	0.004	0.006
50573.589	3.748	0.017	0.017	0.00	0.004	0.006
50574.365	-1.585	0.011	0.009	-0.19	0.004	0.006
50574.448	0.415	0.016	0.018	0.09	0.004	0.006
50575.362	-1.587	0.011	0.014	0.19	0.004	0.006
50575.445	0.412	0.014	0.009	-0.27	0.004	0.006
50575.584	3.748	0.007	0.026	1.04	0.004	0.006
50576.359	-1.585	0.011	0.018	0.40	0.004	0.006
50576.442	0.414	0.019	0.009	-0.58	0.004	0.006
50576.581	3.753	0.012	0.015	0.14	0.004	0.006
50577.356	-1.588	0.009	0.008	-0.06	0.004	0.006
50577.439	0.412	0.015	0.009	-0.39	0.004	0.006
50577.578	3.748	0.008	0.008	0.04	0.004	0.006
50578.354	-1.585	0.014	0.016	0.11	0.004	0.006
50578.438	0.414	0.014	0.016	0.11	0.004	0.006
50578.575	3.746	0.008	0.019	0.62	0.004	0.006
50579.352	-1.586	0.012	0.014	0.12	0.004	0.006
50579.435	0.413	0.015	0.030	0.51	0.004	0.006
50579.573	3.748	0.012	0.019	0.34	0.004	0.006
50580.349	-1.585	0.015	0.018	0.12	0.004	0.006
50580.432	0.418	0.019	0.012	-0.35	0.004	0.006
50580.570	3.748	0.005	0.014	0.77	0.004	0.006
50581.346	-1.584	0.016	0.012	-0.21	0.004	0.006
50581.429	0.416	0.019	0.016	-0.14	0.004	0.006
50582.343	-1.588	0.019	0.014	-0.22	0.004	0.006
50582.426	0.415	0.022	0.010	-0.62	0.004	0.006
50582.564	3.749	0.010	0.018	0.47	0.004	0.006
50583.341	-1.586	0.013	0.008	-0.31	0.004	0.006
50583.424	0.416	0.010	0.020	0.52	0.004	0.006
50583.562	3.749	0.015	0.009	-0.34	0.004	0.006
50584.338	-1.584	0.014	0.016	0.09	0.004	0.006
50584.421	0.414	0.018	0.022	0.17	0.004	0.006
50584.560	3.748	0.016	0.022	0.22	0.004	0.006
50585.335	-1.587	0.016	0.016	0.01	0.004	0.006
50585.418	0.413	0.015	0.010	-0.28	0.004	0.006
50585.557	3.747	0.010	0.016	0.34	0.004	0.006
50587.329	-1.585	0.020	0.016	-0.18	0.004	0.006
50587.412	0.414	0.017	0.020	0.12	0.004	0.006
50587.551	3.747	0.016	0.027	0.39	0.004	0.006
50588.326	-1.588	0.016	0.011	-0.29	0.004	0.006
50588.410	0.415	0.014	0.015	0.05	0.004	0.006
50589.324	-1.585	0.015	0.018	0.10	0.004	0.006
50589.407	0.414	0.016	0.017	0.02	0.004	0.006
50590.321	-1.586	0.013	0.011	-0.17	0.004	0.006
50590.404	0.415	0.011	0.015	0.23	0.004	0.006
50590.543	3.749	0.016	0.018	0.08	0.004	0.006
50591.318	-1.586	0.014	0.014	-0.04	0.004	0.006
50591.401	0.415	0.015	0.019	0.17	0.004	0.006
50591.540	3.749	0.014	0.014	0.00	0.004	0.006
50592.315	-1.587	0.017	0.013	-0.17	0.004	0.006
50592.398	0.414	0.018	0.022	0.15	0.004	0.006
50592.537	3.751	0.013	0.015	0.09	0.004	0.006
50593.313	-1.586	0.017	0.018	0.03	0.004	0.006
50593.396	0.413	0.020	0.013	-0.37	0.004	0.006
50593.534	3.745	0.007	0.016	0.62	0.004	0.006
50594.311	-1.584	0.011	0.014	0.22	0.004	0.006
50594.394	0.416	0.019	0.008	-0.66	0.004	0.006
50594.532	3.749	0.015	0.019	0.21	0.004	0.006
50595.308	-1.587	0.014	0.015	0.07	0.004	0.006
50595.391	0.417	0.020	0.018	-0.10	0.004	0.006
50596.305	-1.584	0.018	0.017	-0.04	0.004	0.006
50596.388	0.413	0.019	0.022	0.12	0.004	0.006
50596.526	3.751	0.011	0.020	0.43	0.004	0.006
50597.302	-1.586	0.011	0.021	0.47	0.004	0.006
50597.385	0.412	0.019	0.028	0.31	0.004	0.006
50597.523	3.746	0.020	0.015	-0.22	0.004	0.006
50598.299	-1.588	0.016	0.018	0.10	0.004	0.006
50598.383	0.416	0.014	0.020	0.30	0.004	0.006
50598.521	3.749	0.015	0.025	0.39	0.004	0.006
50599.297	-1.586	0.018	0.015	-0.15	0.004	0.006
50599.380	0.414	0.021	0.016	-0.21	0.004	0.006
50599.519	3.750	0.015	0.021	0.23	0.004	0.006
50600.294	-1.586	0.020	0.024	0.13	0.004	0.006
50600.377	0.414	0.022	0.017	-0.17	0.004	0.006
50600.516	3.750	0.013	0.016	0.17	0.004	0.006
50601.291	-1.583	0.015	0.018	0.12	0.004	0.006
50601.374	0.415	0.023	0.021	-0.06	0.004	0.006
50601.513	3.747	0.011	0.016	0.29	0.004	0.006
50602.288	-1.586	0.013	0.020	0.34	0.004	0.006
50602.372	0.414	0.018	0.017	-0.06	0.004	0.006
50602.510	3.746	0.014	0.016	0.13	0.004	0.006
50603.286	-1.585	0.010	0.020	0.52	0.004	0.006
50603.369	0.414	0.019	0.025	0.19	0.004	0.006
50603.508	3.748	0.016	0.020	0.17	0.004	0.006
50604.283	-1.588	0.017	0.023	0.26	0.004	0.006
50604.366	0.412	0.017	0.013	-0.21	0.004	0.006
50604.505	3.747	0.018	0.021	0.11	0.004	0.006
50605.280	-1.586	0.018	0.016	-0.11	0.004	0.006
50605.363	0.415	0.015	0.015	0.00	0.004	0.006
50605.502	3.744	0.012	0.014	0.07	0.004	0.006
50606.277	-1.586	0.022	0.022	0.03	0.004	0.006
50606.360	0.414	0.016	0.012	-0.24	0.004	0.006
50606.499	3.750	0.013	0.023	0.46	0.004	0.006
50607.274	-1.585	0.016	0.013	-0.13	0.004	0.006
50607.358	0.414	0.016	0.018	0.10	0.004	0.006
50607.496	3.749	0.014	0.019	0.23	0.004	0.006
50608.272	-1.585	0.013	0.023	0.44	0.004	0.006
50608.355	0.417	0.017	0.023	0.20	0.004	0.006
50608.494	3.748	0.014	0.027	0.52	0.004	0.006
50609.270	-1.587	0.016	0.011	-0.29	0.004	0.006
50609.353	0.414	0.013	0.010	-0.20	0.004	0.006
50609.491	3.747	0.012	0.018	0.28	0.004	0.006
50610.267	-1.586	0.013	0.016	0.17	0.004	0.006
50610.350	0.412	0.015	0.017	0.11	0.004	0.006
50610.488	3.752	0.017	0.009	-0.48	0.004	0.006
50611.264	-1.587	0.011	0.015	0.20	0.004	0.006
50611.347	0.412	0.011	0.019	0.40	0.004	0.006
50611.485	3.746	0.014	0.024	0.45	0.004	0.006
50612.261	-1.588	0.010	0.025	0.69	0.004	0.006
50612.345	0.415	0.014	0.018	0.19	0.004	0.006
50612.482	3.747	0.015	0.018	0.16	0.004	0.006
50613.259	-1.588	0.011	0.019	0.40	0.004	0.006
50613.342	0.412	0.015	0.015	0.03	0.004	0.006
50613.480	3.747	0.009	0.015	0.46	0.004	0.006
50614.256	-1.587	0.012	0.012	0.05	0.004	0.006
50614.339	0.412	0.018	0.018	-0.01	0.004	0.006
50614.478	3.749	0.014	0.013	-0.08	0.004	0.006
50615.253	-1.586	0.014	0.018	0.17	0.004	0.006
50615.336	0.412	0.017	0.014	-0.18	0.004	0.006
50615.475	3.747	0.013	0.023	0.47	0.004	0.006
50616.250	-1.586	0.014	0.013	-0.07	0.004	0.006
50616.333	0.414	0.022	0.014	-0.37	0.004	0.006
50616.472	3.748	0.014	0.010	-0.23	0.004	0.006
50617.247	-1.585	0.016	0.006	-0.72	0.004	0.006
50617.331	0.415	0.017	0.008	-0.61	0.004	0.006
50617.469	3.747	0.008	0.020	0.69	0.004	0.006
50618.245	-1.588	0.011	0.011	0.01	0.004	0.006
50618.327	0.397	0.016	0.015	-0.03	0.004	0.006
50618.467	3.748	0.012	0.018	0.31	0.004	0.006
50619.242	-1.585	0.013	0.022	0.39	0.004	0.006
50619.325	0.413	0.015	0.026	0.44	0.004	0.006
50619.464	3.749	0.016	0.023	0.25	0.004	0.006
50620.239	-1.588	0.011	0.012	0.05	0.004	0.006
50620.322	0.412	0.013	0.015	0.08	0.004	0.006
50620.461	3.747	0.009	0.022	0.70	0.004	0.006
50621.236	-1.588	0.018	0.016	-0.09	0.004	0.006
50621.319	0.415	0.012	0.017	0.30	0.004	0.006
50621.458	3.748	0.014	0.010	-0.26	0.004	0.006
50622.233	-1.586	0.013	0.015	0.11	0.004	0.006
50622.317	0.414	0.015	0.023	0.34	0.004	0.006
50622.455	3.746	0.016	0.021	0.19	0.004	0.006
50623.231	-1.585	0.013	0.011	-0.17	0.004	0.006
50623.314	0.413	0.016	0.025	0.35	0.004	0.006
50623.452	3.745	0.013	0.013	0.01	0.004	0.006
50624.229	-1.588	0.017	0.013	-0.18	0.004	0.006
50624.312	0.415	0.012	0.024	0.55	0.004	0.006
50624.450	3.747	0.019	0.019	-0.02	0.004	0.006
50625.226	-1.582	0.013	0.013	0.01	0.004	0.006
50625.309	0.414	0.018	0.018	0.01	0.004	0.006
50625.447	3.749	0.015	0.008	-0.49	0.004	0.006
50626.223	-1.587	0.017	0.012	-0.26	0.004	0.006
50626.306	0.412	0.021	0.013	-0.35	0.004	0.006
50626.444	3.747	0.015	0.016	0.08	0.004	0.006
50627.220	-1.588	0.012	0.013	0.04	0.004	0.006
50627.304	0.414	0.013	0.017	0.24	0.004	0.006
50627.441	3.746	0.015	0.009	-0.41	0.004	0.006
50628.218	-1.584	0.021	0.015	-0.23	0.004	0.006
50628.301	0.413	0.023	0.016	-0.29	0.004	0.006
50628.439	3.745	0.009	0.018	0.54	0.004	0.006
50630.212	-1.588	0.018	0.029	0.40	0.004	0.006
50629.298	0.411	0.017	0.021	0.17	0.004	0.006
50629.437	3.748	0.018	0.015	-0.17	0.004	0.006
50631.209	-1.588	0.019	0.020	0.04	0.004	0.006
50631.292	0.414	0.016	0.025	0.32	0.004	0.006
50632.206	-1.586	0.015	0.007	-0.51	0.004	0.006
50632.289	0.412	0.017	0.018	0.05	0.004	0.006
50633.204	-1.589	0.016	0.014	-0.13	0.004	0.006
50633.287	0.413	0.015	0.010	-0.30	0.004	0.006
50634.201	-1.588	0.011	0.013	0.17	0.004	0.006
50634.284	0.412	0.017	0.015	-0.10	0.004	0.006
50635.198	-1.589	0.010	0.016	0.35	0.004	0.006
50635.281	0.415	0.015	0.020	0.22	0.004	0.006
50636.195	-1.587	0.014	0.012	-0.13	0.004	0.006
50636.278	0.412	0.018	0.014	-0.18	0.004	0.006
50637.193	-1.585	0.012	0.019	0.31	0.004	0.006
50637.276	0.412	0.016	0.013	-0.19	0.004	0.006
50638.190	-1.588	0.014	0.017	0.14	0.004	0.006
50638.273	0.413	0.015	0.017	0.06	0.004	0.006
50639.188	-1.586	0.019	0.017	-0.08	0.004	0.006
50639.271	0.415	0.020	0.024	0.14	0.004	0.006
50640.185	-1.588	0.011	0.009	-0.16	0.004	0.006
50640.268	0.413	0.012	0.019	0.33	0.004	0.006
50641.182	-1.586	0.014	0.025	0.44	0.004	0.006
50641.265	0.414	0.018	0.013	-0.23	0.004	0.006
50642.180	-1.586	0.023	0.016	-0.30	0.004	0.006
50642.263	0.412	0.013	0.021	0.40	0.004	0.006
50643.177	-1.587	0.019	0.015	-0.15	0.004	0.006
50643.260	0.413	0.012	0.014	0.11	0.004	0.006
50644.153	-2.086	0.006	0.019	0.85	0.004	0.006
50644.257	0.415	0.006	0.007	0.17	0.004	0.006
50645.150	-2.089	0.014	0.010	-0.25	0.004	0.006
50645.254	0.414	0.011	0.015	0.22	0.004	0.006
50646.147	-2.088	0.011	0.012	0.05	0.004	0.006
50646.251	0.415	0.025	0.024	-0.04	0.004	0.006
50647.145	-2.086	0.012	0.022	0.47	0.004	0.006
50647.249	0.415	0.015	0.021	0.24	0.004	0.006
50648.143	-2.085	0.015	0.016	0.02	0.004	0.006
50648.246	0.416	0.015	0.016	0.01	0.004	0.006
50649.140	-2.086	0.007	0.018	0.75	0.004	0.006
50649.243	0.415	0.016	0.018	0.10	0.004	0.006
50650.137	-2.086	0.010	0.012	0.14	0.004	0.006
50650.240	0.413	0.015	0.009	-0.44	0.004	0.006
50651.134	-2.085	0.015	0.017	0.09	0.004	0.006
50651.237	0.413	0.019	0.009	-0.59	0.004	0.006
50652.131	-2.085	0.013	0.003	-1.04	0.004	0.006
50652.235	0.413	0.015	0.003	-1.16	0.004	0.006
50653.129	-2.085	0.017	0.018	0.05	0.004	0.006
50653.232	0.415	0.019	0.023	0.14	0.004	0.006
50654.126	-2.086	0.017	0.011	-0.35	0.004	0.006
50654.229	0.413	0.020	0.022	0.10	0.004	0.006
50655.123	-2.089	0.012	0.011	-0.09	0.004	0.006
50655.227	0.412	0.018	0.014	-0.18	0.004	0.006
50656.120	-2.088	0.010	0.010	0.03	0.004	0.006
50656.224	0.412	0.012	0.004	-0.85	0.004	0.006
50657.117	-2.087	0.008	0.013	0.37	0.004	0.006
50657.222	0.413	0.008	0.013	0.35	0.004	0.006
50658.115	-2.086	0.005	0.010	0.49	0.004	0.006
50658.219	0.416	0.011	0.016	0.31	0.004	0.006
50659.112	-2.085	0.014	0.017	0.12	0.004	0.006
50659.216	0.415	0.013	0.010	-0.23	0.004	0.006
50660.109	-2.086	0.005	0.015	0.93	0.004	0.006
50660.213	0.413	0.009	0.007	-0.24	0.004	0.006
50661.106	-2.087	0.012	0.016	0.23	0.004	0.006
50661.210	0.413	0.012	0.011	-0.03	0.004	0.006
50662.104	-2.087	0.012	0.010	-0.18	0.004	0.006
50662.208	0.413	0.017	0.022	0.17	0.004	0.006
50663.102	-2.085	0.009	0.018	0.55	0.004	0.006
50663.205	0.414	0.012	0.018	0.31	0.004	0.006
50664.099	-2.086	0.008	0.011	0.28	0.004	0.006
50664.202	0.415	0.017	0.015	-0.12	0.004	0.006
50665.097	-2.067	0.012	0.014	0.14	0.004	0.006
50665.199	0.417	0.017	0.018	0.01	0.004	0.006
50666.094	-2.069	0.017	0.005	-0.91	0.004	0.006
50666.197	0.413	0.013	0.013	-0.02	0.004	0.006
50667.091	-2.065	0.009	0.007	-0.20	0.004	0.006
50667.194	0.411	0.012	0.010	-0.08	0.004	0.006
50668.088	-2.067	0.009	0.006	-0.31	0.004	0.006
50668.191	0.412	0.012	0.014	0.09	0.004	0.006
50669.086	-2.064	0.012	0.011	-0.07	0.004	0.006
50670.083	-2.066	0.016	0.015	-0.03	0.004	0.006
50670.186	0.412	0.020	0.006	-0.90	0.004	0.006
50671.080	-2.064	0.015	0.014	-0.07	0.004	0.006
50671.184	0.414	0.017	0.011	-0.33	0.004	0.006
50672.077	-2.069	0.005	0.012	0.69	0.004	0.006
50672.181	0.414	0.014	0.005	-0.78	0.004	0.006
50673.075	-2.064	0.006	0.013	0.52	0.004	0.006
50673.178	0.413	0.012	0.015	0.16	0.004	0.006
50674.072	-2.069	0.010	0.007	-0.25	0.004	0.006
50674.175	0.414	0.011	0.016	0.31	0.004	0.006
50675.172	0.414	0.012	0.015	0.21	0.004	0.006
50676.170	0.414	0.013	0.014	0.01	0.004	0.006
50678.164	0.415	0.013	0.016	0.14	0.004	0.006
50679.161	0.414	0.018	0.008	-0.58	0.004	0.006
50680.158	0.415	0.012	0.009	-0.22	0.004	0.006
50681.156	0.414	0.017	0.010	-0.42	0.004	0.006
50682.153	0.414	0.010	0.006	-0.42	0.004	0.006
50683.150	0.413	0.011	0.007	-0.26	0.004	0.006
50684.147	0.415	0.008	0.007	-0.14	0.004	0.006
50685.145	0.415	0.012	0.017	0.26	0.004	0.006
50686.143	0.412	0.014	0.013	-0.11	0.004	0.006
50687.140	0.411	0.015	0.017	0.07	0.004	0.006
50688.137	0.412	0.015	0.016	0.02	0.004	0.006
50689.134	0.413	0.011	0.011	0.00	0.004	0.006
50690.131	0.412	0.016	0.013	-0.13	0.004	0.006
50691.129	0.412	0.017	0.016	-0.03	0.004	0.006
50692.126	0.414	0.016	0.022	0.21	0.004	0.006
50693.123	0.412	0.016	0.007	-0.68	0.004	0.006
50694.120	0.415	0.021	0.019	-0.07	0.004	0.006
50695.117	0.414	0.016	0.015	-0.07	0.004	0.006
50697.112	0.412	0.009	0.010	0.08	0.004	0.006
50698.109	0.412	0.012	0.014	0.08	0.004	0.006
50699.106	0.415	0.011	0.010	-0.04	0.004	0.006
50700.104	0.412	0.012	0.015	0.20	0.004	0.006
50701.102	0.415	0.010	0.008	-0.16	0.004	0.006
50702.099	0.415	0.011	0.013	0.11	0.004	0.006
50703.096	0.414	0.007	0.012	0.36	0.004	0.006
50704.093	0.414	0.013	0.014	0.04	0.004	0.006
50705.091	0.414	0.016	0.011	-0.30	0.004	0.006
50706.088	0.413	0.018	0.015	-0.10	0.004	0.006
50707.085	0.413	0.018	0.013	-0.24	0.004	0.006
50708.082	0.415	0.019	0.017	-0.07	0.004	0.006
50709.079	0.415	0.011	0.016	0.32	0.004	0.006
50710.076	0.413	0.013	0.014	0.07	0.004	0.006
50711.074	0.414	0.012	0.021	0.43	0.004	0.006
50712.071	0.414	0.014	0.008	-0.42	0.004	0.006
50713.068	0.416	0.010	0.013	0.23	0.004	0.006
50714.065	0.415	0.017	0.007	-0.68	0.004	0.006
50715.062	0.412	0.020	0.010	-0.52	0.004	0.006
50716.061	0.411	0.020	0.019	-0.06	0.004	0.006
50717.058	0.414	0.012	0.016	0.25	0.004	0.006
50718.055	0.414	0.012	0.014	0.08	0.004	0.006
50719.053	0.417	0.016	0.012	-0.24	0.004	0.006
50720.049	0.412	0.020	0.017	-0.09	0.004	0.006
50721.047	0.415	0.014	0.020	0.25	0.004	0.006
50722.044	0.414	0.016	0.015	-0.01	0.004	0.006
50723.041	0.416	0.015	0.014	-0.04	0.004	0.006
50724.038	0.415	0.019	0.012	-0.34	0.004	0.006
50725.036	0.413	0.022	0.014	-0.36	0.004	0.006
50726.033	0.414	0.016	0.010	-0.34	0.004	0.006
50727.030	0.415	0.019	0.014	-0.23	0.004	0.006
50728.027	0.416	0.011	0.016	0.29	0.004	0.006
50729.024	0.414	0.016	0.022	0.22	0.004	0.006
50730.022	0.415	0.016	0.017	0.01	0.004	0.006
50731.020	0.414	0.021	0.017	-0.19	0.004	0.006
50732.017	0.414	0.018	0.021	0.11	0.004	0.006
50733.014	0.416	0.015	0.017	0.09	0.004	0.006
50734.011	0.414	0.014	0.014	0.01	0.004	0.006
50735.009	0.419	0.013	0.015	0.13	0.004	0.006
50736.006	0.411	0.013	0.009	-0.25	0.004	0.006
50737.003	0.418	0.012	0.015	0.14	0.004	0.006
50738.000	0.416	0.019	0.017	-0.06	0.004	0.006
50738.998	0.417	0.017	0.017	0.04	0.004	0.006
50739.995	0.417	0.016	0.018	0.10	0.004	0.006
50740.992	0.420	0.020	0.023	0.09	0.004	0.006
50741.989	0.415	0.017	0.016	-0.05	0.004	0.006
50742.986	0.415	0.017	0.017	0.00	0.004	0.006
50743.984	0.417	0.019	0.010	-0.43	0.004	0.006
50744.981	0.411	0.012	0.015	0.13	0.004	0.006
50745.979	0.416	0.015	0.008	-0.51	0.004	0.006
50746.976	0.419	0.013	0.022	0.39	0.004	0.006
50747.973	0.414	0.012	0.021	0.39	0.004	0.006
50748.970	0.412	0.017	0.020	0.13	0.004	0.006
50749.968	0.416	0.013	0.019	0.33	0.004	0.006
50750.965	0.415	0.012	0.013	0.04	0.004	0.006
50751.962	0.416	0.013	0.007	-0.46	0.004	0.006
50752.959	0.414	0.016	0.016	-0.03	0.004	0.006
50753.956	0.413	0.018	0.017	-0.03	0.004	0.006
50754.954	0.414	0.015	0.019	0.16	0.004	0.006
50755.951	0.411	0.027	0.013	-0.56	0.004	0.006
50756.948	0.413	0.022	0.019	-0.11	0.004	0.006
50757.945	0.414	0.025	0.014	-0.47	0.004	0.006
50758.942	0.413	0.018	0.018	0.01	0.004	0.006
50759.940	0.414	0.013	0.012	-0.08	0.004	0.006
50760.938	0.413	0.007	0.013	0.51	0.004	0.006
50761.935	0.414	0.007	0.010	0.32	0.004	0.006
50762.932	0.415	0.012	0.014	0.13	0.004	0.006
50763.929	0.412	0.011	0.023	0.59	0.004	0.006
50764.927	0.411	0.022	0.026	0.13	0.004	0.006
50765.924	0.411	0.022	0.013	-0.41	0.004	0.006
50766.921	0.414	0.013	0.015	0.14	0.004	0.006
50767.918	0.414	0.012	0.007	-0.38	0.004	0.006
50768.916	0.414	0.020	0.014	-0.23	0.004	0.006
50769.913	0.411	0.020	0.017	-0.09	0.004	0.006
50770.910	0.413	0.019	0.016	-0.12	0.004	0.006
50771.907	0.414	0.015	0.014	-0.09	0.004	0.006
50772.904	0.413	0.008	0.020	0.67	0.004	0.006
50773.901	0.410	0.014	0.020	0.28	0.004	0.006
50774.899	0.414	0.019	0.012	-0.39	0.004	0.006
50775.896	0.416	0.019	0.026	0.24	0.004	0.006
50776.894	0.417	0.019	0.011	-0.43	0.004	0.006
50777.891	0.412	0.014	0.016	0.10	0.004	0.006
50780.883	0.413	0.015	0.024	0.33	0.004	0.006
50781.880	0.413	0.023	0.017	-0.22	0.004	0.006
50782.877	0.414	0.022	0.015	-0.28	0.004	0.006
50783.875	0.416	0.017	0.014	-0.12	0.004	0.006
50784.872	0.416	0.012	0.016	0.20	0.004	0.006
50785.869	0.414	0.021	0.011	-0.50	0.004	0.006
50786.866	0.414	0.018	0.020	0.09	0.004	0.006
50787.863	0.414	0.020	0.019	-0.03	0.004	0.006
50788.861	0.415	0.023	0.013	-0.47	0.004	0.006
50789.858	0.416	0.017	0.014	-0.14	0.004	0.006
50790.855	0.413	0.017	0.015	-0.10	0.004	0.006
50793.848	0.413	0.015	0.015	0.03	0.004	0.006
50794.845	0.415	0.019	0.014	-0.23	0.004	0.006
50795.842	0.415	0.014	0.012	-0.14	0.004	0.006
50796.839	0.413	0.010	0.016	0.39	0.004	0.006
50797.837	0.417	0.014	0.016	0.10	0.004	0.006
50798.834	0.417	0.014	0.021	0.29	0.004	0.006
50799.831	0.412	0.012	0.014	0.09	0.004	0.006
50800.828	0.414	0.011	0.017	0.29	0.004	0.006
50801.825	0.414	0.014	0.023	0.38	0.004	0.006
50802.823	0.416	0.014	0.016	0.08	0.004	0.006
50803.820	0.417	0.009	0.015	0.37	0.004	0.006
50804.817	0.412	0.014	0.019	0.20	0.004	0.006
50805.815	0.431	0.009	0.016	0.39	0.004	0.006
50810.801	0.416	0.014	0.009	-0.32	0.004	0.006
50812.796	0.415	0.009	0.011	0.09	0.004	0.006
50813.793	0.413	0.016	0.015	-0.01	0.004	0.006
50815.787	0.414	0.013	0.018	0.28	0.004	0.006
50816.784	0.412	0.010	0.010	0.03	0.004	0.006
50817.782	0.416	0.011	0.011	-0.03	0.004	0.006
50818.779	0.412	0.021	0.021	0.01	0.004	0.006
50819.776	0.413	0.011	0.016	0.29	0.004	0.006
50820.773	0.414	0.013	0.019	0.30	0.004	0.006
50821.771	0.415	0.009	0.006	-0.28	0.004	0.006
50822.769	0.414	0.011	0.007	-0.33	0.004	0.006
50823.766	0.415	0.008	0.011	0.30	0.004	0.006
50824.763	0.416	0.015	0.014	-0.07	0.004	0.006
50825.760	0.414	0.011	0.009	-0.14	0.004	0.006
50826.757	0.413	0.011	0.013	0.15	0.004	0.006
50827.754	0.411	0.010	0.009	-0.15	0.004	0.006
50830.746	0.414	0.016	0.009	-0.44	0.004	0.006
50831.743	0.416	0.020	0.017	-0.09	0.004	0.006
50832.741	0.415	0.015	0.022	0.30	0.004	0.006
50834.735	0.413	0.019	0.016	-0.13	0.004	0.006
50835.732	0.414	0.011	0.017	0.30	0.004	0.006
50836.729	0.415	0.014	0.013	-0.06	0.004	0.006
50837.728	0.413	0.017	0.003	-1.41	0.004	0.006
50838.725	0.414	0.003	0.014	1.06	0.004	0.006
50839.722	0.412	0.013	0.007	-0.55	0.004	0.006
50841.717	0.417	0.018	0.012	-0.28	0.004	0.006
50842.714	0.413	0.015	0.018	0.12	0.004	0.006
50843.711	0.413	0.009	0.016	0.43	0.004	0.006
50844.708	0.415	0.012	0.019	0.36	0.004	0.006
50845.705	0.415	0.013	0.013	0.02	0.004	0.006
50846.704	0.456	0.014	0.014	0.02	0.004	0.006
50849.694	0.415	0.018	0.019	0.06	0.004	0.006
50850.691	0.413	0.013	0.004	-0.90	0.004	0.006
50851.688	0.415	0.020	0.007	-0.81	0.004	0.006
50852.687	0.415	0.014	0.011	-0.16	0.004	0.006
50853.684	0.417	0.014	0.012	-0.16	0.004	0.006
50855.678	0.416	0.017	0.020	0.13	0.004	0.006
50856.676	0.416	0.016	0.012	-0.26	0.004	0.006
50857.673	0.414	0.012	0.006	-0.60	0.004	0.006
50858.670	0.414	0.015	0.015	0.02	0.004	0.006
50859.667	0.414	0.014	0.017	0.16	0.004	0.006
50860.664	0.413	0.015	0.014	-0.05	0.004	0.006
50861.662	0.418	0.011	0.009	-0.13	0.004	0.006
50862.659	0.413	0.014	0.009	-0.36	0.004	0.006
50864.653	0.413	0.014	0.019	0.23	0.004	0.006
50865.650	0.416	0.006	0.019	0.92	0.004	0.006
50866.648	0.414	0.013	0.017	0.20	0.004	0.006
50868.643	0.413	0.012	0.018	0.31	0.004	0.006
50869.640	0.415	0.017	0.014	-0.15	0.004	0.006
50871.635	0.414	0.017	0.018	0.05	0.004	0.006
50872.632	0.417	0.024	0.023	-0.05	0.004	0.006
50874.629	0.414	0.021	0.010	-0.55	0.004	0.006
50875.623	0.412	0.017	0.013	-0.20	0.004	0.006
50876.621	0.412	0.016	0.018	0.07	0.004	0.006
50878.615	0.412	0.013	0.013	-0.02	0.004	0.006
50879.612	0.416	0.012	0.005	-0.62	0.004	0.006
50880.610	0.418	0.014	0.017	0.16	0.004	0.006
50881.607	0.415	0.012	0.009	-0.18	0.004	0.006
50882.604	0.413	0.011	0.012	0.04	0.004	0.006
50883.602	0.413	0.013	0.004	-0.83	0.004	0.006
50885.596	0.412	0.008	0.019	0.61	0.004	0.006
50886.594	0.416	0.013	0.018	0.23	0.004	0.006
50887.591	0.414	0.012	0.006	-0.58	0.004	0.006
50888.588	0.413	0.015	0.016	0.04	0.004	0.006
50889.585	0.414	0.013	0.016	0.12	0.004	0.006
50890.582	0.413	0.011	0.022	0.56	0.004	0.006
50892.577	0.419	0.012	0.002	-1.18	0.004	0.006
50893.574	0.416	0.016	0.017	0.04	0.004	0.006
50894.571	0.414	0.019	0.012	-0.35	0.004	0.006
50895.569	0.416	0.019	0.008	-0.63	0.004	0.006
50896.566	0.415	0.010	0.019	0.53	0.004	0.006
50897.563	0.413	0.016	0.017	0.05	0.004	0.006
50899.558	0.415	0.018	0.014	-0.18	0.004	0.006
50900.556	0.416	0.014	0.009	-0.31	0.004	0.006
50901.553	0.415	0.018	0.019	0.06	0.004	0.006
50902.550	0.412	0.010	0.013	0.21	0.004	0.006
50903.547	0.418	0.019	0.010	-0.49	0.004	0.006
50904.544	0.415	0.019	0.014	-0.25	0.004	0.006
50905.542	0.417	0.016	0.020	0.19	0.004	0.006
50906.539	0.418	0.019	0.019	0.03	0.004	0.006
50907.536	0.419	0.018	0.027	0.33	0.004	0.006
50908.533	0.412	0.021	0.015	-0.27	0.004	0.006
50909.530	0.417	0.013	0.011	-0.11	0.004	0.006
50910.528	0.413	0.016	0.022	0.23	0.004	0.006
50911.525	0.412	0.014	0.020	0.30	0.004	0.006
50913.520	0.415	0.018	0.014	-0.16	0.004	0.006
50914.517	0.416	0.019	0.015	-0.21	0.004	0.006
50915.515	0.416	0.020	0.024	0.14	0.004	0.006
50916.512	0.413	0.024	0.021	-0.12	0.004	0.006
50917.509	0.414	0.021	0.019	-0.10	0.004	0.006
50918.506	0.417	0.019	0.014	-0.22	0.004	0.006
50920.501	0.417	0.022	0.023	0.05	0.004	0.006
50921.498	0.414	0.019	0.025	0.19	0.004	0.006
50922.495	0.416	0.011	0.026	0.63	0.004	0.006
50923.492	0.412	0.014	0.009	-0.33	0.004	0.006
50924.489	0.413	0.016	0.016	0.01	0.004	0.006
50925.487	0.412	0.021	0.013	-0.34	0.004	0.006
50926.484	0.416	0.018	0.021	0.10	0.004	0.006
50927.481	0.412	0.021	0.023	0.08	0.004	0.006
50928.479	0.414	0.015	0.026	0.42	0.004	0.006
50929.477	0.418	0.013	0.013	-0.01	0.004	0.006
50930.474	0.418	0.019	0.016	-0.14	0.004	0.006
50931.471	0.412	0.019	0.021	0.07	0.004	0.006
50932.468	0.415	0.015	0.025	0.37	0.004	0.006
50933.465	0.412	0.011	0.014	0.17	0.004	0.006
50934.463	0.416	0.021	0.026	0.19	0.004	0.006
50935.460	0.412	0.010	0.019	0.45	0.004	0.006
50936.457	0.417	0.016	0.017	0.04	0.004	0.006
50937.454	0.413	0.011	0.012	0.06	0.004	0.006
50938.451	0.414	0.013	0.017	0.17	0.004	0.006
50939.449	0.415	0.022	0.017	-0.22	0.004	0.006
50940.446	0.413	0.022	0.024	0.07	0.004	0.006
50941.443	0.412	0.017	0.011	-0.32	0.004	0.006
50942.440	0.414	0.021	0.017	-0.19	0.004	0.006
50943.438	0.415	0.015	0.018	0.12	0.004	0.006
50944.436	0.416	0.014	0.026	0.46	0.004	0.006
50945.433	0.413	0.018	0.021	0.14	0.004	0.006
50946.430	0.411	0.014	0.005	-0.70	0.004	0.006
50947.427	0.417	0.016	0.014	-0.09	0.004	0.006
50948.424	0.414	0.010	0.016	0.37	0.004	0.006
50949.421	0.412	0.021	0.020	-0.05	0.004	0.006
50950.419	0.419	0.015	0.014	-0.08	0.004	0.006
50951.416	0.415	0.019	0.007	-0.83	0.004	0.006
50952.413	0.416	0.014	0.011	-0.14	0.004	0.006
50953.410	0.412	0.009	0.012	0.20	0.004	0.006
50954.408	0.416	0.007	0.012	0.37	0.004	0.006
50955.405	0.415	0.011	0.019	0.39	0.004	0.006
50956.402	0.413	0.011	0.015	0.23	0.004	0.006
50957.399	0.413	0.016	0.019	0.14	0.004	0.006
50958.396	0.415	0.009	0.009	-0.01	0.004	0.006
50959.395	0.415	0.012	0.014	0.10	0.004	0.006
50960.392	0.413	0.015	0.005	-0.78	0.004	0.006
50961.389	0.414	0.021	0.023	0.06	0.004	0.006
50962.386	0.411	0.022	0.014	-0.32	0.004	0.006
50963.383	0.413	0.014	0.008	-0.42	0.004	0.006
50964.381	0.416	0.013	0.022	0.43	0.004	0.006
50965.378	0.413	0.011	0.012	0.07	0.004	0.006
50966.375	0.414	0.020	0.005	-1.00	0.004	0.006
50967.372	0.412	0.015	0.010	-0.28	0.004	0.006
50968.369	0.415	0.015	0.013	-0.13	0.004	0.006
50969.367	0.415	0.016	0.013	-0.15	0.004	0.006
50970.364	0.414	0.017	0.016	-0.02	0.004	0.006
50971.361	0.413	0.016	0.015	-0.06	0.004	0.006
50972.358	0.412	0.016	0.026	0.37	0.004	0.006
50974.353	0.411	0.007	0.018	0.78	0.004	0.006
50975.351	0.413	0.006	0.013	0.54	0.004	0.006
50976.348	0.415	0.011	0.010	-0.06	0.004	0.006
50977.345	0.417	0.004	0.021	1.19	0.004	0.006
50978.342	0.412	0.022	0.012	-0.45	0.004	0.006
50979.340	0.413	0.012	0.011	-0.03	0.004	0.006
50980.357	0.916	0.011	0.019	0.43	0.004	0.006
50981.354	0.913	0.019	0.020	0.01	0.004	0.006
50982.353	0.919	0.016	0.016	-0.03	0.004	0.006
50983.350	0.917	0.012	0.012	-0.02	0.004	0.006
50984.347	0.911	0.008	0.013	0.39	0.004	0.006
50985.344	0.918	0.013	0.011	-0.14	0.004	0.006
50986.341	0.912	0.014	0.017	0.16	0.004	0.006
50987.338	0.913	0.012	0.021	0.42	0.004	0.006
50988.336	0.913	0.018	0.014	-0.19	0.004	0.006
50989.333	0.912	0.015	0.020	0.23	0.004	0.006
50991.327	0.913	0.009	0.007	-0.10	0.004	0.006
50992.324	0.912	0.014	0.015	0.08	0.004	0.006
50993.322	0.913	0.009	0.016	0.49	0.004	0.006
50994.319	0.912	0.018	0.017	-0.06	0.004	0.006
50995.316	0.915	0.016	0.007	-0.59	0.004	0.006
50996.313	0.911	0.018	0.020	0.08	0.004	0.006
50997.312	0.913	0.018	0.020	0.06	0.004	0.006
50998.309	0.917	0.013	0.015	0.14	0.004	0.006
50999.306	0.913	0.019	0.016	-0.14	0.004	0.006
51000.303	0.911	0.014	0.024	0.38	0.004	0.006
51001.300	0.914	0.020	0.037	0.49	0.004	0.006
51002.392	3.170	0.022	0.017	-0.16	0.004	0.006
51002.399	3.365	0.019	0.016	-0.13	0.004	0.006
51003.389	3.168	0.022	0.014	-0.33	0.004	0.006
51003.396	3.367	0.018	0.019	0.04	0.004	0.006
51004.386	3.173	0.015	0.016	0.04	0.004	0.006
51004.395	3.371	0.035	0.027	-0.20	0.004	0.006
51005.383	3.169	0.030	0.023	-0.19	0.004	0.006
51005.392	3.368	0.020	0.024	0.14	0.004	0.006
51006.381	3.173	0.031	0.018	-0.43	0.004	0.006
51006.389	3.371	0.034	0.021	-0.36	0.004	0.006
51007.378	3.171	0.024	0.013	-0.44	0.004	0.006
51007.386	3.373	0.027	0.025	-0.05	0.004	0.006
51008.281	0.911	0.017	0.021	0.19	0.004	0.006
51009.278	0.913	0.017	0.032	0.48	0.004	0.006
51010.275	0.912	0.026	0.031	0.13	0.004	0.006
51011.272	0.913	0.009	0.022	0.64	0.004	0.006
51012.271	0.913	0.024	0.017	-0.26	0.004	0.006
51013.268	0.914	0.024	0.016	-0.32	0.004	0.006
51014.265	0.911	0.016	0.014	-0.06	0.004	0.006
51015.262	0.916	0.031	0.013	-0.65	0.004	0.006
51016.259	0.913	0.020	0.011	-0.50	0.004	0.006
51017.257	0.911	0.019	0.013	-0.28	0.004	0.006
51018.254	0.913	0.023	0.018	-0.17	0.004	0.006
51019.251	0.915	0.023	0.028	0.16	0.004	0.006
51020.248	0.911	0.019	0.028	0.32	0.004	0.006
51021.246	0.917	0.016	0.023	0.28	0.004	0.006
51022.243	0.915	0.010	0.019	0.49	0.004	0.006
51022.306	2.415	0.028	0.030	0.05	0.004	0.006
51023.240	0.914	0.014	0.028	0.56	0.004	0.006
51023.303	2.414	0.015	0.034	0.65	0.004	0.006
51024.237	0.915	0.012	0.024	0.53	0.004	0.006
51024.300	2.412	0.011	0.022	0.52	0.004	0.006
51025.234	0.914	0.028	0.013	-0.57	0.004	0.006
51025.297	2.414	0.029	0.028	-0.02	0.004	0.006
51026.232	0.917	0.025	0.012	-0.59	0.004	0.006
51026.294	2.417	0.030	0.019	-0.34	0.004	0.006
51027.229	0.917	0.019	0.023	0.17	0.004	0.006
51027.292	2.417	0.026	0.019	-0.25	0.004	0.006
51028.227	0.914	0.016	0.021	0.18	0.004	0.006
51028.289	2.418	0.015	0.026	0.39	0.004	0.006
51029.224	0.913	0.017	0.016	-0.05	0.004	0.006
51029.286	2.413	0.016	0.021	0.19	0.004	0.006
51030.221	0.917	0.012	0.022	0.44	0.004	0.006
51030.283	2.411	0.022	0.019	-0.11	0.004	0.006
51031.219	0.915	0.013	0.017	0.22	0.004	0.006
51031.280	2.414	0.015	0.014	-0.08	0.004	0.006
51032.216	0.911	0.010	0.017	0.38	0.004	0.006
51032.277	2.412	0.018	0.020	0.10	0.004	0.006
51033.213	0.913	0.014	0.015	0.05	0.004	0.006
51033.275	2.415	0.010	0.019	0.49	0.004	0.006
51034.210	0.914	0.014	0.018	0.21	0.004	0.006
51034.272	2.418	0.020	0.028	0.26	0.004	0.006
51035.207	0.914	0.016	0.017	0.04	0.004	0.006
51035.270	2.414	0.014	0.012	-0.14	0.004	0.006
51036.204	0.913	0.032	0.019	-0.39	0.004	0.006
51036.267	2.412	0.020	0.018	-0.08	0.004	0.006
51037.202	0.914	0.011	0.022	0.51	0.004	0.006
51037.265	2.414	0.022	0.025	0.11	0.004	0.006
51038.199	0.912	0.017	0.015	-0.12	0.004	0.006
51038.262	2.412	0.011	0.024	0.64	0.004	0.006
51039.196	0.915	0.020	0.026	0.22	0.004	0.006
51039.259	2.417	0.024	0.025	0.05	0.004	0.006
51040.193	0.916	0.016	0.012	-0.22	0.004	0.006
51040.256	2.412	0.024	0.018	-0.20	0.004	0.006
51041.191	0.914	0.021	0.013	-0.37	0.004	0.006
51041.253	2.415	0.022	0.023	0.05	0.004	0.006
51042.188	0.914	0.025	0.031	0.17	0.004	0.006
51042.251	2.413	0.030	0.026	-0.10	0.004	0.006
51044.183	0.913	0.015	0.024	0.36	0.004	0.006
51044.245	2.413	0.018	0.025	0.28	0.004	0.006
51045.180	0.914	0.013	0.015	0.10	0.004	0.006
51045.242	2.414	0.017	0.019	0.08	0.004	0.006
51046.178	0.914	0.023	0.028	0.16	0.004	0.006
51046.239	2.415	0.020	0.022	0.09	0.004	0.006
51047.175	0.914	0.021	0.014	-0.30	0.004	0.006
51047.237	2.414	0.015	0.018	0.14	0.004	0.006
51048.172	0.916	0.015	0.030	0.54	0.004	0.006
51048.234	2.419	0.025	0.022	-0.09	0.004	0.006
51049.169	0.917	0.011	0.023	0.61	0.004	0.006
51049.231	2.412	0.025	0.018	-0.24	0.004	0.006
51050.166	0.911	0.032	0.013	-0.67	0.004	0.006
51050.229	2.414	0.016	0.017	0.03	0.004	0.006
51051.164	0.916	0.013	0.021	0.39	0.004	0.006
51051.226	2.413	0.021	0.015	-0.24	0.004	0.006
51053.158	0.914	0.020	0.007	-0.86	0.004	0.006
51053.221	2.415	0.020	0.018	-0.11	0.004	0.006
51054.155	0.911	0.021	0.015	-0.29	0.004	0.006
51054.218	2.413	0.016	0.020	0.15	0.004	0.006
51055.152	0.914	0.012	0.014	0.08	0.004	0.006
51056.212	2.412	0.021	0.011	-0.51	0.004	0.006
51056.150	0.916	0.013	0.021	0.39	0.004	0.006
51056.212	2.415	0.028	0.021	-0.21	0.004	0.006
51057.147	0.913	0.023	0.013	-0.47	0.004	0.006
51057.210	2.415	0.017	0.012	-0.30	0.004	0.006
51058.145	0.912	0.013	0.034	0.74	0.004	0.006
51058.207	2.414	0.019	0.017	-0.07	0.004	0.006
51059.142	0.918	0.017	0.024	0.25	0.004	0.006
51059.204	2.414	0.023	0.021	-0.05	0.004	0.006
51060.139	0.913	0.025	0.024	-0.02	0.004	0.006
51060.201	2.415	0.022	0.013	-0.43	0.004	0.006
51061.137	0.911	0.018	0.024	0.23	0.004	0.006
51061.199	2.416	0.030	0.022	-0.25	0.004	0.006
51062.134	0.917	0.026	0.012	-0.62	0.004	0.006
51062.196	2.415	0.019	0.022	0.13	0.004	0.006
51063.131	0.916	0.013	0.022	0.42	0.004	0.006
51064.190	2.413	0.007	0.014	0.52	0.004	0.006
51065.126	0.917	0.021	0.014	-0.28	0.004	0.006
51065.188	2.414	0.018	0.014	-0.18	0.004	0.006
51068.117	0.919	0.020	0.010	-0.49	0.004	0.006
51068.180	2.413	0.020	0.025	0.16	0.004	0.006
51069.114	0.914	0.017	0.016	-0.06	0.004	0.006
51069.177	2.413	0.017	0.015	-0.10	0.004	0.006
51070.112	0.915	0.020	0.011	-0.45	0.004	0.006
51070.174	2.418	0.018	0.022	0.16	0.004	0.006
51071.109	0.917	0.021	0.012	-0.45	0.004	0.006
51071.172	2.418	0.010	0.006	-0.45	0.004	0.006
51074.101	0.912	0.016	0.012	-0.19	0.004	0.006
51074.163	2.414	0.014	0.016	0.11	0.004	0.006
51075.098	0.913	0.011	0.019	0.43	0.004	0.006
51075.160	2.414	0.012	0.017	0.29	0.004	0.006
51076.096	0.911	0.014	0.018	0.20	0.004	0.006
51076.157	2.413	0.015	0.014	-0.05	0.004	0.006
51077.093	0.912	0.010	0.013	0.15	0.004	0.006
51077.155	2.415	0.011	0.018	0.39	0.004	0.006
51078.090	0.914	0.007	0.019	0.75	0.004	0.006
51078.152	2.416	0.011	0.021	0.52	0.004	0.006
51079.087	0.912	0.009	0.013	0.25	0.004	0.006
51079.149	2.412	0.016	0.015	-0.08	0.004	0.006
51080.084	0.912	0.005	0.020	1.00	0.004	0.006
51080.146	2.415	0.007	0.024	0.90	0.004	0.006
51081.082	0.917	0.002	0.015	1.65	0.004	0.006
51081.145	2.414	0.007	0.009	0.27	0.004	0.006
51082.079	0.917	0.006	0.015	0.71	0.004	0.006
51082.142	2.417	0.030	0.014	-0.56	0.004	0.006
51083.076	0.916	0.020	0.020	0.00	0.004	0.006
51083.139	2.411	0.028	0.012	-0.67	0.004	0.006
51084.073	0.913	0.010	0.014	0.29	0.004	0.006
51084.136	2.419	0.017	0.014	-0.12	0.004	0.006
51085.071	0.914	0.006	0.010	0.37	0.004	0.006
51085.133	2.413	0.013	0.009	-0.23	0.004	0.006
51086.131	2.420	0.017	0.016	0.00	0.004	0.006
51089.122	2.420	0.014	0.013	-0.06	0.004	0.006
51090.120	2.419	0.029	0.023	-0.19	0.004	0.006
51091.117	2.419	0.020	0.020	-0.02	0.004	0.006
51092.114	2.423	0.027	0.019	-0.30	0.004	0.006
51093.111	2.423	0.015	0.018	0.11	0.004	0.006
51094.108	2.421	0.010	0.007	-0.30	0.004	0.006
51095.106	2.419	0.021	0.017	-0.19	0.004	0.006
51096.104	2.423	0.011	0.015	0.23	0.004	0.006
51097.101	2.423	0.012	0.011	-0.06	0.004	0.006
51098.098	2.422	0.012	0.013	0.07	0.004	0.006
51099.095	2.421	0.018	0.020	0.07	0.004	0.006
51100.093	2.423	0.020	0.013	-0.35	0.004	0.006
51101.090	2.422	0.013	0.022	0.43	0.004	0.006
51102.087	2.422	0.023	0.013	-0.41	0.004	0.006
51103.084	2.421	0.021	0.019	-0.11	0.004	0.006
51104.081	2.421	0.020	0.018	-0.10	0.004	0.006
51105.079	2.424	0.013	0.017	0.22	0.004	0.006
51106.076	2.423	0.023	0.012	-0.50	0.004	0.006
51107.073	2.420	0.016	0.007	-0.59	0.004	0.006
51108.070	2.422	0.016	0.010	-0.34	0.004	0.006
51109.068	2.423	0.018	0.014	-0.17	0.004	0.006
51110.065	2.421	0.023	0.016	-0.25	0.004	0.006
51111.062	2.418	0.015	0.007	-0.56	0.004	0.006
51112.060	2.420	0.022	0.014	-0.35	0.004	0.006
51113.057	2.423	0.018	0.019	0.03	0.004	0.006
51114.055	2.420	0.021	0.029	0.24	0.004	0.006
51115.052	2.423	0.017	0.013	-0.22	0.004	0.006
51116.049	2.423	0.022	0.006	-0.99	0.004	0.006
51117.046	2.419	0.024	0.009	-0.80	0.004	0.006
51118.043	2.420	0.011	0.026	0.62	0.004	0.006
51119.041	2.421	0.019	0.019	0.01	0.004	0.006
51120.038	2.422	0.017	0.010	-0.41	0.004	0.006
51121.035	2.422	0.011	0.007	-0.34	0.004	0.006
51122.032	2.417	0.027	0.015	-0.45	0.004	0.006
51123.029	2.417	0.017	0.014	-0.14	0.004	0.006
51124.026	2.417	0.013	0.020	0.30	0.004	0.006
51125.024	2.420	0.018	0.009	-0.57	0.004	0.006
51126.021	2.421	0.014	0.021	0.29	0.004	0.006
51127.019	2.419	0.011	0.017	0.37	0.004	0.006
51128.017	2.424	0.019	0.013	-0.29	0.004	0.006
51129.014	2.421	0.021	0.010	-0.53	0.004	0.006
51130.011	2.422	0.009	0.017	0.45	0.004	0.006
51131.008	2.422	0.011	0.025	0.65	0.004	0.006
51132.005	2.417	0.021	0.018	-0.13	0.004	0.006
51133.002	2.422	0.011	0.016	0.27	0.004	0.006
51134.000	2.418	0.015	0.023	0.34	0.004	0.006
51137.988	2.420	0.017	0.029	0.44	0.004	0.006
51138.986	2.419	0.017	0.021	0.17	0.004	0.006
51139.983	2.420	0.015	0.018	0.16	0.004	0.006
51144.970	2.421	0.010	0.018	0.48	0.004	0.006
51145.967	2.419	0.015	0.021	0.26	0.004	0.006
51146.964	2.418	0.022	0.023	0.03	0.004	0.006
51147.961	2.418	0.015	0.012	-0.16	0.004	0.006
51148.959	2.421	0.013	0.031	0.65	0.004	0.006
51149.956	2.420	0.029	0.019	-0.33	0.004	0.006
51150.953	2.421	0.023	0.020	-0.10	0.004	0.006
51151.950	2.421	0.012	0.018	0.31	0.004	0.006
51152.948	2.422	0.017	0.022	0.20	0.004	0.006
51153.945	2.423	0.028	0.025	-0.08	0.004	0.006
51154.942	2.419	0.015	0.013	-0.12	0.004	0.006
51155.939	2.421	0.016	0.017	0.05	0.004	0.006
51156.937	2.422	0.017	0.014	-0.15	0.004	0.006
51157.935	2.423	0.014	0.005	-0.77	0.004	0.006
51158.932	2.420	0.004	0.010	0.70	0.004	0.006
51159.929	2.423	0.016	0.019	0.15	0.004	0.006
51160.926	2.419	0.006	0.017	0.87	0.004	0.006
51161.923	2.420	0.016	0.019	0.13	0.004	0.006
51162.921	2.421	0.019	0.022	0.11	0.004	0.006
51163.918	2.424	0.012	0.026	0.59	0.004	0.006
51165.912	2.420	0.015	0.016	0.06	0.004	0.006
51166.909	2.420	0.018	0.009	-0.55	0.004	0.006
51167.906	2.418	0.008	0.010	0.18	0.004	0.006
51168.904	2.422	0.021	0.027	0.18	0.004	0.006
51169.901	2.421	0.012	0.023	0.52	0.004	0.006
51173.891	2.422	0.019	0.014	-0.26	0.004	0.006
51174.888	2.422	0.013	0.018	0.26	0.004	0.006
51176.882	2.420	0.016	0.010	-0.36	0.004	0.006
51177.880	2.419	0.020	0.023	0.14	0.004	0.006
51180.871	2.421	0.032	0.009	-0.98	0.004	0.006
51181.868	2.422	0.021	0.016	-0.22	0.004	0.006
51182.866	2.421	0.023	0.006	-1.00	0.004	0.006
51183.863	2.418	0.021	0.041	0.52	0.004	0.006
51189.847	2.422	0.025	0.022	-0.09	0.004	0.006
51193.836	2.423	0.033	0.029	-0.08	0.004	0.006
51194.833	2.428	0.025	0.024	-0.05	0.004	0.006
51196.827	2.421	0.019	0.036	0.48	0.004	0.006
51198.822	2.422	0.013	0.012	-0.02	0.004	0.006
51199.819	2.416	0.014	0.016	0.12	0.004	0.006
51200.816	2.423	0.019	0.016	-0.11	0.004	0.006
51201.814	2.423	0.019	0.017	-0.09	0.004	0.006
51202.812	2.421	0.006	0.015	0.77	0.004	0.006
51204.806	2.422	0.020	0.013	-0.33	0.004	0.006
51205.803	2.423	0.016	0.017	0.04	0.004	0.006
51206.801	2.423	0.014	0.022	0.37	0.004	0.006
51207.798	2.423	0.010	0.012	0.12	0.004	0.006
51208.795	2.423	0.013	0.011	-0.12	0.004	0.006
51209.792	2.422	0.016	0.016	-0.02	0.004	0.006
51210.789	2.424	0.010	0.004	-0.75	0.004	0.006
51211.787	2.422	0.017	0.013	-0.20	0.004	0.006
51212.784	2.423	0.012	0.020	0.38	0.004	0.006
51213.782	2.456	0.024	0.013	-0.49	0.004	0.006
51214.716	0.914	0.016	0.007	-0.63	0.004	0.006
51214.778	2.415	0.011	0.020	0.44	0.004	0.006
51215.713	0.915	0.014	0.015	0.05	0.004	0.006
51215.775	2.415	0.012	0.010	-0.14	0.004	0.006
51216.711	0.916	0.010	0.008	-0.16	0.004	0.006
51216.772	2.414	0.027	0.011	-0.65	0.004	0.006
51217.708	0.918	0.006	0.019	0.82	0.004	0.006
51217.770	2.412	0.013	0.021	0.37	0.004	0.006
51218.705	0.914	0.012	0.014	0.13	0.004	0.006
51218.768	2.412	0.009	0.022	0.66	0.004	0.006
51221.696	0.914	0.009	0.016	0.40	0.004	0.006
51221.759	2.416	0.013	0.023	0.43	0.004	0.006
51222.694	0.914	0.012	0.014	0.16	0.004	0.006
51222.756	2.412	0.012	0.020	0.43	0.004	0.006
51223.691	0.913	0.009	0.013	0.29	0.004	0.006
51223.754	2.414	0.008	0.015	0.51	0.004	0.006
51224.688	0.913	0.008	0.015	0.42	0.004	0.006
51224.751	2.414	0.015	0.009	-0.40	0.004	0.006
51225.686	0.913	0.009	0.020	0.57	0.004	0.006
51225.748	2.417	0.016	0.012	-0.22	0.004	0.006
51226.683	0.914	0.012	0.008	-0.32	0.004	0.006
51226.745	2.412	0.013	0.005	-0.70	0.004	0.006
51228.678	0.912	0.008	0.019	0.71	0.004	0.006
51228.740	2.412	0.007	0.014	0.56	0.004	0.006
51229.675	0.916	0.005	0.011	0.58	0.004	0.006
51229.737	2.412	0.016	0.007	-0.62	0.004	0.006
51230.672	0.915	0.005	0.012	0.60	0.004	0.006
51230.734	2.413	0.010	0.016	0.36	0.004	0.006
51231.669	0.900	0.016	0.024	0.28	0.004	0.006
51231.731	2.414	0.008	0.020	0.73	0.004	0.006
51232.667	0.914	0.008	0.015	0.49	0.004	0.006
51232.729	2.414	0.022	0.016	-0.22	0.004	0.006
51233.664	0.911	0.011	0.035	0.88	0.004	0.006
51233.727	2.412	0.009	0.014	0.31	0.004	0.006
51235.722	2.445	0.019	0.021	0.07	0.004	0.006
51236.656	0.914	0.017	0.023	0.23	0.004	0.006
51236.718	2.413	0.020	0.030	0.32	0.004	0.006
51237.653	0.913	0.015	0.021	0.25	0.004	0.006
51237.716	2.417	0.031	0.021	-0.28	0.004	0.006
51239.647	0.914	0.006	0.014	0.62	0.004	0.006
51239.710	2.414	0.035	0.027	-0.21	0.004	0.006
51240.645	0.917	0.017	0.010	-0.40	0.004	0.006
51240.707	2.412	0.004	0.016	1.15	0.004	0.006
51243.637	0.910	0.009	0.012	0.23	0.004	0.006
51244.634	0.917	0.002	0.010	1.26	0.004	0.006
51244.696	2.412	0.009	0.009	-0.03	0.004	0.006
51245.631	0.911	0.007	0.013	0.49	0.004	0.006
51245.693	2.417	0.014	0.015	0.04	0.004	0.006
51246.690	2.416	0.012	0.010	-0.08	0.004	0.006
51247.626	0.914	0.014	0.012	-0.14	0.004	0.006
51247.688	2.412	0.009	0.018	0.57	0.004	0.006
51249.620	0.911	0.011	0.006	-0.40	0.004	0.006
51249.683	2.414	0.006	0.018	0.80	0.004	0.006
51250.617	0.914	0.012	0.015	0.16	0.004	0.006
51250.680	2.412	0.013	0.013	0.01	0.004	0.006
51253.609	0.911	0.008	0.011	0.26	0.004	0.006
51253.672	2.413	0.010	0.010	-0.04	0.004	0.006
51254.606	0.914	0.011	0.015	0.24	0.004	0.006
51254.669	2.416	0.006	0.008	0.26	0.004	0.006
51256.602	0.915	0.016	0.015	-0.05	0.004	0.006
51256.663	2.415	0.021	0.014	-0.33	0.004	0.006
51257.599	0.914	0.010	0.010	0.03	0.004	0.006
51257.661	2.419	0.009	0.024	0.81	0.004	0.006
51258.596	0.918	0.007	0.010	0.33	0.004	0.006
51258.658	2.416	0.011	0.018	0.38	0.004	0.006
51259.593	0.917	0.011	0.016	0.34	0.004	0.006
51259.655	2.413	0.021	0.021	0.01	0.004	0.006
51260.590	0.912	0.015	0.007	-0.62	0.004	0.006
51260.652	2.414	0.016	0.024	0.31	0.004	0.006
51261.588	0.917	0.009	0.014	0.34	0.004	0.006
51261.649	2.413	0.019	0.013	-0.27	0.004	0.006
51262.585	0.915	0.004	0.016	0.99	0.004	0.006
51263.582	0.915	0.008	0.016	0.58	0.004	0.006
51263.645	2.411	0.012	0.021	0.44	0.004	0.006
51264.579	0.913	0.007	0.002	-0.83	0.004	0.006
51264.642	2.413	0.008	0.013	0.35	0.004	0.006
51265.576	0.914	0.008	0.010	0.17	0.004	0.006
51265.639	2.415	0.015	0.012	-0.18	0.004	0.006
51266.574	0.913	0.007	0.011	0.38	0.004	0.006
51266.637	2.415	0.018	0.016	-0.07	0.004	0.006
51267.571	0.915	0.010	0.009	-0.15	0.004	0.006
51267.634	2.415	0.009	0.010	0.14	0.004	0.006
51268.568	0.913	0.008	0.015	0.48	0.004	0.006
51268.631	2.413	0.011	0.012	0.06	0.004	0.006
51269.565	0.918	0.017	0.011	-0.37	0.004	0.006
51270.562	0.914	0.006	0.011	0.44	0.004	0.006
51270.625	2.413	0.011	0.021	0.47	0.004	0.006
51271.561	0.911	0.004	0.009	0.64	0.004	0.006
51271.622	2.412	0.014	0.012	-0.06	0.004	0.006
51272.558	0.913	0.007	0.025	1.02	0.004	0.006
51272.620	2.416	0.014	0.015	0.04	0.004	0.006
51273.555	0.914	0.013	0.013	0.00	0.004	0.006
51273.617	2.412	0.015	0.022	0.29	0.004	0.006
51275.549	0.912	0.010	0.009	-0.11	0.004	0.006
51275.611	2.412	0.006	0.017	0.81	0.004	0.006
51277.544	0.915	0.013	0.015	0.12	0.004	0.006
51277.606	2.414	0.019	0.015	-0.18	0.004	0.006
51278.541	0.913	0.015	0.013	-0.09	0.004	0.006
51278.604	2.411	0.010	0.023	0.67	0.004	0.006
51280.535	0.913	0.008	0.011	0.29	0.004	0.006
51280.598	2.413	0.015	0.012	-0.14	0.004	0.006
51281.533	0.912	0.013	0.008	-0.39	0.004	0.006
51281.596	2.415	0.017	0.009	-0.47	0.004	0.006
51282.530	0.911	0.004	0.003	-0.34	0.004	0.006
51282.593	2.415	0.011	0.012	0.11	0.004	0.006
51284.524	0.914	0.011	0.010	-0.04	0.004	0.006
51284.587	2.412	0.007	0.012	0.46	0.004	0.006
51285.522	0.913	0.005	0.011	0.66	0.004	0.006
51285.584	2.414	0.013	0.010	-0.20	0.004	0.006
51286.520	0.913	0.008	0.005	-0.41	0.004	0.006
51286.582	2.413	0.007	0.010	0.23	0.004	0.006
51288.514	0.911	0.014	0.009	-0.32	0.004	0.006
51288.576	2.415	0.004	0.005	0.12	0.004	0.006
51289.511	0.914	0.004	0.010	0.83	0.004	0.006
51289.573	2.415	0.008	0.012	0.27	0.004	0.006
51290.508	0.903	0.015	0.015	0.01	0.004	0.006
51291.506	0.913	0.005	0.008	0.40	0.004	0.006
51291.568	2.418	0.013	0.010	-0.23	0.004	0.006
51292.503	0.914	0.007	0.018	0.79	0.004	0.006
51292.565	2.417	0.012	0.013	0.11	0.004	0.006
51293.500	0.912	0.010	0.013	0.21	0.004	0.006
51293.562	2.415	0.018	0.006	-0.81	0.004	0.006
51294.497	0.916	0.009	0.008	-0.09	0.004	0.006
51294.560	2.415	0.010	0.006	-0.39	0.004	0.006
51295.495	0.913	0.013	0.013	0.00	0.004	0.006
51295.557	2.412	0.005	0.004	-0.10	0.004	0.006
51296.492	0.913	0.009	0.017	0.48	0.004	0.006
51296.555	2.413	0.010	0.012	0.12	0.004	0.006
51297.489	0.914	0.004	0.019	1.25	0.004	0.006
51298.486	0.915	0.010	0.014	0.25	0.004	0.006
51298.549	2.416	0.016	0.016	-0.03	0.004	0.006
51299.483	0.914	0.004	0.015	1.07	0.004	0.006
51299.546	2.416	0.025	0.021	-0.12	0.004	0.006
51300.481	0.914	0.012	0.011	-0.01	0.004	0.006
51300.544	2.416	0.002	0.008	0.95	0.004	0.006
51301.479	0.912	0.009	0.013	0.31	0.004	0.006
51301.541	2.414	0.013	0.010	-0.19	0.004	0.006
51302.476	0.913	0.007	0.022	0.86	0.004	0.006
51302.538	2.414	0.013	0.024	0.51	0.004	0.006
51303.473	0.918	0.006	0.015	0.74	0.004	0.006
51303.535	2.416	0.007	0.013	0.54	0.004	0.006
51304.470	0.912	0.004	0.014	0.90	0.004	0.006
51304.532	2.413	0.012	0.013	0.04	0.004	0.006
51305.468	0.913	0.003	0.014	1.14	0.004	0.006
51305.529	2.414	0.010	0.016	0.36	0.004	0.006
51306.465	0.914	0.005	0.018	0.93	0.004	0.006
51306.527	2.417	0.010	0.022	0.63	0.004	0.006
51307.462	0.915	0.006	0.010	0.35	0.004	0.006
51307.524	2.413	0.015	0.023	0.34	0.004	0.006
51308.459	0.915	0.008	0.019	0.68	0.004	0.006
51308.521	2.414	0.013	0.009	-0.29	0.004	0.006
51309.456	0.915	0.007	0.022	0.90	0.004	0.006
51309.519	2.415	0.027	0.018	-0.33	0.004	0.006
51310.454	0.913	0.014	0.018	0.20	0.004	0.006
51311.451	0.914	0.010	0.016	0.41	0.004	0.006
51311.514	2.412	0.015	0.014	-0.06	0.004	0.006
51313.445	0.912	0.019	0.023	0.18	0.004	0.006
51313.508	2.415	0.019	0.004	-1.11	0.004	0.006
51316.438	0.917	0.013	0.016	0.14	0.004	0.006
51316.500	2.413	0.026	0.024	-0.07	0.004	0.006
51317.435	0.914	0.013	0.021	0.39	0.004	0.006
51317.497	2.416	0.028	0.016	-0.43	0.004	0.006
51319.429	0.913	0.015	0.020	0.24	0.004	0.006
51319.491	2.413	0.015	0.013	-0.08	0.004	0.006
51320.427	0.914	0.009	0.015	0.38	0.004	0.006
51320.488	2.411	0.009	0.020	0.60	0.004	0.006
51323.418	0.912	-1.000	-1.000	-10.00	0.000	0.000
51323.480	2.414	-1.000	-1.000	-10.00	0.000	0.000
51327.407	0.918	0.016	0.016	-0.01	0.004	0.006
51327.470	2.413	0.022	0.013	-0.42	0.004	0.006
51328.404	0.914	0.013	0.015	0.14	0.004	0.006
51328.467	2.413	0.012	0.015	0.14	0.004	0.006
51329.402	0.914	0.010	0.013	0.16	0.004	0.006
51329.464	2.415	0.005	0.017	0.95	0.004	0.006
51330.399	0.914	0.010	0.017	0.39	0.004	0.006
51330.462	2.413	0.019	0.009	-0.55	0.004	0.006
51331.396	0.911	0.011	0.014	0.18	0.004	0.006
51331.459	2.415	0.037	0.019	-0.53	0.004	0.006
51332.394	0.913	0.014	0.010	-0.22	0.004	0.006
51332.456	2.412	0.017	0.010	-0.42	0.004	0.006
51333.391	0.914	0.014	0.015	0.09	0.004	0.006
51333.453	2.413	0.017	0.024	0.26	0.004	0.006
51334.389	0.914	0.015	0.014	-0.06	0.004	0.006
51334.450	2.412	0.016	0.018	0.10	0.004	0.006
51335.386	0.912	0.015	0.023	0.33	0.004	0.006
51335.448	2.415	0.012	0.022	0.45	0.004	0.006
51336.383	0.913	0.011	0.015	0.22	0.004	0.006
51336.445	2.414	0.012	0.023	0.50	0.004	0.006
51337.380	0.913	0.018	0.015	-0.13	0.004	0.006
51337.442	2.411	0.025	0.014	-0.47	0.004	0.006
51338.377	0.915	0.021	0.021	0.01	0.004	0.006
51338.439	2.413	0.027	0.007	-1.03	0.004	0.006
51339.375	0.914	0.013	0.017	0.23	0.004	0.006
51339.437	2.414	0.019	0.021	0.10	0.004	0.006
51340.372	0.911	0.009	0.022	0.64	0.004	0.006
51340.434	2.410	0.025	0.014	-0.44	0.004	0.006
51341.369	0.913	0.019	0.020	0.04	0.004	0.006
51341.432	2.412	0.011	0.023	0.55	0.004	0.006
51342.366	0.912	0.010	0.021	0.58	0.004	0.006
51342.429	2.412	0.010	0.024	0.65	0.004	0.006
51343.363	0.914	0.023	0.018	-0.21	0.004	0.006
51343.426	2.411	0.024	0.030	0.17	0.004	0.006
51344.361	0.915	0.018	0.014	-0.17	0.004	0.006
51344.423	2.414	0.022	0.028	0.18	0.004	0.006
51345.358	0.914	0.013	0.009	-0.26	0.004	0.006
51345.421	2.412	0.024	0.028	0.13	0.004	0.006
51346.355	0.914	0.024	0.024	0.02	0.004	0.006
51346.418	2.413	0.020	0.021	0.03	0.004	0.006
51347.353	0.914	0.012	0.019	0.32	0.004	0.006
51347.415	2.413	0.018	0.024	0.20	0.004	0.006
51348.350	0.914	0.015	0.012	-0.21	0.004	0.006
51348.412	2.410	0.019	0.025	0.23	0.004	0.006
51349.347	0.911	0.018	0.018	0.00	0.004	0.006
51349.409	2.412	0.013	0.013	0.04	0.004	0.006
51350.345	0.911	0.025	0.011	-0.64	0.004	0.006
51350.407	2.412	0.023	0.023	-0.02	0.004	0.006
51351.342	0.913	0.018	0.023	0.20	0.004	0.006
51351.404	2.411	0.021	0.033	0.35	0.004	0.006
51352.339	0.914	0.023	0.018	-0.18	0.004	0.006
51352.401	2.414	0.018	0.020	0.07	0.004	0.006
51353.336	0.914	0.011	0.014	0.16	0.004	0.006
51353.398	2.412	0.010	0.022	0.61	0.004	0.006
51354.396	2.412	0.023	0.017	-0.26	0.004	0.006
51355.394	2.412	0.037	0.016	-0.62	0.004	0.006
51356.391	2.413	0.031	0.014	-0.61	0.004	0.006
51357.388	2.414	0.021	0.017	-0.13	0.004	0.006
51358.385	2.413	0.021	0.025	0.16	0.004	0.006
51359.382	2.412	0.020	0.028	0.27	0.004	0.006
51360.380	2.411	0.019	0.022	0.12	0.004	0.006
51361.377	2.412	0.029	0.007	-1.10	0.004	0.006
51362.374	2.412	0.023	0.015	-0.32	0.004	0.006
51363.371	2.412	0.015	0.032	0.58	0.004	0.006
51364.369	2.414	0.021	0.013	-0.39	0.004	0.006
51365.366	2.414	0.019	0.013	-0.28	0.004	0.006
51367.360	2.410	0.017	0.018	0.04	0.004	0.006
51368.357	2.416	0.013	0.018	0.27	0.004	0.006
51370.353	2.414	0.036	0.034	-0.04	0.004	0.006
51371.350	2.414	0.024	0.033	0.24	0.004	0.006
51372.347	2.412	0.034	0.018	-0.49	0.004	0.006
51373.344	2.411	0.020	0.025	0.19	0.004	0.006
51374.342	2.413	0.014	0.008	-0.46	0.004	0.006
51375.339	2.411	0.018	0.032	0.46	0.004	0.006
51376.336	2.411	0.009	0.028	0.88	0.004	0.006
51377.333	2.413	0.022	0.039	0.45	0.004	0.006
51378.330	2.414	0.020	0.018	-0.10	0.004	0.006
51379.328	2.413	0.010	0.024	0.71	0.004	0.006
51381.322	2.412	0.028	0.025	-0.09	0.004	0.006
51382.319	2.412	0.020	0.013	-0.31	0.004	0.006
51383.318	2.463	0.029	0.044	0.30	0.004	0.006
51384.314	2.414	0.030	0.012	-0.69	0.004	0.006
51385.312	2.415	0.020	0.029	0.29	0.004	0.006
51388.303	2.411	0.027	0.009	-0.85	0.004	0.006
51389.301	2.413	0.014	0.009	-0.36	0.004	0.006
51390.298	2.413	0.015	0.009	-0.45	0.004	0.006
51391.295	2.412	0.028	0.015	-0.47	0.004	0.006
51392.292	2.413	0.045	0.024	-0.46	0.004	0.006
51393.289	2.412	0.032	0.030	-0.03	0.004	0.006
51394.287	2.411	0.015	0.011	-0.29	0.004	0.006
51395.284	2.412	0.033	0.009	-0.97	0.004	0.006
51396.281	2.415	0.030	0.007	-1.16	0.004	0.006
51397.278	2.416	0.029	0.025	-0.09	0.004	0.006
51398.275	2.413	0.039	0.014	-0.77	0.004	0.006
51400.271	2.414	0.029	0.019	-0.34	0.004	0.006
51401.268	2.418	0.016	0.017	0.05	0.004	0.006
51402.265	2.412	0.007	0.032	1.16	0.004	0.006
51403.262	2.411	0.008	0.019	0.65	0.004	0.006
51404.260	2.414	0.020	0.006	-0.94	0.004	0.006
51405.257	2.413	0.027	0.010	-0.73	0.004	0.006
51406.254	2.413	0.022	0.030	0.24	0.004	0.006
51407.251	2.416	0.014	0.011	-0.20	0.004	0.006
51408.248	2.413	0.017	0.023	0.22	0.004	0.006
51409.246	2.412	0.012	0.030	0.71	0.004	0.006
51410.243	2.418	0.009	0.020	0.67	0.004	0.006
51411.240	2.411	0.013	0.010	-0.20	0.004	0.006
51412.237	2.412	0.019	0.008	-0.68	0.004	0.006
51414.232	2.413	0.012	0.023	0.55	0.004	0.006
51415.229	2.415	0.015	0.016	0.03	0.004	0.006
51416.227	2.411	0.015	0.004	-1.03	0.004	0.006
51417.224	2.412	0.014	0.011	-0.23	0.004	0.006
51418.221	2.413	0.007	0.008	0.01	0.004	0.006
51419.219	2.414	0.012	0.016	0.20	0.004	0.006
51420.216	2.412	0.019	0.009	-0.57	0.004	0.006
51421.213	2.413	0.012	0.008	-0.28	0.004	0.006
51422.210	2.416	0.006	0.019	0.89	0.004	0.006
51423.208	2.413	0.011	0.015	0.28	0.004	0.006
51424.205	2.416	0.019	0.016	-0.15	0.004	0.006
51425.202	2.417	0.026	0.012	-0.59	0.004	0.006
51426.199	2.415	0.023	0.009	-0.73	0.004	0.006
51427.196	2.414	0.018	0.006	-0.82	0.004	0.006
51428.194	2.417	0.021	0.011	-0.53	0.004	0.006
51429.191	2.416	0.016	0.023	0.27	0.004	0.006
51430.188	2.415	0.008	0.014	0.38	0.004	0.006
51431.186	2.415	0.012	0.020	0.40	0.004	0.006
51432.183	2.415	0.019	0.015	-0.19	0.004	0.006
51433.181	2.417	0.026	0.013	-0.52	0.004	0.006
51434.178	2.417	0.017	0.011	-0.33	0.004	0.006
51435.175	2.414	0.018	0.015	-0.11	0.004	0.006
51436.172	2.413	0.017	0.026	0.33	0.004	0.006
51437.169	2.416	0.008	0.015	0.47	0.004	0.006
51438.166	2.411	0.014	0.008	-0.46	0.004	0.006
51439.164	2.412	0.016	0.010	-0.34	0.004	0.006
51440.161	2.411	0.021	0.016	-0.21	0.004	0.006
51441.158	2.415	0.005	0.009	0.47	0.004	0.006
51442.155	2.412	0.015	0.011	-0.20	0.004	0.006
51443.153	2.415	0.012	0.021	0.44	0.004	0.006
51444.150	2.413	0.013	0.016	0.16	0.004	0.006
51445.147	2.414	0.011	0.013	0.11	0.004	0.006
51446.145	2.413	0.014	0.022	0.37	0.004	0.006
51447.142	2.415	0.013	0.034	0.73	0.004	0.006
51448.140	2.415	0.022	0.030	0.21	0.004	0.006
51453.126	2.411	0.016	0.023	0.28	0.004	0.006
51454.123	2.415	0.020	0.030	0.32	0.004	0.006
51455.120	2.414	0.026	0.030	0.10	0.004	0.006
51456.117	2.414	0.017	0.011	-0.31	0.004	0.006
51457.115	2.415	0.018	0.026	0.29	0.004	0.006
51458.112	2.416	0.017	0.024	0.25	0.004	0.006
51459.109	2.419	0.020	0.024	0.14	0.004	0.006
51460.106	2.419	0.020	0.026	0.19	0.004	0.006
51461.104	2.417	0.013	0.018	0.28	0.004	0.006
51462.102	2.418	0.015	0.019	0.19	0.004	0.006
51463.099	2.418	0.018	0.025	0.25	0.004	0.006
51464.096	2.418	0.017	0.021	0.15	0.004	0.006
51465.093	2.416	0.013	0.023	0.43	0.004	0.006
51466.090	2.414	0.015	0.023	0.34	0.004	0.006
51467.088	2.415	0.023	0.020	-0.11	0.004	0.006
51468.085	2.416	0.029	0.013	-0.62	0.004	0.006
51469.082	2.419	0.014	0.025	0.45	0.004	0.006
51470.079	2.415	0.005	0.009	0.40	0.004	0.006
51471.077	2.418	0.012	0.026	0.60	0.004	0.006
51472.073	2.413	0.007	0.014	0.47	0.004	0.006
51474.068	2.415	0.013	0.012	-0.04	0.004	0.006
51475.065	2.414	0.009	0.013	0.26	0.004	0.006
51476.062	2.413	0.010	0.008	-0.20	0.004	0.006
51477.061	2.413	0.014	0.019	0.24	0.004	0.006
51478.058	2.416	0.012	0.014	0.13	0.004	0.006
51479.055	2.414	0.008	0.027	0.96	0.004	0.006
51480.052	2.415	0.010	0.016	0.32	0.004	0.006
51484.041	2.412	0.012	0.017	0.31	0.004	0.006
51485.038	2.412	0.006	0.021	0.96	0.004	0.006
51486.035	2.415	0.013	0.033	0.74	0.004	0.006
51487.033	2.418	0.011	0.020	0.45	0.004	0.006
51488.030	2.413	0.010	0.027	0.81	0.004	0.006
51489.027	2.418	0.021	0.030	0.27	0.004	0.006
51490.024	2.417	0.015	0.014	-0.04	0.004	0.006
51491.021	2.416	0.011	0.017	0.38	0.004	0.006
51492.020	2.415	0.020	0.008	-0.70	0.004	0.006
51493.017	2.418	0.020	0.021	0.01	0.004	0.006
51494.014	2.412	0.010	0.046	1.14	0.004	0.006
51495.011	2.413	0.014	0.009	-0.36	0.004	0.006
51496.008	2.413	0.010	0.021	0.56	0.004	0.006
51497.006	2.416	0.015	0.022	0.28	0.004	0.006
51498.003	2.413	0.019	0.022	0.12	0.004	0.006
51499.000	2.414	0.017	0.022	0.22	0.004	0.006
51499.997	2.415	0.016	0.026	0.38	0.004	0.006
51500.995	2.420	0.012	0.021	0.42	0.004	0.006
51501.992	2.421	0.031	0.016	-0.48	0.004	0.006
51502.989	2.419	0.008	0.013	0.37	0.004	0.006
51503.986	2.419	0.009	0.015	0.40	0.004	0.006
51504.983	2.412	0.011	0.016	0.26	0.004	0.006
51505.980	2.413	0.021	0.026	0.14	0.004	0.006
51508.973	2.411	0.016	0.025	0.34	0.004	0.006
51509.970	2.417	0.021	0.015	-0.25	0.004	0.006
51510.968	2.414	0.014	0.020	0.25	0.004	0.006
51511.965	2.413	0.018	0.027	0.33	0.004	0.006
51512.962	2.414	0.008	0.040	1.26	0.004	0.006
51513.959	2.415	0.021	0.025	0.14	0.004	0.006
51514.956	2.416	0.024	0.015	-0.38	0.004	0.006
51515.954	2.414	0.023	0.026	0.09	0.004	0.006
51516.951	2.415	0.024	0.022	-0.08	0.004	0.006
51517.948	2.415	0.026	0.024	-0.06	0.004	0.006
51518.945	2.412	0.019	0.020	0.03	0.004	0.006
51519.943	2.418	0.026	0.016	-0.37	0.004	0.006
51520.940	2.416	0.020	0.024	0.14	0.004	0.006
51521.938	2.419	0.025	0.024	-0.02	0.004	0.006
51525.927	2.417	0.015	0.024	0.34	0.004	0.006
51526.924	2.415	0.022	0.019	-0.09	0.004	0.006
51527.921	2.416	0.022	0.027	0.17	0.004	0.006
51528.918	2.416	0.011	0.016	0.29	0.004	0.006
51529.915	2.417	0.007	0.015	0.61	0.004	0.006
51530.913	2.417	0.015	0.009	-0.42	0.004	0.006
51531.910	2.412	0.014	0.021	0.28	0.004	0.006
51532.907	2.411	0.017	0.025	0.31	0.004	0.006
51533.904	2.412	0.014	0.014	0.02	0.004	0.006
51534.901	2.416	0.018	0.020	0.10	0.004	0.006
51540.886	2.413	0.009	0.021	0.61	0.004	0.006
51541.883	2.415	0.010	0.016	0.39	0.004	0.006
51542.880	2.419	0.025	0.012	-0.55	0.004	0.006
51547.866	2.417	0.007	0.013	0.46	0.004	0.006
51548.863	2.415	0.009	0.015	0.33	0.004	0.006
51549.861	2.418	0.020	0.019	-0.03	0.004	0.006
51550.858	2.415	0.030	0.018	-0.41	0.004	0.006
51551.855	2.417	0.015	0.005	-0.92	0.004	0.006
51552.853	2.418	0.015	0.026	0.44	0.004	0.006
51553.850	2.415	0.012	0.017	0.28	0.004	0.006
51557.839	2.413	0.021	0.020	-0.01	0.004	0.006
51558.836	2.414	0.017	0.015	-0.10	0.004	0.006
51559.833	2.414	0.021	0.023	0.06	0.004	0.006
51560.831	2.413	0.014	0.013	-0.05	0.004	0.006
51561.828	2.416	0.013	0.018	0.26	0.004	0.006
51562.825	2.414	0.024	0.027	0.10	0.004	0.006
51564.819	2.413	0.014	0.020	0.25	0.004	0.006
51565.817	2.412	0.014	0.014	0.04	0.004	0.006
51569.807	2.415	0.009	0.009	-0.01	0.004	0.006
51571.801	2.415	0.018	0.024	0.24	0.004	0.006
51572.798	2.416	0.019	0.030	0.34	0.004	0.006
51574.793	2.416	0.011	0.020	0.45	0.004	0.006
51575.790	2.415	0.014	0.031	0.63	0.004	0.006
51576.787	2.414	0.009	0.016	0.41	0.004	0.006
51577.784	2.411	0.015	0.027	0.47	0.004	0.006
51578.781	2.412	0.014	0.019	0.22	0.004	0.006
51579.778	2.411	0.012	0.023	0.52	0.004	0.006
51580.776	2.414	0.014	0.020	0.29	0.004	0.006
51581.773	2.412	0.006	0.023	1.03	0.004	0.006
51582.771	2.414	0.015	0.011	-0.23	0.004	0.006
51583.769	2.417	0.011	0.020	0.42	0.004	0.006
51585.763	2.412	0.014	0.024	0.40	0.004	0.006
51586.760	2.418	0.016	0.017	0.06	0.004	0.006
51587.757	2.414	0.018	0.014	-0.18	0.004	0.006
51588.754	2.413	0.014	0.028	0.53	0.004	0.006
51589.752	2.417	0.016	0.018	0.10	0.004	0.006
51590.749	2.416	0.011	0.010	-0.05	0.004	0.006
51592.743	2.417	0.007	-1.000	-10.00	0.004	0.000
51599.725	2.411	0.009	0.017	0.53	0.004	0.006
51600.722	2.417	0.018	0.010	-0.44	0.004	0.006
51601.719	2.419	0.012	0.015	0.21	0.004	0.006
51602.716	2.414	0.017	0.020	0.12	0.004	0.006
51603.714	2.417	0.012	0.013	0.03	0.004	0.006
51604.711	2.413	0.009	0.022	0.73	0.004	0.006
51606.705	2.415	0.015	0.012	-0.17	0.004	0.006
51609.697	2.415	0.006	0.018	0.81	0.004	0.006
51610.694	2.417	0.023	0.021	-0.08	0.004	0.006
51611.691	2.413	0.014	0.015	0.06	0.004	0.006
51613.687	2.414	0.013	0.010	-0.21	0.004	0.006
51614.684	2.414	0.018	0.019	0.06	0.004	0.006
51615.681	2.418	0.015	0.017	0.07	0.004	0.006
51616.678	2.413	0.018	0.044	0.68	0.004	0.006
51617.675	2.414	0.011	0.016	0.27	0.004	0.006
51618.673	2.415	0.007	0.009	0.23	0.004	0.006
51620.667	2.413	0.023	0.033	0.27	0.004	0.006
51621.664	2.412	0.012	0.013	0.06	0.004	0.006
51622.661	2.412	0.015	0.032	0.55	0.004	0.006
51623.658	2.411	0.014	0.014	-0.03	0.004	0.006
51624.656	2.417	0.008	0.009	0.06	0.004	0.006
51625.653	2.418	0.007	0.021	0.89	0.004	0.006
51627.647	2.415	0.016	0.014	-0.12	0.004	0.006
51628.646	2.418	0.034	0.013	-0.74	0.004	0.006
51629.643	2.417	0.013	0.015	0.12	0.004	0.006
51630.640	2.414	0.012	0.019	0.34	0.004	0.006
51631.637	2.412	0.015	0.021	0.27	0.004	0.006
51632.634	2.414	0.011	0.020	0.46	0.004	0.006
51633.632	2.415	0.019	0.020	0.05	0.004	0.006
51638.617	2.411	0.014	0.015	0.08	0.004	0.006
51639.618	2.499	0.014	0.015	0.04	0.004	0.006
51640.612	2.416	0.009	0.022	0.69	0.004	0.006
51645.599	2.418	0.014	0.014	0.00	0.004	0.006
51646.596	2.411	0.011	0.010	-0.05	0.004	0.006
51648.591	2.413	0.015	0.018	0.10	0.004	0.006
51649.588	2.416	0.027	0.025	-0.06	0.004	0.006
51650.585	2.413	0.015	0.022	0.28	0.004	0.006
51651.582	2.416	0.021	0.028	0.23	0.004	0.006
51652.580	2.417	0.015	0.019	0.15	0.004	0.006
51653.577	2.413	0.015	0.025	0.41	0.004	0.006
51654.574	2.418	0.012	0.024	0.53	0.004	0.006
51658.563	2.411	0.013	0.008	-0.34	0.004	0.006
51659.561	2.413	0.006	0.019	0.87	0.004	0.006
51660.558	2.418	0.014	0.020	0.29	0.004	0.006
51661.555	2.416	0.013	0.009	-0.28	0.004	0.006
51662.553	2.418	0.009	0.014	0.37	0.004	0.006
51663.550	2.416	0.017	0.054	0.89	0.004	0.006
51664.547	2.414	0.017	0.021	0.16	0.004	0.006
51799.174	2.306	0.009	0.013	0.26	0.004	0.006
51802.166	2.309	0.035	0.004	-1.77	0.004	0.006
51803.163	2.304	0.009	0.013	0.27	0.004	0.006
51804.160	2.299	0.020	0.013	-0.35	0.004	0.006
51805.157	2.307	0.010	0.030	0.87	0.004	0.006
51806.154	2.304	0.011	0.009	-0.17	0.004	0.006
51808.149	2.304	0.008	0.013	0.42	0.004	0.006
51809.146	2.300	0.015	0.019	0.14	0.004	0.006
51811.141	2.302	0.023	0.022	-0.03	0.004	0.006
51813.136	2.301	0.017	0.007	-0.61	0.004	0.006
51814.133	2.300	0.018	0.017	-0.06	0.004	0.006
51816.127	2.304	0.013	0.018	0.25	0.004	0.006
51817.124	2.304	0.025	0.026	0.05	0.004	0.006
51818.122	2.300	0.022	0.021	-0.04	0.004	0.006
51819.119	2.302	0.016	0.015	-0.03	0.004	0.006
51820.116	2.306	0.017	0.004	-1.16	0.004	0.006
51821.113	2.307	0.015	0.015	0.00	0.004	0.006
51822.111	2.312	0.025	0.019	-0.22	0.004	0.006
51823.108	2.311	0.014	0.014	0.02	0.004	0.006
