   50638.072    -2.709     0.004     0.015      0.96   0.004   0.006
   50639.060    -2.957     0.005     0.005      0.00   0.004   0.006
   50640.057    -2.953     0.006     0.008      0.25   0.004   0.006
   50641.054    -2.956     0.006     0.007      0.10   0.004   0.006
   50642.052    -2.954     0.003     0.005      0.23   0.004   0.006
   50643.049    -2.956     0.003     0.009      0.89   0.004   0.006
   50644.046    -2.954     0.003     0.009      0.77   0.004   0.006
   50645.043    -2.955     0.003     0.008      0.79   0.004   0.006
   50646.040    -2.956     0.004     0.008      0.55   0.004   0.006
   50647.038    -2.954     0.004     0.004     -0.12   0.004   0.006
   50648.035    -2.953     0.006     0.003     -0.42   0.004   0.006
   50649.032    -2.957     0.010     0.004     -0.62   0.004   0.006
   50650.029    -2.956     0.004     0.005      0.07   0.004   0.006
   50651.027    -2.954     0.003     0.007      0.70   0.004   0.006
   50652.024    -2.957     0.008     0.002     -0.86   0.004   0.006
   50653.021    -2.958     0.008     0.008      0.03   0.004   0.006
   50654.019    -2.954     0.002     0.004      0.76   0.004   0.006
   50655.016    -2.956     0.005     0.005      0.05   0.004   0.006
   50656.014    -2.953     0.003     0.009      0.83   0.004   0.006
   50657.011    -2.956     0.009     0.008     -0.14   0.004   0.006
   50658.008    -2.956     0.008     0.012      0.30   0.004   0.006
   50659.005    -2.956     0.005     0.010      0.49   0.004   0.006
   50660.003    -2.951     0.005     0.010      0.45   0.004   0.006
   50661.000    -2.951     0.004     0.010      0.63   0.004   0.006
   50661.997    -2.950     0.008     0.008     -0.06   0.004   0.006
   50662.994    -2.951     0.006     0.003     -0.59   0.004   0.006
   50663.991    -2.958     0.009     0.004     -0.70   0.004   0.006
   50664.988    -2.954     0.005     0.009      0.47   0.004   0.006
   50665.986    -2.954     0.007     0.006     -0.14   0.004   0.006
   50666.983    -2.954     0.004     0.005      0.14   0.004   0.006
   50667.980    -2.952     0.005     0.009      0.42   0.004   0.006
   50668.978    -2.953     0.003     0.005      0.35   0.004   0.006
   50669.975    -2.953     0.008     0.009      0.08   0.004   0.006
   50670.973    -2.954     0.003     0.005      0.43   0.004   0.006
   50671.970    -2.951     0.007     0.007      0.02   0.004   0.006
   50672.967    -2.955     0.008     0.011      0.28   0.004   0.006
   50673.964    -2.953     0.003     0.007      0.71   0.004   0.006
   50674.962    -2.951     0.004     0.006      0.22   0.004   0.006
   50675.959    -2.957     0.004     0.009      0.60   0.004   0.006
   50676.956    -2.953     0.004     0.006      0.22   0.004   0.006
   50677.953    -2.951     0.010     0.006     -0.42   0.004   0.006
   50678.950    -2.955     0.003     0.007      0.68   0.004   0.006
   50679.947    -2.957     0.005     0.006      0.14   0.004   0.006
   50680.945    -2.955     0.033     0.005     -1.40   0.004   0.006
   50681.942    -2.954     0.014     0.006     -0.67   0.004   0.006
   50682.939    -2.956     0.012     0.005     -0.58   0.004   0.006
   50683.937    -2.952     0.004     0.008      0.46   0.004   0.006
   50684.935    -2.951     0.006     0.007      0.11   0.004   0.006
   50685.932    -2.953     0.016     0.005     -0.82   0.004   0.006
   50686.929    -2.955     0.007     0.007     -0.06   0.004   0.006
   50687.926    -2.956     0.013     0.005     -0.78   0.004   0.006
   50688.923    -2.952     0.010     0.006     -0.44   0.004   0.006
   50689.920    -2.956     0.003     0.005      0.43   0.004   0.006
   50690.918    -2.954     0.007     0.007     -0.08   0.004   0.006
   50691.915    -2.954     0.003     0.009      0.86   0.004   0.006
   50692.912    -2.952     0.006     0.005     -0.03   0.004   0.006
   50693.909    -2.957     0.004     0.009      0.56   0.004   0.006
   50694.907    -2.955     0.003     0.004      0.36   0.004   0.006
   50696.901    -2.951     0.006     0.005     -0.15   0.004   0.006
   50697.898    -2.952     0.006     0.006     -0.09   0.004   0.006
   50698.896    -2.957     0.007     0.005     -0.20   0.004   0.006
   50699.894    -2.954     0.007     0.005     -0.28   0.004   0.006
   50700.891    -2.953     0.007     0.013      0.46   0.004   0.006
   50701.888    -2.953     0.013     0.011     -0.11   0.004   0.006
   50702.885    -2.954     0.033     0.023     -0.28   0.004   0.006
   50703.882    -2.955     0.007     0.008      0.12   0.004   0.006
   50704.880    -2.954     0.007     0.008      0.15   0.004   0.006
   50705.877    -2.953     0.002     0.010      1.13   0.004   0.006
   50706.874    -2.953     0.003     0.010      0.81   0.004   0.006
   50707.871    -2.952     0.005     0.011      0.58   0.004   0.006
   50708.868    -2.956     0.006     0.004     -0.22   0.004   0.006
   50709.866    -2.955     0.005     0.007      0.18   0.004   0.006
   50710.863    -2.955     0.003     0.008      0.83   0.004   0.006
   50711.860    -2.953     0.011     0.008     -0.24   0.004   0.006
   50712.857    -2.951     0.003     0.003      0.05   0.004   0.006
   50713.854    -2.955     0.003     0.007      0.60   0.004   0.006
   50714.853    -2.953     0.011     0.002     -1.46   0.004   0.006
   50715.850    -2.956     0.005     0.005      0.03   0.004   0.006
   50716.847    -2.950     0.005     0.007      0.20   0.004   0.006
   50717.844    -2.953     0.006     0.006     -0.05   0.004   0.006
   50718.842    -2.952     0.005     0.008      0.36   0.004   0.006
   50719.839    -2.954     0.005     0.010      0.52   0.004   0.006
   50720.836    -2.951     0.009     0.006     -0.30   0.004   0.006
   50721.833    -2.952     0.007     0.006     -0.18   0.004   0.006
   50722.830    -2.953     0.003     0.005      0.44   0.004   0.006
   50723.827    -2.954     0.007     0.011      0.31   0.004   0.006
   50724.825    -2.954     0.005     0.004     -0.12   0.004   0.006
   50725.822    -2.950     0.006     0.005     -0.16   0.004   0.006
   50726.819    -2.953     0.005     0.008      0.29   0.004   0.006
   50727.816    -2.951     0.003     0.009      0.89   0.004   0.006
   50729.812    -2.956     0.009     0.011      0.15   0.004   0.006
   50730.809    -2.955     0.007     0.005     -0.21   0.004   0.006
   50731.806    -2.953     0.009     0.005     -0.48   0.004   0.006
   50732.803    -2.954     0.008     0.008     -0.03   0.004   0.006
   50733.801    -2.950     0.003     0.010      0.88   0.004   0.006
   50734.798    -2.948     0.012     0.009     -0.23   0.004   0.006
   50736.792    -2.953     0.004     0.009      0.69   0.004   0.006
   50737.789    -2.955     0.003     0.007      0.56   0.004   0.006
   50738.787    -2.954     0.002     0.007      1.08   0.004   0.006
   50739.784    -2.955     0.005     0.007      0.24   0.004   0.006
   50740.781    -2.955     0.007     0.005     -0.22   0.004   0.006
   50741.778    -2.952     0.002     0.010      1.13   0.004   0.006
   50742.775    -2.952     0.004     0.004     -0.12   0.004   0.006
   50743.773    -2.951     0.005     0.004     -0.16   0.004   0.006
   50744.771    -2.954     0.006     0.011      0.39   0.004   0.006
   50745.768    -2.954     0.003     0.007      0.55   0.004   0.006
   50746.765    -2.951     0.005     0.006      0.07   0.004   0.006
   50747.762    -2.952     0.006     0.007      0.04   0.004   0.006
   50748.760    -2.955     0.002     0.009      1.02   0.004   0.006
   50749.757    -2.957     0.002     0.006      0.70   0.004   0.006
   50750.754    -2.955     0.007     0.009      0.19   0.004   0.006
   50751.751    -2.951     0.004     0.011      0.83   0.004   0.006
   50752.748    -2.952     0.002     0.004      0.41   0.004   0.006
   50753.745    -2.956     0.004     0.007      0.38   0.004   0.006
   50754.743    -2.949     0.008     0.005     -0.35   0.004   0.006
   50755.740    -2.952     0.004     0.003     -0.22   0.004   0.006
   50757.734    -2.954     0.006     0.005     -0.07   0.004   0.006
   50758.731    -2.956     0.010     0.006     -0.33   0.004   0.006
   50759.729    -2.953     0.005     0.007      0.16   0.004   0.006
   50760.727    -2.951     0.005     0.009      0.41   0.004   0.006
   50761.724    -2.954     0.007     0.007      0.06   0.004   0.006
   50762.721    -2.955     0.005     0.010      0.50   0.004   0.006
   50764.716    -2.956     0.005     0.006      0.04   0.004   0.006
   50765.713    -2.957     0.012     0.005     -0.64   0.004   0.006
   50766.710    -2.951     0.005     0.003     -0.23   0.004   0.006
   50767.707    -2.953     0.001     0.010      1.90   0.004   0.006
   50768.705    -2.953     0.005     0.011      0.60   0.004   0.006
   50769.702    -2.956     0.005     0.007      0.26   0.004   0.006
   50771.696    -2.956     0.003     0.004      0.26   0.004   0.006
   50772.694    -2.952     0.007     0.008      0.12   0.004   0.006
   50773.691    -2.953     0.010     0.004     -0.68   0.004   0.006
   50774.688    -2.955     0.005     0.009      0.44   0.004   0.006
   50775.686    -2.950     0.008     0.001     -1.39   0.004   0.006
   50776.683    -2.955     0.004     0.009      0.60   0.004   0.006
   50777.681    -2.950     0.006     0.006     -0.04   0.004   0.006
   50778.678    -2.955     0.005     0.006      0.22   0.004   0.006
   50780.672    -2.955     0.010     0.009     -0.05   0.004   0.006
   50781.669    -2.953     0.005     0.009      0.48   0.004   0.006
   50782.667    -2.948     0.004     0.006      0.32   0.004   0.006
   50783.664    -2.956     0.002     0.007      0.99   0.004   0.006
   50785.658    -2.955     0.004     0.005      0.25   0.004   0.006
   50786.655    -2.951     0.009     0.008     -0.06   0.004   0.006
   50787.653    -2.950     0.007     0.007      0.03   0.004   0.006
   50788.650    -2.954     0.005     0.005      0.11   0.004   0.006
   50789.647    -2.953     0.010     0.018      0.48   0.004   0.006
   50790.645    -2.955     0.006     0.002     -0.80   0.004   0.006
   50792.640    -2.951     0.005     0.007      0.15   0.004   0.006
   50793.637    -2.950     0.004     0.008      0.49   0.004   0.006
   50794.634    -2.956     0.004     0.006      0.35   0.004   0.006
   50795.631    -2.955     0.008     0.006     -0.19   0.004   0.006
   50796.628    -2.950     0.006     0.006     -0.08   0.004   0.006
   50797.625    -2.955     0.009     0.007     -0.22   0.004   0.006
   50799.620    -2.955     0.010     0.012      0.14   0.004   0.006
   50800.617    -2.954     0.005     0.004     -0.14   0.004   0.006
   50801.614    -2.952     0.008     0.007     -0.16   0.004   0.006
   50802.612    -2.950     0.003     0.007      0.67   0.004   0.006
   50803.609    -2.955     0.004     0.010      0.75   0.004   0.006
   50804.606    -2.954     0.006     0.003     -0.52   0.004   0.006
   50805.604    -2.956     0.005     0.007      0.21   0.004   0.006
   50806.601    -2.955     0.003     0.007      0.81   0.004   0.006
   50810.590    -2.956     0.003     0.009      0.85   0.004   0.006
   50811.587    -2.954     0.009     0.012      0.25   0.004   0.006
   50813.582    -2.943     0.008     0.002     -1.00   0.004   0.006
   50815.579    -2.883     0.017     0.009     -0.53   0.004   0.006
   50816.575    -2.928     0.010     0.006     -0.43   0.004   0.006
   50817.572    -2.930     0.007     0.003     -0.60   0.004   0.006
   50818.568    -2.939     0.007     0.007     -0.09   0.004   0.006
   50820.563    -2.937     0.009     0.010      0.02   0.004   0.006
   50821.562    -2.924     0.007     0.007     -0.02   0.004   0.006
   50822.559    -2.928     0.009     0.007     -0.25   0.004   0.006
   50823.556    -2.926     0.007     0.008      0.18   0.004   0.006
   50824.553    -2.929     0.008     0.003     -0.87   0.004   0.006
   50825.550    -2.930     0.007     0.006     -0.14   0.004   0.006
   50827.544    -2.936     0.005     0.002     -0.52   0.004   0.006
   50830.536    -2.928     0.010     0.011      0.04   0.004   0.006
   50831.534    -2.928     0.008     0.007     -0.09   0.004   0.006
   50832.531    -2.931     0.006     0.007      0.09   0.004   0.006
   50833.528    -2.928     0.008     0.006     -0.27   0.004   0.006
   50834.524    -2.952     0.006     0.004     -0.23   0.004   0.006
   50835.521    -2.955     0.006     0.009      0.26   0.004   0.006
   50837.517    -2.952     0.007     0.003     -0.65   0.004   0.006
   50838.514    -2.955     0.004     0.005      0.12   0.004   0.006
   50839.511    -2.951     0.008     0.012      0.34   0.004   0.006
   50840.508    -2.957     0.009     0.003     -0.79   0.004   0.006
   50842.503    -2.950     0.008     0.006     -0.14   0.004   0.006
   50843.500    -2.954     0.006     0.009      0.41   0.004   0.006
   50844.497    -2.954     0.003     0.009      0.95   0.004   0.006
   50845.494    -2.953     0.011     0.007     -0.30   0.004   0.006
   50846.492    -2.950     0.005     0.011      0.65   0.004   0.006
   50847.489    -2.952     0.009     0.003     -0.81   0.004   0.006
   50850.479    -3.019     0.011     0.007     -0.41   0.004   0.006
   50851.478    -2.956     0.005     0.007      0.19   0.004   0.006
   50852.476    -2.952     0.004     0.007      0.45   0.004   0.006
   50853.473    -2.954     0.008     0.005     -0.35   0.004   0.006
   50854.470    -2.952     0.005     0.005     -0.11   0.004   0.006
   50855.467    -2.955     0.003     0.006      0.55   0.004   0.006
   50856.465    -2.949     0.005     0.005     -0.03   0.004   0.006
   50857.462    -2.954     0.004     0.008      0.48   0.004   0.006
   50858.459    -2.955     0.009     0.004     -0.67   0.004   0.006
   50859.456    -2.952     0.014     0.008     -0.41   0.004   0.006
   50860.454    -2.951     0.002     0.008      1.02   0.004   0.006
   50861.451    -2.950     0.009     0.005     -0.34   0.004   0.006
   50862.448    -2.956     0.005     0.007      0.29   0.004   0.006
   50863.445    -2.955     0.007     0.006     -0.11   0.004   0.006
   50864.442    -2.951     0.011     0.004     -0.74   0.004   0.006
   50865.439    -2.956     0.007     0.008      0.15   0.004   0.006
   50866.438    -2.950     0.015     0.018      0.15   0.004   0.006
   50867.435    -2.956     0.010     0.007     -0.25   0.004   0.006
   50868.432    -2.953     0.008     0.009      0.12   0.004   0.006
   50869.429    -2.950     0.003     0.005      0.34   0.004   0.006
   50870.426    -2.954     0.006     0.004     -0.30   0.004   0.006
   50871.424    -2.957     0.005     0.004     -0.12   0.004   0.006
   50872.421    -2.954     0.009     0.004     -0.54   0.004   0.006
   50873.418    -2.955     0.007     0.008      0.12   0.004   0.006
   50874.418    -2.956     0.006     0.007      0.16   0.004   0.006
   50875.412    -2.956     0.005     0.006      0.08   0.004   0.006
   50876.410    -2.955     0.006     0.004     -0.26   0.004   0.006
   50877.407    -2.950     0.006     0.010      0.41   0.004   0.006
   50878.404    -2.952     0.006     0.008      0.16   0.004   0.006
   50879.401    -2.956     0.007     0.006     -0.20   0.004   0.006
   50880.399    -2.951     0.006     0.007      0.14   0.004   0.006
   50881.396    -2.952     0.007     0.007      0.02   0.004   0.006
   50882.394    -2.948     0.009     0.009      0.02   0.004   0.006
   50883.391    -2.956     0.004     0.005      0.20   0.004   0.006
   50884.388    -2.956     0.006     0.004     -0.42   0.004   0.006
   50885.385    -2.956     0.004     0.007      0.29   0.004   0.006
   50886.383    -2.952     0.005     0.001     -1.17   0.004   0.006
   50887.380    -2.957     0.005     0.006      0.11   0.004   0.006
   50888.377    -2.951     0.012     0.009     -0.29   0.004   0.006
   50889.374    -2.953     0.007     0.005     -0.18   0.004   0.006
   50890.371    -2.956     0.005     0.010      0.50   0.004   0.006
   50891.369    -2.956     0.001     0.007      1.69   0.004   0.006
   50892.366    -2.952     0.004     0.013      0.99   0.004   0.006
   50893.363    -2.952     0.012     0.012      0.01   0.004   0.006
   50894.360    -2.951     0.006     0.012      0.56   0.004   0.006
   50895.358    -2.954     0.006     0.004     -0.23   0.004   0.006
   50896.355    -2.955     0.004     0.009      0.54   0.004   0.006
   50897.353    -2.954     0.005     0.003     -0.33   0.004   0.006
   50898.350    -2.952     0.007     0.009      0.16   0.004   0.006
   50899.347    -2.951     0.007     0.008      0.07   0.004   0.006
   50900.345    -2.951     0.007     0.008      0.12   0.004   0.006
   50901.342    -2.951     0.006     0.008      0.28   0.004   0.006
   50902.339    -2.950     0.006     0.013      0.61   0.004   0.006
   50903.336    -2.954     0.002     0.010      1.11   0.004   0.006
   50904.334    -2.950     0.003     0.009      0.75   0.004   0.006
   50905.331    -2.951     0.009     0.005     -0.36   0.004   0.006
   50906.328    -2.954     0.004     0.007      0.29   0.004   0.006
   50907.325    -2.952     0.007     0.008      0.09   0.004   0.006
   50908.322    -2.955     0.004     0.010      0.72   0.004   0.006
   50909.320    -2.950     0.004     0.009      0.72   0.004   0.006
   50910.317    -2.950     0.009     0.003     -0.85   0.004   0.006
   50911.314    -2.950     0.008     0.006     -0.25   0.004   0.006
   50912.312    -2.953     0.006     0.007      0.21   0.004   0.006
   50913.310    -2.948     0.022     0.009     -0.67   0.004   0.006
   50914.306    -2.953     0.006     0.010      0.34   0.004   0.006
   50915.304    -2.955     0.006     0.008      0.30   0.004   0.006
   50916.301    -2.951     0.004     0.009      0.65   0.004   0.006
   50917.298    -2.949     0.003     0.012      0.95   0.004   0.006
   50918.295    -2.953     0.002     0.009      1.15   0.004   0.006
   50920.290    -2.953     0.005     0.006      0.10   0.004   0.006
   50921.280    -3.120     0.007     0.003     -0.66   0.004   0.006
   50922.277    -3.120     0.008     0.007     -0.05   0.004   0.006
   50923.274    -3.118     0.005     0.009      0.49   0.004   0.006
   50924.271    -3.122     0.005     0.008      0.32   0.004   0.006
   50925.270    -3.117     0.010     0.007     -0.29   0.004   0.006
   50926.267    -3.117     0.007     0.006     -0.10   0.004   0.006
   50927.264    -3.116     0.004     0.005      0.27   0.004   0.006
   50928.261    -3.121     0.004     0.016      1.06   0.004   0.006
   50929.258    -3.119     0.007     0.006     -0.13   0.004   0.006
   50930.256    -3.117     0.007     0.004     -0.42   0.004   0.006
   50931.253    -3.117     0.006     0.013      0.58   0.004   0.006
   50932.250    -3.118     0.009     0.008     -0.10   0.004   0.006
   50933.247    -3.118     0.007     0.009      0.17   0.004   0.006
   50934.245    -3.114     0.005     0.007      0.38   0.004   0.006
   50935.242    -3.118     0.006     0.004     -0.40   0.004   0.006
   50936.239    -3.122     0.006     0.007      0.13   0.004   0.006
   50937.236    -3.116     0.003     0.009      0.82   0.004   0.006
   50938.233    -3.119     0.012     0.007     -0.44   0.004   0.006
   50939.231    -3.119     0.002     0.006      0.63   0.004   0.006
   50940.229    -3.117     0.007     0.006     -0.05   0.004   0.006
   50941.226    -3.118     0.009     0.007     -0.26   0.004   0.006
   50942.223    -3.117     0.006     0.008      0.19   0.004   0.006
   50943.220    -3.118     0.013     0.006     -0.59   0.004   0.006
   50944.218    -3.118     0.008     0.002     -1.13   0.004   0.006
   50945.212    -3.119     0.006     0.012      0.58   0.004   0.006
   50946.212    -3.122     0.012     0.008     -0.32   0.004   0.006
   50947.209    -3.117     0.009     0.007     -0.16   0.004   0.006
   50948.206    -3.120     0.007     0.012      0.35   0.004   0.006
   50949.203    -3.121     0.008     0.014      0.44   0.004   0.006
   50950.201    -3.123     0.009     0.013      0.29   0.004   0.006
   50951.198    -3.118     0.007     0.010      0.31   0.004   0.006
   50952.195    -3.116     0.006     0.007      0.15   0.004   0.006
   50953.192    -3.118     0.012     0.004     -0.83   0.004   0.006
   50954.190    -3.116     0.011     0.004     -0.86   0.004   0.006
   50955.188    -3.117     0.009     0.008     -0.01   0.004   0.006
   50956.185    -3.123     0.007     0.007      0.03   0.004   0.006
   50957.182    -3.123     0.003     0.007      0.72   0.004   0.006
   50958.179    -3.120     0.006     0.006     -0.01   0.004   0.006
   50959.177    -3.118     0.009     0.006     -0.32   0.004   0.006
   50960.174    -3.122     0.005     0.006      0.13   0.004   0.006
   50961.171    -3.122     0.015     0.003     -1.20   0.004   0.006
   50962.168    -3.117     0.011     0.007     -0.32   0.004   0.006
   50963.166    -3.116     0.014     0.006     -0.65   0.004   0.006
   50964.163    -3.117     0.016     0.003     -1.25   0.004   0.006
   50965.160    -3.117     0.005     0.008      0.25   0.004   0.006
   50966.157    -3.124     0.009     0.008     -0.14   0.004   0.006
   50967.154    -3.119     0.013     0.009     -0.30   0.004   0.006
   50968.151    -3.121     0.022     0.008     -0.74   0.004   0.006
   50969.149    -3.119     0.011     0.006     -0.45   0.004   0.006
   50970.146    -3.116     0.007     0.008      0.04   0.004   0.006
   50971.144    -3.119     0.004     0.008      0.45   0.004   0.006
   50972.141    -3.119     0.004     0.007      0.53   0.004   0.006
   50974.156    -2.626     0.008     0.008     -0.05   0.004   0.006
   50975.153    -2.630     0.006     0.004     -0.32   0.004   0.006
   50976.150    -2.632     0.029     0.008     -1.01   0.004   0.006
   50977.147    -2.630     0.014     0.009     -0.28   0.004   0.006
   50978.146    -2.624     0.004     0.009      0.60   0.004   0.006
   50979.143    -2.626     0.012     0.004     -0.77   0.004   0.006
   50980.140    -2.629     0.004     0.005      0.15   0.004   0.006
   50981.137    -2.628     0.008     0.005     -0.39   0.004   0.006
   50982.134    -2.630     0.013     0.007     -0.47   0.004   0.006
   50983.131    -2.628     0.007     0.004     -0.36   0.004   0.006
   50984.129    -2.625     0.013     0.005     -0.81   0.004   0.006
   50985.126    -2.626     0.009     0.005     -0.44   0.004   0.006
   50986.123    -2.626     0.008     0.006     -0.17   0.004   0.006
   50987.120    -2.629     0.001     0.005      1.37   0.004   0.006
   50988.117    -2.628     0.011     0.005     -0.56   0.004   0.006
   50989.115    -2.629     0.004     0.005      0.19   0.004   0.006
   50991.109    -2.627     0.015     0.017      0.08   0.004   0.006
   50993.104    -2.632     0.006     0.009      0.33   0.004   0.006
   50994.102    -2.627     0.007     0.005     -0.34   0.004   0.006
   50995.099    -2.624     0.007     0.010      0.30   0.004   0.006
   50996.096    -2.625     0.010     0.008     -0.21   0.004   0.006
   50997.093    -2.631     0.009     0.005     -0.38   0.004   0.006
   50998.090    -2.628     0.005     0.016      0.91   0.004   0.006
   50999.088    -2.630     0.010     0.008     -0.20   0.004   0.006
   51000.085    -2.625     0.007     0.017      0.65   0.004   0.006
   51001.082    -2.626     0.007     0.008      0.10   0.004   0.006
   51002.079    -2.625     0.008     0.006     -0.23   0.004   0.006
   51003.076    -2.632     0.008     0.006     -0.25   0.004   0.006
   51004.074    -2.632     0.009     0.006     -0.37   0.004   0.006
   51005.071    -2.625     0.009     0.010      0.03   0.004   0.006
   51006.068    -2.625     0.009     0.007     -0.11   0.004   0.006
   51007.065    -2.626     0.005     0.013      0.64   0.004   0.006
   51008.063    -2.627     0.004     0.004      0.14   0.004   0.006
   51009.061    -2.628     0.017     0.009     -0.52   0.004   0.006
   51010.058    -2.631     0.010     0.008     -0.18   0.004   0.006
   51011.055    -2.629     0.011     0.014      0.19   0.004   0.006
   51012.052    -2.627     0.013     0.010     -0.19   0.004   0.006
   51013.050    -2.625     0.004     0.010      0.74   0.004   0.006
   51014.047    -2.627     0.007     0.005     -0.17   0.004   0.006
   51015.044    -2.630     0.012     0.011     -0.05   0.004   0.006
   51016.041    -2.630     0.010     0.004     -0.60   0.004   0.006
   51017.038    -2.626     0.015     0.008     -0.50   0.004   0.006
   51018.036    -2.625     0.015     0.006     -0.65   0.004   0.006
   51019.033    -2.626     0.016     0.007     -0.67   0.004   0.006
   51020.030    -2.626     0.013     0.003     -1.04   0.004   0.006
   51021.027    -2.629     0.012     0.008     -0.34   0.004   0.006
   51022.025    -2.625     0.009     0.012      0.23   0.004   0.006
   51023.022    -2.629     0.009     0.004     -0.65   0.004   0.006
   51024.020    -2.628     0.012     0.010     -0.09   0.004   0.006
   51025.017    -2.630     0.018     0.008     -0.65   0.004   0.006
   51026.014    -2.629     0.017     0.007     -0.73   0.004   0.006
   51027.012    -2.625     0.005     0.013      0.79   0.004   0.006
   51028.009    -2.623     0.007     0.005     -0.26   0.004   0.006
   51029.006    -2.630     0.009     0.011      0.15   0.004   0.006
   51030.003    -2.628     0.009     0.009      0.08   0.004   0.006
   51031.000    -2.627     0.008     0.012      0.30   0.004   0.006
   51031.998    -2.624     0.002     0.014      1.43   0.004   0.006
   51032.995    -2.626     0.009     0.012      0.19   0.004   0.006
   51033.992    -2.625     0.010     0.012      0.17   0.004   0.006
   51034.989    -2.626     0.009     0.008     -0.09   0.004   0.006
   51035.986    -2.628     0.020     0.014     -0.27   0.004   0.006
   51036.983    -2.630     0.009     0.010      0.10   0.004   0.006
   51037.981    -2.628     0.018     0.006     -0.85   0.004   0.006
   51038.979    -2.628     0.007     0.004     -0.55   0.004   0.006
   51039.976    -2.628     0.005     0.016      0.86   0.004   0.006
   51040.973    -2.628     0.013     0.009     -0.31   0.004   0.006
   51041.971    -2.626     0.013     0.010     -0.23   0.004   0.006
   51043.965    -2.632     0.006     0.013      0.57   0.004   0.006
   51044.962    -2.626     0.004     0.012      0.79   0.004   0.006
   51045.959    -2.626     0.010     0.015      0.28   0.004   0.006
   51046.956    -2.628     0.015     0.010     -0.28   0.004   0.006
   51047.954    -2.628     0.012     0.005     -0.63   0.004   0.006
   51048.951    -2.628     0.006     0.005     -0.14   0.004   0.006
   51049.948    -2.627     0.009     0.005     -0.36   0.004   0.006
   51050.945    -2.629     0.004     0.004      0.04   0.004   0.006
   51051.943    -2.626     0.016     0.004     -1.04   0.004   0.006
   51052.940    -2.630     0.012     0.012      0.03   0.004   0.006
   51053.938    -2.632     0.010     0.012      0.10   0.004   0.006
   51054.935    -2.625     0.012     0.004     -0.88   0.004   0.006
   51055.932    -2.627     0.017     0.018      0.02   0.004   0.006
   51056.930    -2.624     0.010     0.009     -0.10   0.004   0.006
   51057.927    -2.628     0.005     0.011      0.66   0.004   0.006
   51058.924    -2.627     0.010     0.009     -0.14   0.004   0.006
   51059.921    -2.630     0.011     0.008     -0.27   0.004   0.006
   51060.918    -2.631     0.006     0.012      0.58   0.004   0.006
   51061.916    -2.624     0.007     0.008      0.09   0.004   0.006
   51062.913    -2.627     0.015     0.005     -0.91   0.004   0.006
   51064.907    -2.629     0.008     0.012      0.33   0.004   0.006
   51067.899    -2.627     0.012     0.010     -0.14   0.004   0.006
   51068.896    -2.628     0.003     0.006      0.47   0.004   0.006
   51069.894    -2.627     0.008     0.010      0.15   0.004   0.006
   51073.879    -2.710     0.013     0.008     -0.31   0.004   0.006
   51074.877    -2.708     0.015     0.010     -0.32   0.004   0.006
   51075.874    -2.712     0.013     0.004     -0.90   0.004   0.006
   51076.871    -2.710     0.009     0.014      0.28   0.004   0.006
   51077.868    -2.715     0.013     0.002     -1.53   0.004   0.006
   51078.866    -2.708     0.006     0.007      0.14   0.004   0.006
   51079.862    -2.715     0.011     0.008     -0.19   0.004   0.006
   51080.860    -2.712     0.005     0.012      0.75   0.004   0.006
   51081.857    -2.708     0.002     0.006      0.78   0.004   0.006
   51082.854    -2.716     0.005     0.006      0.07   0.004   0.006
   51083.852    -2.711     0.006     0.010      0.35   0.004   0.006
   51084.850    -2.705     0.017     0.008     -0.55   0.004   0.006
   51085.847    -2.708     0.006     0.007      0.09   0.004   0.006
   51088.838    -2.712     0.022     0.005     -1.20   0.004   0.006
   51088.838    -2.712     0.022     0.005     -1.20   0.004   0.006
   51089.836    -2.709     0.011     0.007     -0.42   0.004   0.006
   51090.833    -2.711     0.013     0.007     -0.44   0.004   0.006
   51091.830    -2.708     0.011     0.006     -0.51   0.004   0.006
   51092.827    -2.712     0.013     0.018      0.24   0.004   0.006
   51093.825    -2.711     0.007     0.010      0.29   0.004   0.006
   51094.822    -2.707     0.001     0.008      1.69   0.004   0.006
   51095.819    -2.711     0.011     0.009     -0.18   0.004   0.006
   51096.816    -2.711     0.011     0.009     -0.16   0.004   0.006
   51097.813    -2.709     0.008     0.009      0.09   0.004   0.006
   51098.812    -2.710     0.004     0.004      0.06   0.004   0.006
   51099.809    -2.711     0.011     0.009     -0.11   0.004   0.006
   51100.806    -2.710     0.006     0.011      0.44   0.004   0.006
   51101.803    -2.708     0.006     0.006     -0.05   0.004   0.006
   51102.800    -2.711     0.009     0.012      0.16   0.004   0.006
   51103.798    -2.712     0.010     0.006     -0.45   0.004   0.006
   51104.795    -2.709     0.009     0.009      0.06   0.004   0.006
   51105.792    -2.709     0.010     0.005     -0.56   0.004   0.006
   51106.789    -2.718     0.014     0.018      0.17   0.004   0.006
   51107.786    -2.709     0.008     0.008     -0.06   0.004   0.006
   51108.784    -2.707     0.012     0.007     -0.34   0.004   0.006
   51109.781    -2.711     0.003     0.004      0.22   0.004   0.006
   51110.778    -2.708     0.001     0.007      1.82   0.004   0.006
   51111.775    -2.714     0.007     0.008      0.14   0.004   0.006
   51112.772    -2.714     0.010     0.012      0.14   0.004   0.006
   51113.771    -2.709     0.003     0.008      0.78   0.004   0.006
   51114.768    -2.715     0.005     0.005     -0.07   0.004   0.006
   51117.759    -2.713     0.027     0.019     -0.28   0.004   0.006
   51118.756    -2.714     0.008     0.005     -0.40   0.004   0.006
   51119.754    -2.708     0.006     0.005     -0.15   0.004   0.006
   51120.751    -2.713     0.006     0.005     -0.17   0.004   0.006
   51121.748    -2.709     0.005     0.007      0.17   0.004   0.006
   51123.743    -2.713     0.004     0.009      0.76   0.004   0.006
   51124.740    -2.708     0.013     0.010     -0.16   0.004   0.006
   51125.737    -2.709     0.010     0.008     -0.21   0.004   0.006
   51126.734    -2.713     0.007     0.010      0.34   0.004   0.006
   51127.731    -2.711     0.012     0.004     -0.91   0.004   0.006
   51128.729    -2.709     0.009     0.006     -0.31   0.004   0.006
   51130.724    -2.712     0.012     0.004     -0.80   0.004   0.006
   51131.721    -2.713     0.006     0.007      0.21   0.004   0.006
   51132.718    -2.711     0.003     0.007      0.68   0.004   0.006
   51133.716    -2.708     0.009     0.011      0.13   0.004   0.006
   51138.702    -2.709     0.009     0.005     -0.41   0.004   0.006
   51139.699    -2.711     0.007     0.005     -0.23   0.004   0.006
   51140.696    -2.712     0.011     0.008     -0.22   0.004   0.006
   51142.691    -2.710     0.015     0.014     -0.03   0.004   0.006
   51144.686    -2.712     0.009     0.006     -0.27   0.004   0.006
   51145.683    -2.711     0.016     0.004     -1.15   0.004   0.006
   51146.680    -2.713     0.009     0.009      0.00   0.004   0.006
   51148.675    -2.710     0.004     0.006      0.23   0.004   0.006
   51149.672    -2.709     0.008     0.006     -0.21   0.004   0.006
   51152.664    -2.712     0.013     0.013     -0.05   0.004   0.006
   51153.661    -2.714     0.006     0.007      0.07   0.004   0.006
   51154.658    -2.710     0.005     0.008      0.36   0.004   0.006
   51155.655    -2.714     0.007     0.007      0.03   0.004   0.006
   51156.652    -2.714     0.005     0.004     -0.20   0.004   0.006
   51158.647    -2.712     0.012     0.007     -0.38   0.004   0.006
   51159.645    -2.713     0.012     0.004     -0.76   0.004   0.006
   51160.642    -2.708     0.008     0.009      0.01   0.004   0.006
   51161.639    -2.712     0.017     0.019      0.05   0.004   0.006
   51162.637    -2.709     0.004     0.006      0.29   0.004   0.006
   51163.634    -2.711     0.006     0.011      0.45   0.004   0.006
   51164.631    -2.710     0.017     0.006     -0.85   0.004   0.006
   51165.628    -2.708     0.018     0.008     -0.64   0.004   0.006
   51166.626    -2.708     0.008     0.012      0.30   0.004   0.006
   51167.623    -2.710     0.006     0.004     -0.25   0.004   0.006
   51168.620    -2.710     0.007     0.007      0.08   0.004   0.006
   51169.617    -2.708     0.005     0.004     -0.11   0.004   0.006
   51170.614    -2.709     0.012     0.003     -0.99   0.004   0.006
   51173.606    -2.711     0.013     0.005     -0.76   0.004   0.006
   51174.604    -2.708     0.014     0.008     -0.43   0.004   0.006
   51175.601    -2.711     0.005     0.005     -0.12   0.004   0.006
   51176.598    -2.712     0.006     0.009      0.32   0.004   0.006
   51177.596    -2.710     0.005     0.008      0.30   0.004   0.006
   51178.593    -2.711     0.011     0.017      0.32   0.004   0.006
   51181.586    -2.684     0.013     0.006     -0.58   0.004   0.006
   51182.582    -2.712     0.011     0.005     -0.62   0.004   0.006
   51183.579    -2.708     0.014     0.010     -0.23   0.004   0.006
   51214.494    -2.710     0.019     0.018     -0.06   0.004   0.006
   51215.491    -2.711     0.003     0.010      0.89   0.004   0.006
   51216.489    -2.710     0.008     0.012      0.34   0.004   0.006
   51217.486    -2.713     0.005     0.013      0.66   0.004   0.006
   51218.483    -2.712     0.010     0.009     -0.08   0.004   0.006
   51219.480    -2.711     0.007     0.007      0.08   0.004   0.006
   51221.476    -2.710     0.003     0.014      1.27   0.004   0.006
   51222.473    -2.712     0.008     0.006     -0.17   0.004   0.006
   51223.470    -2.708     0.012     0.008     -0.34   0.004   0.006
   51224.467    -2.712     0.011     0.010     -0.09   0.004   0.006
   51225.465    -2.709     0.005     0.008      0.35   0.004   0.006
   51226.462    -2.712     0.004     0.007      0.40   0.004   0.006
   51227.459    -2.712     0.006     0.008      0.23   0.004   0.006
   51228.456    -2.712     0.003     0.009      0.78   0.004   0.006
   51229.453    -2.710     0.008     0.012      0.34   0.004   0.006
   51230.451    -2.710     0.003     0.014      1.09   0.004   0.006
   51231.448    -2.708     0.005     0.006      0.16   0.004   0.006
   51232.445    -2.710     0.005     0.009      0.37   0.004   0.006
   51233.442    -2.712     0.010     0.006     -0.40   0.004   0.006
   51234.439    -2.709     0.006     0.011      0.49   0.004   0.006
   51235.438    -2.710     0.014     0.016      0.14   0.004   0.006
   51236.435    -2.714     0.019     0.023      0.16   0.004   0.006
   51237.432    -2.713     0.006     0.038      1.39   0.004   0.006
   51239.426    -2.709     0.011     0.017      0.31   0.004   0.006
   51240.424    -2.709     0.006     0.022      0.98   0.004   0.006
   51242.418    -2.709     0.010     0.037      0.99   0.004   0.006
   51243.415    -2.710     0.007     0.003     -0.52   0.004   0.006
   51244.412    -2.710     0.008     0.007     -0.10   0.004   0.006
   51245.410    -2.710     0.014     0.006     -0.61   0.004   0.006
   51246.407    -2.712     0.005     0.012      0.71   0.004   0.006
   51248.401    -2.711     0.006     0.005     -0.16   0.004   0.006
   51249.398    -2.711     0.008     0.007     -0.08   0.004   0.006
   51250.396    -2.713     0.009     0.006     -0.38   0.004   0.006
   51253.388    -2.712     0.008     0.007     -0.19   0.004   0.006
   51254.385    -2.711     0.010     0.015      0.33   0.004   0.006
   51255.383    -2.710     0.003     0.008      0.72   0.004   0.006
   51256.380    -2.709     0.017     0.017      0.00   0.004   0.006
   51257.377    -2.708     0.013     0.009     -0.31   0.004   0.006
   51258.374    -2.712     0.007     0.012      0.35   0.004   0.006
   51259.371    -2.711     0.002     0.010      1.10   0.004   0.006
   51260.369    -2.711     0.013     0.019      0.32   0.004   0.006
   51261.366    -2.710     0.008     0.011      0.19   0.004   0.006
   51262.363    -2.714     0.003     0.017      1.26   0.004   0.006
   51263.360    -2.708     0.009     0.003     -0.87   0.004   0.006
   51264.357    -2.712     0.007     0.010      0.24   0.004   0.006
   51265.354    -2.716     0.007     0.007      0.07   0.004   0.006
   51266.353    -2.711     0.008     0.014      0.46   0.004   0.006
   51267.350    -2.710     0.008     0.011      0.25   0.004   0.006
   51268.347    -2.709     0.005     0.009      0.36   0.004   0.006
   51269.344    -2.711     0.012     0.007     -0.44   0.004   0.006
   51270.342    -2.711     0.011     0.011     -0.01   0.004   0.006
   51271.339    -2.712     0.006     0.013      0.55   0.004   0.006
   51272.336    -2.711     0.008     0.014      0.42   0.004   0.006
   51273.333    -2.712     0.004     0.010      0.71   0.004   0.006
   51274.330    -2.712     0.004     0.009      0.65   0.004   0.006
   51275.328    -2.712     0.003     0.007      0.57   0.004   0.006
   51276.325    -2.710     0.008     0.013      0.37   0.004   0.006
   51277.322    -2.712     0.008     0.011      0.19   0.004   0.006
   51278.319    -2.713     0.008     0.010      0.17   0.004   0.006
   51280.314    -2.708     0.010     0.007     -0.22   0.004   0.006
   51281.312    -2.712     0.004     0.010      0.60   0.004   0.006
   51282.309    -2.715     0.011     0.009     -0.14   0.004   0.006
   51283.306    -2.712     0.006     0.005     -0.15   0.004   0.006
   51284.303    -2.712     0.005     0.005      0.00   0.004   0.006
   51285.301    -2.715     0.005     0.007      0.32   0.004   0.006
   51286.298    -2.711     0.008     0.008      0.02   0.004   0.006
   51287.295    -2.712     0.010     0.016      0.36   0.004   0.006
   51288.292    -2.709     0.007     0.011      0.34   0.004   0.006
   51289.289    -2.712     0.004     0.007      0.37   0.004   0.006
   51290.287    -2.712     0.007     0.011      0.32   0.004   0.006
   51291.284    -2.710     0.006     0.012      0.47   0.004   0.006
   51292.281    -2.710     0.004     0.009      0.58   0.004   0.006
   51293.278    -2.709     0.005     0.006      0.20   0.004   0.006
   51294.276    -2.710     0.002     0.004      0.61   0.004   0.006
   51295.273    -2.710     0.008     0.008      0.02   0.004   0.006
   51296.271    -2.709     0.003     0.009      0.99   0.004   0.006
   51297.268    -2.713     0.006     0.007      0.09   0.004   0.006
   51311.229    -2.712     0.005     0.005     -0.03   0.004   0.006
   51313.224    -2.715     0.009     0.004     -0.71   0.004   0.006
   51316.216    -2.711     0.009     0.008     -0.09   0.004   0.006
   51317.213    -2.707     0.006     0.014      0.62   0.004   0.006
   51318.211    -2.709     0.014     0.008     -0.44   0.004   0.006
   51319.208    -2.710     0.006     0.015      0.75   0.004   0.006
   51320.205    -2.710     0.006     0.008      0.20   0.004   0.006
   51323.196    -2.717    -1.000    -1.000    -10.00   0.000   0.000
   51327.186    -2.711     0.008     0.010      0.13   0.004   0.006
   51328.183    -2.712     0.011     0.006     -0.52   0.004   0.006
   51329.181    -2.711     0.014     0.011     -0.21   0.004   0.006
   51330.178    -2.713     0.015     0.014     -0.03   0.004   0.006
   51331.175    -2.712     0.005     0.012      0.62   0.004   0.006
   51332.172    -2.711     0.006     0.003     -0.53   0.004   0.006
   51333.169    -2.714     0.005     0.004     -0.03   0.004   0.006
   51334.167    -2.710     0.012     0.009     -0.22   0.004   0.006
   51335.164    -2.712     0.018     0.008     -0.62   0.004   0.006
   51336.161    -2.709     0.007     0.006     -0.07   0.004   0.006
   51337.158    -2.712     0.015     0.010     -0.36   0.004   0.006
   51338.156    -2.711     0.006     0.013      0.61   0.004   0.006
   51339.153    -2.711     0.011     0.005     -0.66   0.004   0.006
   51344.140    -2.715     0.010     0.011      0.05   0.004   0.006
   51345.137    -2.710     0.002     0.008      0.93   0.004   0.006
   51346.134    -2.709     0.011     0.009     -0.13   0.004   0.006
   51347.131    -2.709     0.039     0.038     -0.02   0.004   0.006
   51348.129    -2.710     0.015     0.011     -0.26   0.004   0.006
   51349.126    -2.712     0.008     0.008     -0.01   0.004   0.006
   51350.123    -2.709     0.006     0.010      0.32   0.004   0.006
   51351.120    -2.707     0.008     0.009      0.10   0.004   0.006
   51352.117    -2.709     0.006     0.011      0.45   0.004   0.006
   51353.115    -2.709     0.006     0.011      0.52   0.004   0.006
   51354.112    -2.709     0.008     0.005     -0.27   0.004   0.006
   51355.109    -2.712     0.015     0.015      0.00   0.004   0.006
   51356.106    -2.712     0.004     0.009      0.58   0.004   0.006
   51357.104    -2.712     0.004     0.005      0.16   0.004   0.006
   51358.101    -2.717     0.007     0.005     -0.22   0.004   0.006
   51359.099    -2.714     0.006     0.018      0.85   0.004   0.006
   51360.096    -2.712     0.012     0.008     -0.28   0.004   0.006
   51361.093    -2.709     0.004     0.008      0.49   0.004   0.006
   51362.090    -2.714     0.004     0.011      0.73   0.004   0.006
   51367.077    -2.708     0.008     0.006     -0.21   0.004   0.006
   51368.074    -2.712     0.009     0.006     -0.35   0.004   0.006
   51370.068    -2.711     0.011     0.007     -0.36   0.004   0.006
   51371.065    -2.711     0.009     0.009      0.01   0.004   0.006
   51372.062    -2.711     0.013     0.011     -0.08   0.004   0.006
   51373.061    -2.713     0.004     0.008      0.52   0.004   0.006
   51374.058    -2.713     0.010     0.007     -0.32   0.004   0.006
   51375.055    -2.710     0.005     0.012      0.62   0.004   0.006
   51376.052    -2.716     0.008     0.010      0.16   0.004   0.006
   51377.049    -2.717     0.005     0.011      0.55   0.004   0.006
   51378.047    -2.709     0.004     0.012      0.94   0.004   0.006
   51379.044    -2.711     0.010     0.007     -0.19   0.004   0.006
   51381.038    -2.713     0.013     0.018      0.28   0.004   0.006
   51382.036    -2.710     0.012     0.008     -0.33   0.004   0.006
   51383.033    -2.711     0.007     0.002     -1.00   0.004   0.006
   51384.030    -2.715     0.004     0.007      0.45   0.004   0.006
   51385.027    -2.711     0.007     0.005     -0.19   0.004   0.006
   51388.020    -2.712     0.011     0.006     -0.45   0.004   0.006
   51389.017    -2.713     0.009     0.016      0.40   0.004   0.006
   51390.014    -2.715     0.009     0.007     -0.18   0.004   0.006
   51391.011    -2.712     0.007     0.004     -0.36   0.004   0.006
   51392.008    -2.714     0.008     0.008     -0.02   0.004   0.006
   51393.006    -2.716     0.007     0.004     -0.51   0.004   0.006
   51394.003    -2.716     0.005     0.004     -0.14   0.004   0.006
   51395.000    -2.711     0.010     0.004     -0.70   0.004   0.006
   51395.997    -2.710     0.002     0.005      0.56   0.004   0.006
   51396.995    -2.708     0.012     0.010     -0.11   0.004   0.006
   51397.992    -2.707     0.008     0.011      0.25   0.004   0.006
   51398.989    -2.707     0.016     0.009     -0.49   0.004   0.006
   51399.986    -2.715     0.006     0.012      0.46   0.004   0.006
   51400.983    -2.711     0.003     0.007      0.60   0.004   0.006
   51401.980    -2.716     0.007     0.008      0.05   0.004   0.006
   51402.979    -2.709     0.011     0.010     -0.06   0.004   0.006
   51403.976    -2.715     0.008     0.012      0.32   0.004   0.006
   51404.973    -2.712     0.010     0.005     -0.52   0.004   0.006
   51405.970    -2.713     0.004     0.005      0.21   0.004   0.006
   51406.968    -2.709     0.009     0.010      0.14   0.004   0.006
   51407.965    -2.710     0.024     0.010     -0.65   0.004   0.006
   51408.962    -2.710     0.014     0.011     -0.18   0.004   0.006
   51409.957    -2.774     0.009     0.007     -0.15   0.004   0.006
   51410.956    -2.717     0.004     0.013      0.95   0.004   0.006
   51411.953    -2.717     0.009     0.004     -0.56   0.004   0.006
   51413.948    -2.714     0.003     0.010      0.96   0.004   0.006
   51414.945    -2.712     0.007     0.006     -0.15   0.004   0.006
   51415.942    -2.717     0.008     0.017      0.60   0.004   0.006
   51416.940    -2.712     0.009     0.003     -0.74   0.004   0.006
   51417.938    -2.712     0.006     0.009      0.30   0.004   0.006
   51418.935    -2.712     0.004     0.009      0.62   0.004   0.006
   51419.932    -2.713     0.009     0.010      0.11   0.004   0.006
   51420.929    -2.713     0.007     0.010      0.25   0.004   0.006
   51421.927    -2.710     0.002     0.008      0.98   0.004   0.006
   51422.924    -2.709     0.007     0.007     -0.02   0.004   0.006
   51423.921    -2.715     0.007     0.012      0.44   0.004   0.006
   51424.918    -2.711     0.006     0.004     -0.29   0.004   0.006
   51425.916    -2.709     0.011     0.005     -0.63   0.004   0.006
   51426.913    -2.711     0.010     0.011      0.09   0.004   0.006
   51427.910    -2.711     0.005     0.006      0.14   0.004   0.006
   51428.907    -2.717     0.006     0.005     -0.24   0.004   0.006
   51430.902    -2.709     0.010     0.016      0.38   0.004   0.006
   51431.899    -2.715     0.012     0.004     -0.77   0.004   0.006
   51432.896    -2.709     0.007     0.007     -0.03   0.004   0.006
   51433.894    -2.709     0.004     0.009      0.58   0.004   0.006
   51434.891    -2.710     0.011     0.010     -0.05   0.004   0.006
   51435.889    -2.710     0.006     0.014      0.70   0.004   0.006
   51436.886    -2.712     0.005     0.010      0.54   0.004   0.006
   51438.880    -2.716     0.010     0.009     -0.04   0.004   0.006
   51439.877    -2.713     0.005     0.012      0.64   0.004   0.006
   51440.875    -2.711     0.009     0.008     -0.02   0.004   0.006
   51441.872    -2.715     0.010     0.013      0.13   0.004   0.006
   51442.869    -2.713     0.007     0.014      0.55   0.004   0.006
   51443.866    -2.711     0.007     0.008      0.04   0.004   0.006
   51444.863    -2.712     0.006     0.013      0.51   0.004   0.006
   51445.861    -2.707     0.004     0.009      0.71   0.004   0.006
   51446.858    -2.711     0.006     0.011      0.43   0.004   0.006
   51447.855    -2.709     0.010     0.007     -0.27   0.004   0.006
   51453.839    -2.716     0.009     0.015      0.42   0.004   0.006
   51454.836    -2.712     0.009     0.029      0.87   0.004   0.006
   51455.834    -2.712     0.004     0.023      1.38   0.004   0.006
   51456.831    -2.709     0.006     0.023      1.07   0.004   0.006
   51457.828    -2.706     0.004     0.022      1.33   0.004   0.006
   51458.828    -2.640     0.009     0.036      1.07   0.004   0.006
   51459.823    -2.708     0.002     0.011      1.18   0.004   0.006
   51460.820    -2.710     0.009     0.021      0.69   0.004   0.006
   51461.817    -2.706     0.010     0.025      0.68   0.004   0.006
   51462.814    -2.707     0.006     0.023      1.00   0.004   0.006
   51463.812    -2.708     0.004     0.010      0.65   0.004   0.006
   51464.810    -2.709     0.012     0.013      0.04   0.004   0.006
   51466.804    -2.709     0.006     0.015      0.64   0.004   0.006
   51467.801    -2.707     0.005     0.010      0.55   0.004   0.006
   51468.798    -2.712     0.012     0.013      0.03   0.004   0.006
   51474.782    -2.710     0.014     0.030      0.61   0.004   0.006
   51475.779    -2.709     0.006     0.013      0.56   0.004   0.006
   51476.776    -2.711     0.007     0.022      0.85   0.004   0.006
