51826.9503546099 0.0150173083 0.0003003462
51826.9539007092 0.0137685748 0.0002753715
51826.9586288416 0.0139488349 0.0002789767
51826.9869976359 0.0161018237 0.0003220365
51826.9905437352 0.0169959473 0.0003399189
51826.9940898345 0.0177114995 0.00035423
51827.0224586288 0.0252216312 0.0005044326
51827.0260047281 0.0250443262 0.0005008865
51827.0295508274 0.0275455927 0.0005509119
51827.0543735225 0.0255901722 0.0005118034
51827.0591016548 0.0245204323 0.0004904086
51827.061465721 0.0218427052 0.0004368541
51827.0874704492 0.0148877069 0.0002977541
51827.0910165485 0.0141746876 0.0002834938
51827.0945626478 0.0143545255 0.0002870905
51827.1158392435 0.0140049814 0.0002800996
51827.1182033097 0.0141843972 0.0002836879
51827.121749409 0.0141856636 0.0002837133
51827.1418439716 0.0127642688 0.0002552854
51827.146572104 0.0127659574 0.0002553191
51827.1501182033 0.0124100811 0.0002482016
51827.170212766 0.0150958291 0.0003019166
51827.1749408983 0.015633232 0.0003126646
51827.1773049645 0.0161697906 0.0003233958
51827.1985815603 0.0136773894 0.0002735478
51827.2021276596 0.0129643701 0.0002592874
51827.2056737589 0.0122513509 0.000245027
51827.2269503546 0.0119018068 0.0002380361
51827.2293144208 0.0117240797 0.0002344816
51827.2340425532 0.0115471969 0.0002309439
51827.2529550827 0.0115539514 0.000231079
51827.256501182 0.0122695035 0.0002453901
51827.2612293144 0.0117354779 0.0002347096
51827.2813238771 0.0120997974 0.0002419959
51827.2848699764 0.0119224924 0.0002384498
51827.2884160757 0.0121023303 0.0002420466
51827.3085106383 0.0124666498 0.000249333
51827.3132387707 0.012289767 0.0002457953
51827.3156028369 0.0119334684 0.0002386694
51827.3463356974 0.0124801587 0.0002496032
51827.3498817967 0.0128385681 0.0002567714
51827.3522458629 0.0131965552 0.0002639311
51827.3723404255 0.012846589 0.0002569318
51827.378250591 0.0132058426 0.0002641169
51827.3806146572 0.0130281155 0.0002605623
51827.3841607565 0.013029382 0.0002605876
51827.4054373523 0.0139298379 0.0002785968
51827.4089834515 0.0135739615 0.0002714792
51827.4125295508 0.0139323708 0.0002786474
51827.4326241135 0.0139395475 0.0002787909
51827.4361702128 0.0153693853 0.0003073877
51827.4397163121 0.0150135089 0.0003002702
