   50410.504    -4.055     0.007     0.004     -0.30   0.004   0.006
   50410.527    -3.491     0.003     0.006      0.57   0.004   0.006
   50410.552    -2.908     0.004     0.005      0.20   0.004   0.006
   50412.498    -4.058     0.008     0.003     -0.83   0.004   0.006
   50412.521    -3.496     0.006     0.007      0.21   0.004   0.006
   50412.547    -2.886     0.006     0.007      0.07   0.004   0.006
   50413.496    -4.061     0.001     0.006      1.41   0.004   0.006
   50413.520    -3.494     0.002     0.006      0.64   0.004   0.006
   50413.542    -2.944     0.005     0.008      0.31   0.004   0.006
   50413.692     0.675     0.006     0.008      0.21   0.004   0.006
   50414.543    -2.867     0.010     0.010      0.02   0.004   0.006
   50414.646    -0.369     0.007     0.013      0.42   0.004   0.006
   50414.667     0.127     0.006     0.005     -0.16   0.004   0.006
   50414.688     0.627     0.003     0.007      0.70   0.004   0.006
   50417.680     0.630     0.007     0.005     -0.14   0.004   0.006
   50423.622    -0.371     0.005     0.007      0.28   0.004   0.006
   50423.643     0.126     0.010     0.009     -0.11   0.004   0.006
   50423.663     0.628     0.008     0.005     -0.38   0.004   0.006
   50424.516    -2.865     0.004     0.006      0.39   0.004   0.006
   50424.619    -0.369     0.006     0.007      0.12   0.004   0.006
   50424.640     0.128     0.008     0.012      0.31   0.004   0.006
   50424.660     0.628     0.006     0.004     -0.43   0.004   0.006
   50425.513    -2.865     0.007     0.010      0.31   0.004   0.006
   50425.616    -0.365     0.013     0.005     -0.77   0.004   0.006
   50425.637     0.131     0.008     0.007     -0.09   0.004   0.006
   50425.658     0.629     0.008     0.006     -0.19   0.004   0.006
   50426.510    -2.865     0.010     0.009     -0.07   0.004   0.006
   50426.613    -0.365     0.005     0.007      0.33   0.004   0.006
   50426.635     0.131     0.003     0.005      0.42   0.004   0.006
   50426.655     0.624     0.005     0.008      0.30   0.004   0.006
   50427.457    -4.077     0.008     0.003     -0.65   0.004   0.006
   50427.481    -3.493     0.004     0.006      0.30   0.004   0.006
   50427.504    -2.950     0.005     0.006      0.14   0.004   0.006
   50428.454    -4.073     0.007     0.004     -0.43   0.004   0.006
   50428.479    -3.495     0.006     0.008      0.24   0.004   0.006
   50428.501    -2.950     0.006     0.008      0.19   0.004   0.006
   50429.451    -4.077     0.002     0.011      1.15   0.004   0.006
   50429.476    -3.489     0.003     0.005      0.41   0.004   0.006
   50429.498    -2.948     0.005     0.007      0.33   0.004   0.006
   50430.448    -4.075     0.005     0.002     -0.69   0.004   0.006
   50430.473    -3.494     0.005     0.005     -0.02   0.004   0.006
   50430.495    -2.948     0.009     0.003     -0.78   0.004   0.006
   50431.446    -4.073     0.005     0.004     -0.10   0.004   0.006
   50431.470    -3.492     0.004     0.005      0.29   0.004   0.006
   50431.492    -2.953     0.009     0.007     -0.20   0.004   0.006
   50434.438    -4.073     0.010     0.009     -0.11   0.004   0.006
   50434.462    -3.493     0.003     0.008      0.73   0.004   0.006
   50434.484    -2.950     0.011     0.006     -0.43   0.004   0.006
   50435.432    -4.155     0.019     0.012     -0.35   0.004   0.006
   50435.461    -3.438     0.010     0.007     -0.24   0.004   0.006
   50435.481    -2.950     0.009     0.009     -0.02   0.004   0.006
   50437.430    -4.078     0.007     0.005     -0.27   0.004   0.006
   50437.453    -3.495     0.005     0.006      0.07   0.004   0.006
   50437.477    -2.948     0.006     0.005     -0.10   0.004   0.006
   50438.539    -1.367     0.005     0.010      0.44   0.004   0.006
   50438.548    -1.172     0.005     0.007      0.33   0.004   0.006
   50438.581    -0.364     0.001     0.003      0.89   0.004   0.006
   50439.537    -1.364     0.007     0.007      0.00   0.004   0.006
   50439.545    -1.174     0.007     0.005     -0.29   0.004   0.006
   50439.578    -0.366     0.006     0.004     -0.33   0.004   0.006
   50440.534    -1.365     0.005     0.006      0.04   0.004   0.006
   50440.542    -1.174     0.010     0.006     -0.33   0.004   0.006
   50440.575    -0.370     0.006     0.008      0.18   0.004   0.006
   50441.531    -1.364     0.007     0.007      0.00   0.004   0.006
   50441.539    -1.174     0.011     0.005     -0.55   0.004   0.006
   50441.572    -0.367     0.007     0.006     -0.10   0.004   0.006
   50443.567    -0.362     0.007     0.012      0.42   0.004   0.006
   50444.523    -1.365     0.014     0.010     -0.25   0.004   0.006
   50444.531    -1.174     0.011     0.005     -0.64   0.004   0.006
   50444.564    -0.367     0.006     0.005     -0.20   0.004   0.006
   50445.521    -1.366     0.009     0.009      0.04   0.004   0.006
   50445.528    -1.175     0.010     0.007     -0.24   0.004   0.006
   50445.562    -0.367     0.001     0.002      0.63   0.004   0.006
   50446.518    -1.362     0.010     0.005     -0.52   0.004   0.006
   50446.525    -1.176     0.011     0.006     -0.52   0.004   0.006
   50446.559    -0.369     0.006     0.004     -0.26   0.004   0.006
   50447.515    -1.362     0.004     0.011      0.68   0.004   0.006
   50447.522    -1.176     0.002     0.005      0.59   0.004   0.006
   50447.557    -0.369     0.013     0.004     -0.95   0.004   0.006
   50455.493    -1.363     0.005     0.004     -0.10   0.004   0.006
   50455.501    -1.172     0.010     0.008     -0.16   0.004   0.006
   50455.534    -0.366     0.005     0.004     -0.24   0.004   0.006
   50456.490    -1.363     0.005     0.006      0.16   0.004   0.006
   50456.498    -1.172     0.010     0.004     -0.68   0.004   0.006
   50456.531    -0.369     0.011     0.007     -0.33   0.004   0.006
   50457.487    -1.363     0.005     0.008      0.34   0.004   0.006
   50457.495    -1.172     0.012     0.008     -0.30   0.004   0.006
   50457.529    -0.368     0.007     0.007      0.04   0.004   0.006
   50458.485    -1.362     0.007     0.004     -0.38   0.004   0.006
   50458.492    -1.176     0.014     0.005     -0.83   0.004   0.006
   50458.526    -0.366     0.008     0.009      0.12   0.004   0.006
   50459.482    -1.368     0.005     0.007      0.17   0.004   0.006
   50459.490    -1.177     0.007     0.007     -0.01   0.004   0.006
   50459.523    -0.365     0.007     0.007     -0.03   0.004   0.006
   50460.479    -1.365     0.004     0.006      0.35   0.004   0.006
   50460.487    -1.174     0.006     0.010      0.44   0.004   0.006
   50460.521    -0.365     0.010     0.005     -0.57   0.004   0.006
   50461.477    -1.365     0.008     0.005     -0.39   0.004   0.006
   50461.484    -1.174     0.015     0.012     -0.15   0.004   0.006
   50461.518    -0.368     0.003     0.012      1.14   0.004   0.006
   50462.474    -1.365     0.004     0.007      0.41   0.004   0.006
   50462.481    -1.174     0.015     0.004     -1.10   0.004   0.006
   50462.516    -0.366     0.005     0.005     -0.07   0.004   0.006
   50463.471    -1.365     0.002     0.005      0.67   0.004   0.006
   50463.479    -1.174     0.011     0.001     -2.02   0.004   0.006
   50463.513    -0.367     0.005     0.004     -0.27   0.004   0.006
   50465.466    -1.367     0.003     0.008      0.86   0.004   0.006
   50465.474    -1.172     0.010     0.008     -0.18   0.004   0.006
   50465.507    -0.367     0.004     0.004      0.04   0.004   0.006
   50466.463    -1.365     0.010     0.006     -0.32   0.004   0.006
   50466.471    -1.172     0.010     0.007     -0.33   0.004   0.006
   50466.505    -0.365     0.005     0.009      0.41   0.004   0.006
   50468.457    -1.367     0.003     0.006      0.43   0.004   0.006
   50468.466    -1.173     0.010     0.006     -0.38   0.004   0.006
   50468.499    -0.367     0.009     0.013      0.29   0.004   0.006
   50469.455    -1.363     0.006     0.006      0.03   0.004   0.006
   50469.463    -1.176     0.007     0.010      0.22   0.004   0.006
   50469.496    -0.366     0.007     0.005     -0.17   0.004   0.006
   50470.452    -1.361     0.006     0.007      0.02   0.004   0.006
   50470.460    -1.174     0.009     0.010      0.06   0.004   0.006
   50470.493    -0.365     0.005     0.004     -0.25   0.004   0.006
   50471.449    -1.364     0.009     0.008     -0.12   0.004   0.006
   50471.457    -1.174     0.013     0.009     -0.25   0.004   0.006
   50471.491    -0.368     0.002     0.006      0.63   0.004   0.006
   50472.446    -1.364     0.009     0.009     -0.06   0.004   0.006
   50472.454    -1.174     0.006     0.005     -0.18   0.004   0.006
   50472.488    -0.370     0.014     0.005     -0.75   0.004   0.006
   50473.443    -1.367     0.005     0.004     -0.30   0.004   0.006
   50473.452    -1.176     0.011     0.015      0.27   0.004   0.006
   50473.485    -0.365     0.009     0.007     -0.18   0.004   0.006
   50474.441    -1.364     0.007     0.008      0.15   0.004   0.006
   50474.449    -1.173     0.007     0.007      0.00   0.004   0.006
   50474.482    -0.366     0.011     0.002     -1.13   0.004   0.006
   50475.438    -1.368     0.005     0.005      0.12   0.004   0.006
   50475.446    -1.177     0.005     0.005      0.06   0.004   0.006
   50475.479    -0.372     0.010     0.006     -0.40   0.004   0.006
   50477.433    -1.367     0.010     0.006     -0.43   0.004   0.006
   50477.440    -1.172     0.006     0.007      0.15   0.004   0.006
   50477.490     0.007     0.009     0.007     -0.27   0.004   0.006
   50478.431    -1.364     0.004     0.008      0.55   0.004   0.006
   50478.438    -1.171     0.007     0.010      0.25   0.004   0.006
   50478.487     0.010     0.010     0.003     -0.85   0.004   0.006
   50479.428    -1.364     0.005     0.003     -0.29   0.004   0.006
   50479.436    -1.173     0.005     0.004     -0.11   0.004   0.006
   50479.484     0.004     0.006     0.010      0.41   0.004   0.006
   50480.425    -1.365     0.009     0.008     -0.12   0.004   0.006
   50480.433    -1.174     0.010     0.005     -0.50   0.004   0.006
   50480.481     0.010     0.010     0.008     -0.16   0.004   0.006
   50481.422    -1.365     0.006     0.004     -0.46   0.004   0.006
   50481.430    -1.174     0.010     0.009     -0.16   0.004   0.006
   50481.479     0.004     0.010     0.010      0.01   0.004   0.006
   50482.419    -1.366     0.007     0.009      0.19   0.004   0.006
   50482.427    -1.175     0.012     0.007     -0.37   0.004   0.006
   50482.477     0.004     0.009     0.008     -0.08   0.004   0.006
   50483.416    -1.368     0.004     0.008      0.59   0.004   0.006
   50483.425    -1.177     0.009     0.004     -0.56   0.004   0.006
   50483.474     0.005     0.007     0.006     -0.21   0.004   0.006
   50484.414    -1.365     0.011     0.006     -0.47   0.004   0.006
   50484.422    -1.174     0.007     0.008      0.07   0.004   0.006
   50484.471     0.007     0.005     0.006      0.21   0.004   0.006
   50485.411    -1.365     0.003     0.007      0.74   0.004   0.006
   50485.419    -1.174     0.015     0.004     -0.95   0.004   0.006
   50485.468     0.006     0.006     0.006      0.05   0.004   0.006
   50486.408    -1.367     0.007     0.008      0.11   0.004   0.006
   50486.416    -1.176     0.009     0.005     -0.43   0.004   0.006
   50486.466     0.007     0.010     0.011      0.07   0.004   0.006
   50490.397    -1.365     0.007     0.011      0.36   0.004   0.006
   50490.405    -1.174     0.012     0.006     -0.60   0.004   0.006
   50490.438    -0.366     0.005     0.008      0.31   0.004   0.006
   50491.395    -1.365     0.007     0.008      0.12   0.004   0.006
   50491.402    -1.174     0.012     0.010     -0.15   0.004   0.006
   50491.437    -0.369     0.004     0.007      0.41   0.004   0.006
   50492.392    -1.367     0.007     0.011      0.33   0.004   0.006
   50492.399    -1.176     0.009     0.013      0.25   0.004   0.006
   50492.434    -0.372     0.005     0.005     -0.03   0.004   0.006
   50494.387    -1.366     0.004     0.007      0.42   0.004   0.006
   50494.395    -1.175     0.011     0.012      0.11   0.004   0.006
   50494.428    -0.365     0.003     0.004      0.17   0.004   0.006
   50495.384    -1.365     0.005     0.008      0.34   0.004   0.006
   50495.392    -1.174     0.005     0.006      0.07   0.004   0.006
   50495.425    -0.367     0.008     0.007     -0.10   0.004   0.006
   50496.381    -1.365     0.005     0.008      0.29   0.004   0.006
   50496.389    -1.174     0.012     0.007     -0.43   0.004   0.006
   50496.423    -0.370     0.008     0.003     -0.68   0.004   0.006
   50497.378    -1.367     0.005     0.004     -0.07   0.004   0.006
   50497.386    -1.177     0.010     0.006     -0.39   0.004   0.006
   50497.420    -0.368     0.002     0.010      1.09   0.004   0.006
   50498.376    -1.366     0.006     0.006     -0.01   0.004   0.006
   50498.384    -1.175     0.004     0.008      0.50   0.004   0.006
   50498.417    -0.367     0.007     0.004     -0.43   0.004   0.006
   50499.373    -1.366     0.004     0.003     -0.02   0.004   0.006
   50499.381    -1.175     0.012     0.004     -0.82   0.004   0.006
   50499.414    -0.368     0.004     0.004      0.02   0.004   0.006
   50500.370    -1.364     0.002     0.008      0.92   0.004   0.006
   50500.378    -1.173     0.009     0.003     -0.83   0.004   0.006
   50500.411    -0.368     0.008     0.006     -0.29   0.004   0.006
   50501.367    -1.365     0.007     0.008      0.18   0.004   0.006
   50501.375    -1.174     0.006     0.009      0.26   0.004   0.006
   50501.409    -0.366     0.006     0.004     -0.42   0.004   0.006
   50502.364    -1.366     0.006     0.004     -0.21   0.004   0.006
   50502.373    -1.175     0.010     0.004     -0.78   0.004   0.006
   50502.406    -0.365     0.008     0.012      0.32   0.004   0.006
   50503.362    -1.367     0.006     0.005     -0.13   0.004   0.006
   50503.370    -1.176     0.006     0.009      0.31   0.004   0.006
   50503.403    -0.365     0.004     0.004     -0.07   0.004   0.006
   50504.359    -1.367     0.004     0.005      0.05   0.004   0.006
   50504.367    -1.176     0.008     0.010      0.14   0.004   0.006
   50504.400    -0.371     0.006     0.008      0.26   0.004   0.006
   50505.356    -1.364     0.005     0.007      0.18   0.004   0.006
   50505.364    -1.174     0.009     0.004     -0.69   0.004   0.006
   50505.397    -0.370     0.007     0.005     -0.17   0.004   0.006
   50506.354    -1.365     0.003     0.008      0.76   0.004   0.006
   50506.361    -1.174     0.008     0.004     -0.61   0.004   0.006
   50506.396    -0.371     0.004     0.003     -0.28   0.004   0.006
   50507.352    -1.362     0.004     0.004      0.00   0.004   0.006
   50507.358    -1.176     0.011     0.002     -1.30   0.004   0.006
   50507.393    -0.367     0.006     0.006     -0.03   0.004   0.006
   50508.349    -1.361     0.006     0.006      0.03   0.004   0.006
   50508.356    -1.175     0.006     0.014      0.70   0.004   0.006
   50508.390    -0.368     0.008     0.012      0.31   0.004   0.006
   50509.346    -1.362     0.004     0.008      0.47   0.004   0.006
   50509.354    -1.175     0.008     0.004     -0.57   0.004   0.006
   50509.387    -0.372     0.006     0.008      0.19   0.004   0.006
   50510.343    -1.367     0.005     0.005      0.02   0.004   0.006
   50510.351    -1.176     0.007     0.010      0.19   0.004   0.006
   50510.384    -0.369     0.008     0.006     -0.22   0.004   0.006
   50511.340    -1.362     0.007     0.005     -0.17   0.004   0.006
   50511.348    -1.175     0.012     0.006     -0.49   0.004   0.006
   50511.382    -0.367     0.006     0.009      0.38   0.004   0.006
   50512.337    -1.366     0.007     0.008      0.06   0.004   0.006
   50512.346    -1.176     0.007     0.007      0.08   0.004   0.006
   50512.379    -0.369     0.008     0.004     -0.51   0.004   0.006
   50515.329    -1.365     0.004     0.006      0.32   0.004   0.006
   50515.337    -1.174     0.011     0.009     -0.21   0.004   0.006
   50515.370    -0.371     0.003     0.010      0.92   0.004   0.006
   50516.326    -1.362     0.005     0.009      0.36   0.004   0.006
   50516.335    -1.169     0.008     0.009      0.08   0.004   0.006
   50516.368    -0.367     0.004     0.010      0.72   0.004   0.006
   50517.324    -1.363     0.005     0.009      0.46   0.004   0.006
   50517.332    -1.170     0.007     0.007      0.00   0.004   0.006
   50517.365    -0.364     0.004     0.009      0.70   0.004   0.006
   50518.321    -1.363     0.003     0.003     -0.02   0.004   0.006
   50518.329    -1.176     0.012     0.010     -0.08   0.004   0.006
   50518.362    -0.367     0.007     0.006     -0.07   0.004   0.006
   50520.315    -1.364     0.008     0.008      0.03   0.004   0.006
   50520.323    -1.173     0.009     0.005     -0.43   0.004   0.006
   50520.356    -0.369     0.007     0.011      0.32   0.004   0.006
   50521.312    -1.368     0.005     0.005     -0.09   0.004   0.006
   50521.320    -1.177     0.006     0.009      0.27   0.004   0.006
   50521.354    -0.369     0.005     0.008      0.44   0.004   0.006
   50522.310    -1.366     0.003     0.005      0.45   0.004   0.006
   50522.318    -1.176     0.009     0.015      0.37   0.004   0.006
   50522.352    -0.366     0.005     0.010      0.51   0.004   0.006
   50523.308    -1.368     0.008     0.004     -0.58   0.004   0.006
   50523.315    -1.177     0.007     0.005     -0.32   0.004   0.006
   50523.349    -0.372     0.006     0.009      0.31   0.004   0.006
   50524.305    -1.368     0.007     0.005     -0.32   0.004   0.006
   50524.312    -1.174     0.005     0.005     -0.07   0.004   0.006
   50524.346    -0.368     0.003     0.004      0.24   0.004   0.006
   50525.302    -1.368     0.004     0.007      0.38   0.004   0.006
   50525.310    -1.177     0.010     0.005     -0.59   0.004   0.006
   50525.344    -0.365     0.005     0.003     -0.49   0.004   0.006
   50526.299    -1.366     0.006     0.007      0.07   0.004   0.006
   50526.307    -1.175     0.013     0.007     -0.46   0.004   0.006
   50526.341    -0.366     0.005     0.012      0.74   0.004   0.006
   50527.297    -1.363     0.005     0.012      0.64   0.004   0.006
   50527.305    -1.176     0.010     0.006     -0.35   0.004   0.006
   50527.338    -0.372     0.005     0.006      0.12   0.004   0.006
   50528.294    -1.365     0.006     0.008      0.19   0.004   0.006
   50528.302    -1.174     0.012     0.006     -0.47   0.004   0.006
   50528.335    -0.367     0.004     0.008      0.58   0.004   0.006
   50529.291    -1.360     0.007     0.011      0.30   0.004   0.006
   50529.299    -1.171     0.009     0.004     -0.50   0.004   0.006
   50529.332    -0.368     0.011     0.006     -0.43   0.004   0.006
   50530.288    -1.361     0.006     0.005     -0.21   0.004   0.006
   50530.296    -1.172     0.011     0.004     -0.72   0.004   0.006
   50530.330    -0.366     0.005     0.004     -0.03   0.004   0.006
   50533.280    -1.364     0.004     0.005      0.06   0.004   0.006
   50533.288    -1.173     0.008     0.008     -0.01   0.004   0.006
   50533.321    -0.370     0.008     0.004     -0.40   0.004   0.006
   50535.274    -1.365     0.009     0.009     -0.04   0.004   0.006
   50535.282    -1.174     0.007     0.005     -0.28   0.004   0.006
   50535.316    -0.367     0.005     0.004     -0.19   0.004   0.006
   50536.272    -1.361     0.005     0.007      0.27   0.004   0.006
   50536.279    -1.175     0.011     0.007     -0.30   0.004   0.006
   50536.313    -0.366     0.006     0.003     -0.52   0.004   0.006
   50537.270    -1.365     0.011     0.007     -0.30   0.004   0.006
   50537.277    -1.175     0.006     0.004     -0.44   0.004   0.006
   50537.311    -0.367     0.007     0.004     -0.31   0.004   0.006
   50538.267    -1.362     0.009     0.008     -0.07   0.004   0.006
   50538.274    -1.175     0.012     0.012      0.01   0.004   0.006
   50538.308    -0.368     0.007     0.009      0.22   0.004   0.006
   50539.264    -1.365     0.004     0.004     -0.10   0.004   0.006
   50539.271    -1.174     0.006     0.009      0.28   0.004   0.006
   50539.305    -0.372     0.009     0.002     -1.22   0.004   0.006
   50540.261    -1.366     0.007     0.008      0.18   0.004   0.006
   50540.269    -1.175     0.008     0.007     -0.09   0.004   0.006
   50540.303    -0.365     0.013     0.005     -0.76   0.004   0.006
   50541.258    -1.363     0.003     0.004      0.29   0.004   0.006
   50541.266    -1.177     0.005     0.010      0.50   0.004   0.006
   50541.300    -0.371     0.008     0.009      0.13   0.004   0.006
   50542.297    -0.368     0.008     0.008      0.04   0.004   0.006
   50543.253    -1.360     0.005     0.008      0.39   0.004   0.006
   50543.261    -1.174     0.007     0.006     -0.10   0.004   0.006
   50543.294    -0.365     0.008     0.007     -0.07   0.004   0.006
   50544.250    -1.363     0.007     0.003     -0.68   0.004   0.006
   50544.258    -1.177     0.010     0.004     -0.68   0.004   0.006
   50544.291    -0.367     0.006     0.006      0.03   0.004   0.006
   50545.247    -1.368     0.004     0.007      0.38   0.004   0.006
   50545.255    -1.177     0.005     0.005      0.01   0.004   0.006
   50545.289    -0.366     0.008     0.008      0.01   0.004   0.006
   50546.244    -1.363     0.004     0.007      0.55   0.004   0.006
   50546.252    -1.176     0.011     0.009     -0.10   0.004   0.006
   50546.286    -0.365     0.009     0.008     -0.10   0.004   0.006
   50547.242    -1.365     0.013     0.004     -0.96   0.004   0.006
   50547.250    -1.174     0.008     0.009      0.02   0.004   0.006
   50547.283    -0.365     0.008     0.008     -0.03   0.004   0.006
   50549.236    -1.364     0.004     0.004      0.00   0.004   0.006
   50549.244    -1.174     0.005     0.007      0.20   0.004   0.006
   50549.277    -0.370     0.009     0.004     -0.61   0.004   0.006
   50550.233    -1.365     0.004     0.008      0.47   0.004   0.006
   50550.241    -1.175     0.007     0.007     -0.09   0.004   0.006
   50550.275    -0.371     0.007     0.005     -0.22   0.004   0.006
   50551.231    -1.362     0.002     0.012      1.35   0.004   0.006
   50551.239    -1.175     0.004     0.005      0.19   0.004   0.006
   50551.272    -0.371     0.005     0.010      0.60   0.004   0.006
   50553.226    -1.364     0.005     0.002     -0.88   0.004   0.006
   50553.233    -1.174     0.004     0.004     -0.07   0.004   0.006
   50553.266    -0.391     0.008     0.007     -0.16   0.004   0.006
   50555.220    -1.363     0.007     0.004     -0.48   0.004   0.006
   50555.228    -1.177     0.008     0.009      0.11   0.004   0.006
   50555.261    -0.393     0.008     0.007     -0.06   0.004   0.006
   50556.217    -1.368     0.005     0.006      0.19   0.004   0.006
   50556.225    -1.177     0.004     0.006      0.28   0.004   0.006
   50556.258    -0.391     0.010     0.011      0.12   0.004   0.006
   50558.212    -1.367     0.004     0.003     -0.34   0.004   0.006
   50557.223    -1.176     0.009     0.007     -0.14   0.004   0.006
   50557.255    -0.396     0.008     0.005     -0.39   0.004   0.006
   50558.212    -1.368     0.006     0.005     -0.18   0.004   0.006
   50558.220    -1.177     0.014     0.006     -0.64   0.004   0.006
   50558.252    -0.392     0.005     0.011      0.53   0.004   0.006
   50559.209    -1.364     0.006     0.008      0.25   0.004   0.006
   50559.217    -1.173     0.007     0.007      0.07   0.004   0.006
   50559.249    -0.391     0.008     0.006     -0.15   0.004   0.006
   50560.206    -1.367     0.004     0.003     -0.18   0.004   0.006
   50560.214    -1.176     0.008     0.004     -0.52   0.004   0.006
   50560.247    -0.390     0.007     0.007     -0.01   0.004   0.006
   50562.201    -1.366     0.005     0.010      0.50   0.004   0.006
   50562.209    -1.175     0.008     0.008      0.02   0.004   0.006
   50562.241    -0.390     0.012     0.008     -0.29   0.004   0.006
   50563.198    -1.365     0.009     0.002     -0.94   0.004   0.006
   50563.206    -1.174     0.012     0.003     -1.11   0.004   0.006
   50563.238    -0.397     0.010     0.006     -0.43   0.004   0.006
   50564.195    -1.364     0.006     0.011      0.49   0.004   0.006
   50564.203    -1.173     0.007     0.008      0.10   0.004   0.006
   50564.236    -0.390     0.010     0.005     -0.52   0.004   0.006
   50565.192    -1.361     0.004     0.006      0.32   0.004   0.006
   50565.200    -1.174     0.006     0.005     -0.17   0.004   0.006
   50565.233    -0.393     0.008     0.013      0.35   0.004   0.006
   50566.189    -1.366     0.008     0.005     -0.37   0.004   0.006
   50566.198    -1.175     0.009     0.009     -0.04   0.004   0.006
   50566.230    -0.393     0.015     0.007     -0.53   0.004   0.006
   50567.188    -1.363     0.010     0.006     -0.39   0.004   0.006
   50567.195    -1.176     0.006     0.007      0.16   0.004   0.006
   50567.228    -0.394     0.010     0.008     -0.19   0.004   0.006
   50569.182    -1.368     0.004     0.005      0.25   0.004   0.006
   50569.189    -1.177     0.009     0.003     -0.78   0.004   0.006
   50569.223    -0.391     0.011     0.010     -0.06   0.004   0.006
   50570.179    -1.365     0.008     0.009      0.04   0.004   0.006
   50570.187    -1.174     0.009     0.006     -0.37   0.004   0.006
   50570.220    -0.392     0.008     0.008     -0.03   0.004   0.006
   50571.176    -1.366     0.005     0.003     -0.35   0.004   0.006
   50571.185    -1.175     0.004     0.009      0.60   0.004   0.006
   50571.217    -0.396     0.004     0.005      0.19   0.004   0.006
   50572.174    -1.365     0.008     0.003     -0.68   0.004   0.006
   50572.182    -1.174     0.007     0.002     -0.97   0.004   0.006
   50573.211    -0.390     0.007     0.004     -0.52   0.004   0.006
   50573.171    -1.364     0.006     0.007      0.07   0.004   0.006
   50573.179    -1.173     0.011     0.004     -0.79   0.004   0.006
   50573.211    -0.390     0.006     0.004     -0.30   0.004   0.006
   50574.168    -1.366     0.007     0.007      0.00   0.004   0.006
   50574.176    -1.175     0.008     0.006     -0.23   0.004   0.006
   50574.208    -0.394     0.010     0.007     -0.30   0.004   0.006
   50575.165    -1.368     0.004     0.005      0.23   0.004   0.006
   50575.173    -1.177     0.011     0.008     -0.25   0.004   0.006
   50575.206    -0.395     0.005     0.004     -0.25   0.004   0.006
   50576.163    -1.362     0.005     0.004     -0.23   0.004   0.006
   50576.171    -1.176     0.005     0.007      0.19   0.004   0.006
   50576.203    -0.392     0.010     0.007     -0.34   0.004   0.006
   50577.160    -1.368     0.009     0.007     -0.20   0.004   0.006
   50577.168    -1.177     0.006     0.004     -0.27   0.004   0.006
   50577.200    -0.393     0.003     0.005      0.42   0.004   0.006
   50578.157    -1.362     0.005     0.012      0.57   0.004   0.006
   50578.165    -1.175     0.005     0.010      0.50   0.004   0.006
   50578.197    -0.391     0.007     0.008      0.15   0.004   0.006
   50579.154    -1.365     0.002     0.004      0.31   0.004   0.006
   50579.162    -1.172     0.009     0.005     -0.41   0.004   0.006
   50579.195    -0.393     0.010     0.008     -0.17   0.004   0.006
   50580.151    -1.364     0.007     0.007     -0.04   0.004   0.006
   50580.159    -1.174     0.009     0.007     -0.21   0.004   0.006
   50580.192    -0.394     0.008     0.007     -0.02   0.004   0.006
   50581.149    -1.364     0.002     0.005      0.89   0.004   0.006
   50581.157    -1.173     0.008     0.009      0.11   0.004   0.006
   50581.189    -0.394     0.012     0.007     -0.45   0.004   0.006
   50582.146    -1.362     0.009     0.004     -0.57   0.004   0.006
   50582.154    -1.176     0.013     0.009     -0.33   0.004   0.006
   50582.187    -0.396     0.007     0.003     -0.58   0.004   0.006
   50583.144    -1.363     0.002     0.010      1.05   0.004   0.006
   50583.151    -1.169     0.003     0.012      0.99   0.004   0.006
   50583.184    -0.395     0.008     0.007     -0.10   0.004   0.006
   50584.141    -1.364     0.008     0.004     -0.48   0.004   0.006
   50584.148    -1.174     0.011     0.011     -0.04   0.004   0.006
   50584.181    -0.395     0.008     0.006     -0.20   0.004   0.006
   50585.138    -1.365     0.007     0.004     -0.39   0.004   0.006
   50585.146    -1.174     0.012     0.008     -0.30   0.004   0.006
   50585.179    -0.395     0.007     0.012      0.36   0.004   0.006
   50587.133    -1.361     0.003     0.005      0.35   0.004   0.006
   50587.141    -1.174     0.007     0.004     -0.46   0.004   0.006
   50587.173    -0.391     0.007     0.002     -1.13   0.004   0.006
   50588.130    -1.363     0.002     0.009      1.32   0.004   0.006
   50588.138    -1.177     0.004     0.003     -0.17   0.004   0.006
   50588.170    -0.391     0.012     0.006     -0.57   0.004   0.006
   50589.127    -1.364     0.005     0.008      0.42   0.004   0.006
   50589.135    -1.177     0.010     0.006     -0.39   0.004   0.006
   50589.168    -0.392     0.010     0.010     -0.05   0.004   0.006
   50590.124    -1.364     0.005     0.007      0.23   0.004   0.006
   50590.133    -1.174     0.003     0.009      0.86   0.004   0.006
   50590.165    -0.396     0.004     0.008      0.50   0.004   0.006
   50591.122    -1.367     0.005     0.008      0.31   0.004   0.006
   50591.130    -1.176     0.014     0.004     -0.96   0.004   0.006
   50591.162    -0.397     0.016     0.002     -1.49   0.004   0.006
   50592.119    -1.364     0.005     0.006      0.08   0.004   0.006
   50592.127    -1.178     0.008     0.005     -0.31   0.004   0.006
   50592.159    -0.392     0.006     0.006      0.01   0.004   0.006
   50593.116    -1.368     0.008     0.004     -0.55   0.004   0.006
   50593.124    -1.177     0.004     0.011      0.72   0.004   0.006
   50593.156    -0.393     0.007     0.006     -0.07   0.004   0.006
   50594.113    -1.365     0.005     0.008      0.34   0.004   0.006
   50594.121    -1.174     0.007     0.008      0.10   0.004   0.006
   50594.154    -0.390     0.004     0.007      0.44   0.004   0.006
   50595.110    -1.367     0.010     0.011      0.10   0.004   0.006
   50595.118    -1.176     0.008     0.008     -0.02   0.004   0.006
   50595.151    -0.392     0.009     0.005     -0.44   0.004   0.006
   50596.108    -1.363     0.007     0.009      0.17   0.004   0.006
   50596.116    -1.177     0.010     0.004     -0.63   0.004   0.006
   50596.148    -0.390     0.008     0.008     -0.01   0.004   0.006
   50597.105    -1.368     0.005     0.002     -0.77   0.004   0.006
   50597.113    -1.178     0.008     0.009      0.06   0.004   0.006
   50597.146    -0.396     0.005     0.005     -0.03   0.004   0.006
   50598.103    -1.364     0.001     0.002      0.41   0.004   0.006
   50598.110    -1.174     0.007     0.004     -0.40   0.004   0.006
   50598.143    -0.391     0.003     0.007      0.64   0.004   0.006
   50599.100    -1.366     0.005     0.003     -0.34   0.004   0.006
   50599.107    -1.175     0.010     0.006     -0.41   0.004   0.006
   50599.141    -0.390     0.005     0.005      0.08   0.004   0.006
   50600.097    -1.368     0.004     0.006      0.21   0.004   0.006
   50600.104    -1.178     0.009     0.014      0.34   0.004   0.006
   50600.138    -0.396     0.007     0.006     -0.13   0.004   0.006
   50601.095    -1.363     0.008     0.007     -0.14   0.004   0.006
   50601.103    -1.169     0.003     0.013      1.11   0.004   0.006
   50601.135    -0.391     0.011     0.009     -0.17   0.004   0.006
   50602.092    -1.367     0.006     0.004     -0.38   0.004   0.006
   50602.100    -1.176     0.008     0.006     -0.25   0.004   0.006
   50602.132    -0.393     0.008     0.009      0.14   0.004   0.006
   50603.089    -1.366     0.006     0.011      0.46   0.004   0.006
   50603.097    -1.175     0.013     0.005     -0.70   0.004   0.006
   50603.129    -0.393     0.007     0.005     -0.25   0.004   0.006
   50604.086    -1.363     0.009     0.010      0.06   0.004   0.006
   50604.094    -1.176     0.010     0.012      0.11   0.004   0.006
   50604.127    -0.392     0.008     0.007     -0.13   0.004   0.006
   50605.083    -1.368     0.007     0.006     -0.11   0.004   0.006
   50605.091    -1.178     0.011     0.010     -0.09   0.004   0.006
   50605.124    -0.392     0.008     0.006     -0.29   0.004   0.006
   50606.081    -1.365     0.007     0.006     -0.10   0.004   0.006
   50606.089    -1.174     0.007     0.007     -0.08   0.004   0.006
   50606.121    -0.393     0.006     0.007      0.11   0.004   0.006
   50607.078    -1.363     0.007     0.004     -0.38   0.004   0.006
   50607.086    -1.177     0.007     0.006     -0.17   0.004   0.006
   50607.118    -0.395     0.010     0.004     -0.61   0.004   0.006
   50608.075    -1.364     0.002     0.006      0.72   0.004   0.006
   50608.083    -1.171     0.006     0.005     -0.16   0.004   0.006
   50608.115    -0.393     0.012     0.009     -0.25   0.004   0.006
   50609.072    -1.366     0.004     0.007      0.43   0.004   0.006
   50609.080    -1.175     0.006     0.009      0.25   0.004   0.006
   50609.112    -0.396     0.010     0.004     -0.61   0.004   0.006
   50610.069    -1.368     0.007     0.009      0.22   0.004   0.006
   50610.077    -1.178     0.009     0.007     -0.16   0.004   0.006
   50610.110    -0.391     0.003     0.008      0.74   0.004   0.006
   50611.067    -1.368     0.006     0.011      0.41   0.004   0.006
   50611.075    -1.178     0.006     0.008      0.20   0.004   0.006
   50611.107    -0.392     0.009     0.009      0.04   0.004   0.006
   50612.064    -1.365     0.015     0.008     -0.46   0.004   0.006
   50612.072    -1.174     0.009     0.009      0.01   0.004   0.006
   50612.104    -0.393     0.003     0.009      0.74   0.004   0.006
   50613.062    -1.368     0.011     0.003     -1.06   0.004   0.006
   50613.069    -1.178     0.009     0.010      0.05   0.004   0.006
   50613.103    -0.390     0.003     0.004      0.36   0.004   0.006
   50614.059    -1.362     0.007     0.008      0.11   0.004   0.006
   50614.066    -1.175     0.011     0.006     -0.52   0.004   0.006
   50614.100    -0.390     0.004     0.007      0.40   0.004   0.006
   50615.057    -1.364     0.004     0.007      0.52   0.004   0.006
   50615.064    -1.174     0.014     0.005     -0.70   0.004   0.006
   50615.097    -0.393     0.009     0.004     -0.66   0.004   0.006
   50616.054    -1.367     0.007     0.008      0.07   0.004   0.006
   50616.062    -1.176     0.005     0.006      0.09   0.004   0.006
   50616.094    -0.391     0.010     0.010      0.00   0.004   0.006
   50617.051    -1.368     0.007     0.004     -0.56   0.004   0.006
   50617.059    -1.178     0.014     0.012     -0.08   0.004   0.006
   50617.091    -0.397     0.004     0.014      1.02   0.004   0.006
   50618.048    -1.361     0.010     0.007     -0.36   0.004   0.006
   50618.056    -1.174     0.014     0.008     -0.39   0.004   0.006
   50618.088    -0.396     0.008     0.004     -0.43   0.004   0.006
   50619.045    -1.362     0.009     0.006     -0.35   0.004   0.006
   50619.053    -1.176     0.009     0.006     -0.38   0.004   0.006
   50619.086    -0.393     0.008     0.006     -0.24   0.004   0.006
   50620.043    -1.363     0.006     0.003     -0.51   0.004   0.006
   50620.051    -1.177     0.008     0.008      0.01   0.004   0.006
   50620.083    -0.391     0.004     0.011      0.77   0.004   0.006
   50621.040    -1.365     0.005     0.008      0.37   0.004   0.006
   50621.048    -1.174     0.011     0.004     -0.81   0.004   0.006
   50621.080    -0.397     0.007     0.005     -0.21   0.004   0.006
   50622.037    -1.367     0.005     0.006      0.15   0.004   0.006
   50622.045    -1.176     0.011     0.012      0.06   0.004   0.006
   50622.077    -0.396     0.014     0.005     -0.73   0.004   0.006
   50623.034    -1.365     0.005     0.009      0.49   0.004   0.006
   50623.042    -1.174     0.006     0.007      0.12   0.004   0.006
   50623.074    -0.395     0.005     0.008      0.34   0.004   0.006
   50624.031    -1.368     0.005     0.009      0.51   0.004   0.006
   50624.039    -1.178     0.005     0.009      0.37   0.004   0.006
   50624.072    -0.390     0.015     0.012     -0.21   0.004   0.006
   50625.029    -1.363     0.009     0.004     -0.57   0.004   0.006
   50625.037    -1.176     0.003     0.007      0.65   0.004   0.006
   50625.069    -0.395     0.003     0.002     -0.35   0.004   0.006
   50626.066    -0.396     0.009     0.010      0.09   0.004   0.006
   50627.023    -1.365     0.004     0.007      0.36   0.004   0.006
   50627.031    -1.174     0.005     0.006      0.09   0.004   0.006
   50627.063    -0.395     0.006     0.006      0.00   0.004   0.006
   50628.021    -1.364     0.004     0.008      0.45   0.004   0.006
   50628.028    -1.173     0.006     0.012      0.51   0.004   0.006
   50628.061    -0.396     0.005     0.009      0.42   0.004   0.006
   50629.018    -1.365     0.003     0.010      1.06   0.004   0.006
   50629.025    -1.174     0.014     0.012     -0.12   0.004   0.006
   50629.059    -0.394     0.009     0.004     -0.62   0.004   0.006
   50631.013    -1.365     0.007     0.004     -0.33   0.004   0.006
   50631.021    -1.174     0.014     0.014      0.03   0.004   0.006
   50631.053    -0.391     0.006     0.002     -0.68   0.004   0.006
   50632.010    -1.365     0.008     0.008      0.02   0.004   0.006
   50632.018    -1.174     0.011     0.004     -0.70   0.004   0.006
   50632.050    -0.396     0.004     0.007      0.45   0.004   0.006
   50633.007    -1.367     0.008     0.008      0.05   0.004   0.006
   50633.015    -1.176     0.009     0.004     -0.72   0.004   0.006
   50633.048    -0.394     0.004     0.014      0.91   0.004   0.006
   50634.004    -1.368     0.003     0.008      0.74   0.004   0.006
   50634.012    -1.177     0.007     0.004     -0.46   0.004   0.006
   50634.045    -0.394     0.006     0.008      0.27   0.004   0.006
   50635.002    -1.364     0.007     0.003     -0.58   0.004   0.006
   50635.010    -1.177     0.013     0.004     -0.84   0.004   0.006
   50635.042    -0.395     0.010     0.005     -0.52   0.004   0.006
   50635.999    -1.360     0.009     0.004     -0.56   0.004   0.006
   50636.007    -1.171     0.011     0.005     -0.58   0.004   0.006
   50636.039    -0.393     0.006     0.010      0.36   0.004   0.006
   50636.996    -1.358     0.007     0.007     -0.03   0.004   0.006
   50637.004    -1.175     0.006     0.006     -0.04   0.004   0.006
   50637.036    -0.395     0.009     0.010      0.12   0.004   0.006
   50637.993    -1.367     0.007     0.002     -0.85   0.004   0.006
   50638.031    -0.453     0.010     0.004     -0.67   0.004   0.006
   50638.990    -1.365     0.008     0.005     -0.32   0.004   0.006
   50639.028    -0.450     0.004     0.004      0.00   0.004   0.006
   50639.987    -1.367     0.005     0.007      0.36   0.004   0.006
   50640.026    -0.448     0.006     0.008      0.23   0.004   0.006
   50640.985    -1.362     0.005     0.006      0.19   0.004   0.006
   50641.023    -0.449     0.004     0.005      0.17   0.004   0.006
   50641.982    -1.362     0.005     0.011      0.55   0.004   0.006
   50642.021    -0.454     0.009     0.003     -0.77   0.004   0.006
   50642.979    -1.364     0.008     0.003     -0.69   0.004   0.006
   50643.018    -0.453     0.015     0.008     -0.47   0.004   0.006
   50643.977    -1.367     0.007     0.005     -0.33   0.004   0.006
   50644.975    -1.363     0.006     0.013      0.64   0.004   0.006
   50645.972    -1.362     0.005     0.008      0.43   0.004   0.006
   50646.969    -1.366     0.011     0.004     -0.83   0.004   0.006
   50647.966    -1.366     0.005     0.007      0.24   0.004   0.006
   50648.963    -1.367     0.006     0.007      0.10   0.004   0.006
   50649.961    -1.365     0.004     0.008      0.65   0.004   0.006
   50650.958    -1.367     0.005     0.003     -0.47   0.004   0.006
   50651.955    -1.363     0.005     0.002     -0.53   0.004   0.006
   50652.952    -1.365     0.010     0.006     -0.39   0.004   0.006
   50653.950    -1.362     0.003     0.004      0.37   0.004   0.006
   50654.947    -1.367     0.004     0.012      0.80   0.004   0.006
   50655.944    -1.363     0.009     0.008     -0.05   0.004   0.006
   50656.941    -1.366     0.003     0.004      0.21   0.004   0.006
   50657.938    -1.367     0.004     0.013      0.95   0.004   0.006
   50658.936    -1.365     0.007     0.004     -0.37   0.004   0.006
   50659.934    -1.366     0.003     0.008      0.71   0.004   0.006
   50660.931    -1.366     0.009     0.006     -0.27   0.004   0.006
   50661.928    -1.364     0.004     0.006      0.37   0.004   0.006
   50662.925    -1.368     0.003     0.004      0.21   0.004   0.006
   50663.922    -1.368     0.005     0.005     -0.07   0.004   0.006
   50664.920    -1.366     0.005     0.008      0.36   0.004   0.006
   50665.917    -1.367     0.008     0.005     -0.41   0.004   0.006
   50666.914    -1.364     0.005     0.006      0.03   0.004   0.006
   50667.911    -1.365     0.011     0.005     -0.65   0.004   0.006
   50668.909    -1.362     0.012     0.004     -0.75   0.004   0.006
   50669.906    -1.361     0.007     0.007      0.02   0.004   0.006
   50670.903    -1.363     0.005     0.005     -0.10   0.004   0.006
   50671.900    -1.365     0.018     0.009     -0.57   0.004   0.006
   50672.897    -1.366     0.004     0.007      0.42   0.004   0.006
   50673.896    -1.365     0.015     0.009     -0.37   0.004   0.006
   50674.893    -1.362     0.006     0.005     -0.07   0.004   0.006
   50675.890    -1.367     0.010     0.008     -0.17   0.004   0.006
   50676.887    -1.366     0.006     0.010      0.38   0.004   0.006
   50677.884    -1.363     0.003     0.006      0.60   0.004   0.006
   50678.882    -1.363     0.015     0.007     -0.61   0.004   0.006
   50679.879    -1.366     0.008     0.005     -0.34   0.004   0.006
   50680.876    -1.364     0.005     0.005      0.01   0.004   0.006
   50681.873    -1.363     0.009     0.006     -0.30   0.004   0.006
   50682.870    -1.364     0.007     0.010      0.30   0.004   0.006
   50683.867    -1.368     0.004     0.004     -0.05   0.004   0.006
   50684.865    -1.364     0.006     0.003     -0.42   0.004   0.006
   50685.862    -1.366     0.007     0.004     -0.41   0.004   0.006
   50686.859    -1.365     0.007     0.007      0.03   0.004   0.006
   50687.856    -1.366     0.003     0.005      0.32   0.004   0.006
   50688.854    -1.366     0.006     0.007      0.13   0.004   0.006
   50689.852    -1.366     0.003     0.004      0.22   0.004   0.006
   50690.849    -1.362     0.008     0.005     -0.32   0.004   0.006
   50691.846    -1.365     0.008     0.009      0.14   0.004   0.006
   50692.843    -1.363     0.010     0.012      0.11   0.004   0.006
   50693.841    -1.365     0.005     0.007      0.25   0.004   0.006
   50694.838    -1.366     0.005     0.008      0.37   0.004   0.006
   50697.832    -1.302     0.009     0.009      0.04   0.004   0.006
   50698.829    -1.304     0.006     0.012      0.55   0.004   0.006
   50699.825    -1.332     0.004     0.006      0.32   0.004   0.006
   50700.812    -1.600     0.004     0.002     -0.34   0.004   0.006
   50701.819    -1.337     0.009     0.007     -0.22   0.004   0.006
   50702.817    -1.332     0.003     0.010      0.87   0.004   0.006
   50703.814    -1.336     0.005     0.004     -0.16   0.004   0.006
   50704.812    -1.333     0.010     0.012      0.14   0.004   0.006
   50705.809    -1.333     0.004     0.003     -0.32   0.004   0.006
   50706.807    -1.332     0.004     0.008      0.50   0.004   0.006
   50707.795    -1.530     0.003     0.003      0.10   0.004   0.006
   50708.801    -1.335     0.010     0.008     -0.18   0.004   0.006
   50709.798    -1.335     0.004     0.009      0.57   0.004   0.006
   50710.795    -1.333     0.008     0.009      0.09   0.004   0.006
   50711.793    -1.335     0.009     0.004     -0.49   0.004   0.006
   50712.790    -1.333     0.011     0.010     -0.02   0.004   0.006
   50713.787    -1.333     0.011     0.007     -0.31   0.004   0.006
   50714.781    -1.411     0.000     0.008      2.31   0.004   0.006
   50715.781    -1.332     0.007     0.014      0.57   0.004   0.006
   50716.779    -1.331     0.008     0.005     -0.42   0.004   0.006
   50717.776    -1.328     0.006     0.007      0.12   0.004   0.006
   50718.774    -1.305     0.010     0.010     -0.01   0.004   0.006
   50719.772    -1.303     0.010     0.005     -0.46   0.004   0.006
   50720.770    -1.298     0.010     0.007     -0.27   0.004   0.006
   50721.764    -1.363     0.003     0.005      0.45   0.004   0.006
   50722.761    -1.366     0.006     0.005     -0.22   0.004   0.006
   50723.759    -1.363     0.009     0.004     -0.51   0.004   0.006
   50724.756    -1.365     0.005     0.007      0.21   0.004   0.006
   50725.753    -1.362     0.007     0.006     -0.11   0.004   0.006
   50726.750    -1.366     0.005     0.008      0.38   0.004   0.006
   50727.748    -1.363     0.009     0.004     -0.58   0.004   0.006
   50729.742    -1.367     0.006     0.006      0.08   0.004   0.006
   50730.739    -1.365     0.005     0.003     -0.46   0.004   0.006
   50731.736    -1.364     0.008     0.007     -0.11   0.004   0.006
   50732.734    -1.364     0.005     0.005      0.00   0.004   0.006
   50733.731    -1.362     0.007     0.009      0.24   0.004   0.006
   50734.729    -1.367     0.005     0.006      0.17   0.004   0.006
   50736.724    -1.360     0.004     0.009      0.56   0.004   0.006
   50737.720    -1.367     0.005     0.009      0.40   0.004   0.006
   50738.718    -1.368     0.005     0.011      0.52   0.004   0.006
   50739.715    -1.364     0.004     0.004     -0.10   0.004   0.006
   50740.712    -1.367     0.004     0.008      0.47   0.004   0.006
   50741.709    -1.365     0.007     0.007      0.01   0.004   0.006
   50743.704    -1.367     0.004     0.007      0.38   0.004   0.006
   50744.701    -1.362     0.007     0.008      0.12   0.004   0.006
   50745.698    -1.364     0.007     0.004     -0.44   0.004   0.006
   50746.696    -1.360     0.007     0.008      0.19   0.004   0.006
   50747.693    -1.363     0.008     0.004     -0.56   0.004   0.006
   50748.690    -1.367     0.002     0.004      0.40   0.004   0.006
   50749.688    -1.364     0.004     0.005      0.22   0.004   0.006
   50750.685    -1.364     0.009     0.006     -0.31   0.004   0.006
   50751.682    -1.367     0.005     0.007      0.28   0.004   0.006
   50752.680    -1.367     0.007     0.003     -0.56   0.004   0.006
   50753.677    -1.364     0.007     0.003     -0.62   0.004   0.006
   50754.674    -1.365     0.006     0.010      0.33   0.004   0.006
   50755.671    -1.364     0.005     0.004     -0.27   0.004   0.006
   50757.666    -1.367     0.004     0.004      0.09   0.004   0.006
   50758.663    -1.369     0.005     0.006      0.12   0.004   0.006
   50759.660    -1.362     0.010     0.004     -0.59   0.004   0.006
   50760.657    -1.364     0.008     0.012      0.30   0.004   0.006
   50761.655    -1.361     0.007     0.007     -0.11   0.004   0.006
   50762.652    -1.364     0.006     0.003     -0.52   0.004   0.006
   50764.646    -1.364     0.007     0.007     -0.03   0.004   0.006
   50765.644    -1.365     0.012     0.004     -0.92   0.004   0.006
   50766.641    -1.366     0.004     0.009      0.71   0.004   0.006
   50767.639    -1.365     0.003     0.004      0.24   0.004   0.006
   50768.636    -1.367     0.010     0.011      0.10   0.004   0.006
   50769.633    -1.362     0.011     0.012      0.06   0.004   0.006
   50771.627    -1.367     0.007     0.007      0.00   0.004   0.006
   50772.625    -1.363     0.007     0.006     -0.09   0.004   0.006
   50773.622    -1.368     0.006     0.004     -0.40   0.004   0.006
   50774.619    -1.362     0.003     0.006      0.61   0.004   0.006
   50775.616    -1.362     0.007     0.003     -0.58   0.004   0.006
   50776.614    -1.364     0.003     0.003     -0.03   0.004   0.006
   50777.611    -1.367     0.007     0.004     -0.48   0.004   0.006
   50778.608    -1.366     0.008     0.007     -0.06   0.004   0.006
   50780.603    -1.367     0.009     0.008     -0.03   0.004   0.006
   50781.601    -1.363     0.002     0.009      0.97   0.004   0.006
   50782.598    -1.365     0.008     0.008      0.01   0.004   0.006
   50785.589    -1.367     0.007     0.005     -0.23   0.004   0.006
   50786.587    -1.362     0.008     0.003     -0.80   0.004   0.006
   50787.584    -1.366     0.008     0.007     -0.07   0.004   0.006
   50788.581    -1.364     0.008     0.002     -0.95   0.004   0.006
   50789.578    -1.363     0.005     0.003     -0.40   0.004   0.006
   50790.575    -1.366     0.007     0.006     -0.10   0.004   0.006
   50792.570    -1.365     0.005     0.008      0.29   0.004   0.006
   50793.567    -1.366     0.004     0.004     -0.06   0.004   0.006
   50794.564    -1.361     0.006     0.010      0.46   0.004   0.006
   50795.562    -1.364     0.007     0.012      0.37   0.004   0.006
   50796.560    -1.361     0.005     0.011      0.57   0.004   0.006
   50797.557    -1.365     0.006     0.002     -0.71   0.004   0.006
   50799.551    -1.368     0.005     0.004     -0.24   0.004   0.006
   50800.548    -1.364     0.004     0.005      0.13   0.004   0.006
   50801.546    -1.365     0.007     0.005     -0.29   0.004   0.006
   50802.543    -1.368     0.008     0.005     -0.35   0.004   0.006
   50803.540    -1.364     0.005     0.004     -0.28   0.004   0.006
   50804.537    -1.364     0.006     0.007      0.22   0.004   0.006
   50805.535    -1.362     0.008     0.004     -0.44   0.004   0.006
   50806.532    -1.362     0.005     0.006      0.10   0.004   0.006
   50810.521    -1.364     0.013     0.010     -0.15   0.004   0.006
   50811.519    -1.367     0.006     0.008      0.26   0.004   0.006
   50813.513    -1.365     0.008     0.004     -0.57   0.004   0.006
   50816.505    -1.361     0.004     0.007      0.42   0.004   0.006
   50817.502    -1.364     0.010     0.007     -0.23   0.004   0.006
   50818.499    -1.367     0.005     0.004     -0.19   0.004   0.006
   50819.496    -1.362     0.004     0.003     -0.14   0.004   0.006
   50820.494    -1.363     0.012     0.005     -0.58   0.004   0.006
   50821.491    -1.360     0.010     0.005     -0.54   0.004   0.006
   50822.488    -1.361     0.004     0.007      0.41   0.004   0.006
   50823.485    -1.361     0.009     0.005     -0.42   0.004   0.006
   50824.482    -1.364     0.005     0.001     -0.93   0.004   0.006
   50825.480    -1.364     0.004     0.005      0.24   0.004   0.006
   50827.475    -1.365     0.007     0.006     -0.14   0.004   0.006
   50829.469    -1.367     0.008     0.004     -0.64   0.004   0.006
   50830.467    -1.362     0.005     0.005     -0.06   0.004   0.006
   50831.464    -1.366     0.006     0.007      0.11   0.004   0.006
   50832.461    -1.368     0.008     0.002     -0.89   0.004   0.006
   50833.458    -1.367     0.006     0.004     -0.25   0.004   0.006
   50834.455    -1.368     0.009     0.007     -0.15   0.004   0.006
   50835.453    -1.366     0.005     0.002     -0.67   0.004   0.006
   50837.447    -1.364     0.009     0.007     -0.19   0.004   0.006
   50838.444    -1.366     0.007     0.006     -0.12   0.004   0.006
   50839.442    -1.361     0.008     0.006     -0.15   0.004   0.006
   50840.438    -1.368     0.005     0.005      0.01   0.004   0.006
   50842.434    -1.369     0.007     0.010      0.26   0.004   0.006
   50843.431    -1.368     0.005     0.005      0.12   0.004   0.006
   50844.428    -1.364     0.007     0.006     -0.13   0.004   0.006
   50845.426    -1.362     0.003     0.012      0.97   0.004   0.006
   50846.423    -1.361     0.005     0.005     -0.08   0.004   0.006
   50847.420    -1.367     0.006     0.007      0.10   0.004   0.006
   50850.412    -1.367     0.007     0.006     -0.11   0.004   0.006
   50851.409    -1.367     0.007     0.007     -0.04   0.004   0.006
   50852.406    -1.366     0.004     0.003     -0.32   0.004   0.006
   50853.403    -1.364     0.003     0.007      0.67   0.004   0.006
   50854.400    -1.364     0.003     0.007      0.61   0.004   0.006
   50855.398    -1.364     0.007     0.007     -0.09   0.004   0.006
   50856.396    -1.364     0.007     0.006     -0.18   0.004   0.006
   50857.393    -1.365     0.005     0.008      0.42   0.004   0.006
   50858.390    -1.363     0.007     0.004     -0.39   0.004   0.006
   50859.388    -1.364     0.007     0.007     -0.05   0.004   0.006
   50860.385    -1.361     0.005     0.006      0.16   0.004   0.006
   50861.382    -1.363     0.003     0.011      1.04   0.004   0.006
   50862.379    -1.361     0.009     0.008     -0.09   0.004   0.006
   50863.376    -1.364     0.006     0.004     -0.27   0.004   0.006
   50864.374    -1.365     0.006     0.010      0.38   0.004   0.006
   50865.371    -1.365     0.004     0.003     -0.18   0.004   0.006
   50866.368    -1.364     0.007     0.007      0.02   0.004   0.006
   50867.365    -1.365     0.008     0.007     -0.03   0.004   0.006
   50868.362    -1.365     0.005     0.007      0.33   0.004   0.006
   50869.360    -1.365     0.004     0.006      0.28   0.004   0.006
   50870.357    -1.364     0.003     0.008      0.69   0.004   0.006
   50871.354    -1.365     0.003     0.003     -0.05   0.004   0.006
   50872.352    -1.364     0.009     0.007     -0.18   0.004   0.006
   50873.350    -1.362     0.012     0.006     -0.55   0.004   0.006
   50874.349    -1.366     0.009     0.006     -0.39   0.004   0.006
   50875.344    -1.362     0.007     0.004     -0.38   0.004   0.006
   50876.341    -1.368     0.008     0.004     -0.61   0.004   0.006
   50877.338    -1.365     0.005     0.004     -0.15   0.004   0.006
   50878.335    -1.368     0.004     0.005      0.22   0.004   0.006
   50879.333    -1.363     0.005     0.004     -0.19   0.004   0.006
   50880.330    -1.367     0.009     0.012      0.24   0.004   0.006
   50881.327    -1.361     0.005     0.013      0.68   0.004   0.006
   50882.324    -1.363     0.015     0.004     -0.99   0.004   0.006
   50883.321    -1.365     0.009     0.008     -0.16   0.004   0.006
   50884.318    -1.369     0.004     0.009      0.50   0.004   0.006
   50885.316    -1.366     0.008     0.010      0.22   0.004   0.006
   50886.313    -1.365     0.002     0.005      0.56   0.004   0.006
   50887.311    -1.364     0.005     0.009      0.41   0.004   0.006
   50888.309    -1.363     0.007     0.004     -0.40   0.004   0.006
   50889.306    -1.367     0.007     0.008      0.14   0.004   0.006
   50890.303    -1.367     0.006     0.006     -0.04   0.004   0.006
   50891.300    -1.365     0.004     0.006      0.26   0.004   0.006
   50892.297    -1.363     0.013     0.008     -0.41   0.004   0.006
   50893.294    -1.364     0.008     0.013      0.38   0.004   0.006
   50894.292    -1.364     0.005     0.015      0.87   0.004   0.006
   50895.289    -1.368     0.007     0.008      0.09   0.004   0.006
   50896.286    -1.367     0.006     0.006      0.01   0.004   0.006
   50897.283    -1.366     0.007     0.007     -0.07   0.004   0.006
   50898.280    -1.366     0.004     0.009      0.64   0.004   0.006
   50899.278    -1.364     0.005     0.015      0.75   0.004   0.006
   50900.275    -1.362     0.008     0.008     -0.07   0.004   0.006
   50901.272    -1.362     0.001     0.015      2.15   0.004   0.006
   50902.270    -1.363     0.010     0.011      0.10   0.004   0.006
   50903.267    -1.365     0.010     0.008     -0.13   0.004   0.006
   50904.265    -1.363     0.005     0.011      0.66   0.004   0.006
   50905.262    -1.365     0.006     0.005     -0.16   0.004   0.006
   50906.259    -1.365     0.004     0.006      0.34   0.004   0.006
   50907.256    -1.364     0.003     0.014      1.16   0.004   0.006
   50908.254    -1.361     0.003     0.007      0.59   0.004   0.006
   50909.251    -1.364     0.007     0.013      0.44   0.004   0.006
   50910.248    -1.366     0.007     0.014      0.57   0.004   0.006
   50911.245    -1.364     0.005     0.009      0.38   0.004   0.006
   50912.242    -1.365     0.005     0.008      0.36   0.004   0.006
   50913.240    -1.365     0.006     0.004     -0.22   0.004   0.006
   50914.237    -1.363     0.003     0.014      1.10   0.004   0.006
   50915.234    -1.366     0.008     0.008      0.03   0.004   0.006
   50916.231    -1.365     0.006     0.004     -0.32   0.004   0.006
   50917.229    -1.363     0.007     0.007      0.02   0.004   0.006
   50918.227    -1.365     0.005     0.003     -0.35   0.004   0.006
   50919.224    -1.363     0.008     0.008      0.02   0.004   0.006
   50920.221    -1.359     0.008     0.009      0.09   0.004   0.006
   50921.218    -1.365     0.009     0.004     -0.67   0.004   0.006
   50923.213    -1.365     0.006     0.014      0.69   0.004   0.006
   50923.212    -1.369     0.006     0.007      0.08   0.004   0.006
   50924.210    -1.365     0.005     0.006      0.17   0.004   0.006
   50925.207    -1.362     0.001     0.007      1.21   0.004   0.006
   50926.204    -1.362     0.006     0.007      0.09   0.004   0.006
   50927.201    -1.366     0.012     0.008     -0.30   0.004   0.006
   50928.199    -1.362     0.006     0.010      0.40   0.004   0.006
   50929.196    -1.361     0.003     0.016      1.20   0.004   0.006
   50930.193    -1.362     0.005     0.008      0.38   0.004   0.006
   50931.190    -1.365     0.004     0.017      1.09   0.004   0.006
   50932.188    -1.365     0.003     0.006      0.64   0.004   0.006
   50933.186    -1.365     0.010     0.007     -0.31   0.004   0.006
   50934.183    -1.365     0.004     0.012      0.84   0.004   0.006
   50935.180    -1.363     0.006     0.011      0.51   0.004   0.006
   50936.177    -1.362     0.006     0.006      0.01   0.004   0.006
   50937.174    -1.364     0.008     0.011      0.28   0.004   0.006
   50938.171    -1.369     0.007     0.006     -0.18   0.004   0.006
   50939.169    -1.364     0.004     0.007      0.36   0.004   0.006
   50940.166    -1.366     0.011     0.009     -0.14   0.004   0.006
   50941.163    -1.362     0.006     0.011      0.43   0.004   0.006
   50942.160    -1.369     0.008     0.011      0.26   0.004   0.006
   50943.158    -1.364     0.010     0.016      0.39   0.004   0.006
   50944.155    -1.362     0.005     0.007      0.29   0.004   0.006
   50945.152    -1.363     0.009     0.008     -0.09   0.004   0.006
   50946.149    -1.362     0.006     0.014      0.69   0.004   0.006
   50947.146    -1.366     0.007     0.009      0.21   0.004   0.006
   50948.145    -1.364     0.011     0.008     -0.25   0.004   0.006
   50949.142    -1.365     0.010     0.008     -0.22   0.004   0.006
   50950.139    -1.366     0.013     0.007     -0.44   0.004   0.006
   50951.136    -1.362     0.007     0.003     -0.65   0.004   0.006
   50952.134    -1.364     0.010     0.010      0.05   0.004   0.006
   50953.131    -1.364     0.014     0.008     -0.44   0.004   0.006
   50954.128    -1.364     0.012     0.008     -0.34   0.004   0.006
   50955.125    -1.364     0.008     0.010      0.19   0.004   0.006
   50956.122    -1.364     0.007     0.004     -0.49   0.004   0.006
   50957.120    -1.363     0.010     0.006     -0.37   0.004   0.006
   50958.117    -1.365     0.014     0.015      0.03   0.004   0.006
   50959.114    -1.362     0.007     0.012      0.43   0.004   0.006
   50960.111    -1.366     0.009     0.007     -0.16   0.004   0.006
   50961.108    -1.363     0.012     0.009     -0.23   0.004   0.006
   50962.106    -1.362     0.007     0.004     -0.51   0.004   0.006
   50963.104    -1.364     0.007     0.004     -0.55   0.004   0.006
   50964.101    -1.364     0.007     0.015      0.53   0.004   0.006
   50965.098    -1.365     0.006     0.007      0.15   0.004   0.006
   50966.095    -1.365     0.003     0.007      0.59   0.004   0.006
   50967.093    -1.365     0.014     0.003     -1.14   0.004   0.006
   50968.090    -1.365     0.014     0.010     -0.20   0.004   0.006
   50969.087    -1.364     0.011     0.005     -0.58   0.004   0.006
   50970.084    -1.364     0.009     0.007     -0.18   0.004   0.006
   50971.081    -1.364     0.004     0.003     -0.31   0.004   0.006
   50972.079    -1.362     0.003     0.013      1.09   0.004   0.006
   50974.073    -1.364     0.002     0.014      1.32   0.004   0.006
   50975.070    -1.364     0.008     0.006     -0.20   0.004   0.006
   50976.067    -1.363     0.010     0.013      0.16   0.004   0.006
   50977.064    -1.367     0.004     0.007      0.41   0.004   0.006
   50978.062    -1.367     0.004     0.006      0.32   0.004   0.006
   50979.060    -1.367     0.011     0.006     -0.49   0.004   0.006
   50980.057    -1.362     0.006     0.012      0.45   0.004   0.006
   50981.055    -1.362     0.007     0.008      0.11   0.004   0.006
   50982.052    -1.365     0.008     0.008     -0.03   0.004   0.006
   50983.049    -1.367     0.010     0.007     -0.33   0.004   0.006
   50984.046    -1.364     0.011     0.008     -0.24   0.004   0.006
   50985.043    -1.364     0.015     0.009     -0.40   0.004   0.006
   50986.040    -1.364     0.011     0.003     -1.05   0.004   0.006
   50987.038    -1.362     0.007     0.003     -0.55   0.004   0.006
   50988.035    -1.369     0.009     0.007     -0.25   0.004   0.006
   50989.032    -1.362     0.005     0.005      0.03   0.004   0.006
   50991.027    -1.364     0.013     0.006     -0.56   0.004   0.006
   50992.024    -1.361     0.011     0.006     -0.42   0.004   0.006
   50993.021    -1.365     0.007     0.010      0.34   0.004   0.006
   50994.019    -1.362     0.012     0.008     -0.26   0.004   0.006
   50995.016    -1.361     0.006     0.012      0.51   0.004   0.006
   50996.014    -1.364     0.012     0.009     -0.24   0.004   0.006
   50997.011    -1.364     0.015     0.009     -0.35   0.004   0.006
   50998.008    -1.362     0.004     0.008      0.57   0.004   0.006
   50999.005    -1.365     0.020     0.013     -0.30   0.004   0.006
   51000.002    -1.362     0.015     0.007     -0.53   0.004   0.006
   51001.000    -1.362     0.011     0.004     -0.82   0.004   0.006
   51001.997    -1.362     0.009     0.016      0.39   0.004   0.006
   51002.994    -1.361     0.014     0.013     -0.02   0.004   0.006
   51003.991    -1.364     0.008     0.012      0.28   0.004   0.006
   51004.988    -1.366     0.012     0.007     -0.37   0.004   0.006
   51005.986    -1.361     0.009     0.009     -0.05   0.004   0.006
   51006.983    -1.364     0.008     0.009      0.08   0.004   0.006
   51007.980    -1.362     0.010     0.008     -0.24   0.004   0.006
   51008.978    -1.362     0.004     0.007      0.40   0.004   0.006
   51009.975    -1.367     0.007     0.013      0.46   0.004   0.006
   51010.973    -1.365     0.007     0.005     -0.32   0.004   0.006
   51011.970    -1.367     0.011     0.010     -0.01   0.004   0.006
   51012.967    -1.364     0.002     0.012      1.57   0.004   0.006
   51013.964    -1.363     0.006     0.007      0.11   0.004   0.006
   51014.961    -1.365     0.012     0.014      0.11   0.004   0.006
   51015.959    -1.362     0.014     0.013     -0.08   0.004   0.006
   51016.956    -1.362     0.015     0.014     -0.04   0.004   0.006
   51017.953    -1.367     0.016     0.009     -0.50   0.004   0.006
   51018.950    -1.364     0.011     0.008     -0.22   0.004   0.006
   51019.947    -1.364     0.009     0.010      0.10   0.004   0.006
   51020.945    -1.363     0.004     0.011      0.82   0.004   0.006
   51021.942    -1.365     0.004     0.009      0.71   0.004   0.006
   51022.939    -1.365     0.007     0.008      0.17   0.004   0.006
   51023.937    -1.363     0.008     0.011      0.28   0.004   0.006
   51024.934    -1.367     0.013     0.010     -0.22   0.004   0.006
   51025.932    -1.366     0.007     0.006     -0.07   0.004   0.006
   51026.929    -1.367     0.008     0.006     -0.21   0.004   0.006
   51027.926    -1.362     0.007     0.010      0.29   0.004   0.006
   51028.923    -1.368     0.007     0.007      0.10   0.004   0.006
   51029.921    -1.363     0.013     0.007     -0.49   0.004   0.006
   51030.918    -1.366     0.011     0.005     -0.54   0.004   0.006
   51031.915    -1.365     0.005     0.007      0.28   0.004   0.006
   51032.912    -1.363     0.011     0.009     -0.13   0.004   0.006
   51033.909    -1.362     0.018     0.004     -1.04   0.004   0.006
   51034.906    -1.366     0.012     0.004     -0.86   0.004   0.006
   51035.904    -1.368     0.005     0.013      0.66   0.004   0.006
   51036.901    -1.368     0.009     0.010      0.01   0.004   0.006
   51037.898    -1.366     0.006     0.005     -0.07   0.004   0.006
   51038.896    -1.365     0.006     0.013      0.63   0.004   0.006
   51039.893    -1.366     0.011     0.014      0.19   0.004   0.006
   51040.891    -1.364     0.016     0.031      0.52   0.004   0.006
   51041.888    -1.367     0.012     0.015      0.17   0.004   0.006
   51043.882    -1.368     0.008     0.019      0.65   0.004   0.006
   51044.879    -1.364     0.007     0.019      0.79   0.004   0.006
   51045.877    -1.367     0.006     0.015      0.74   0.004   0.006
   51046.874    -1.368     0.009     0.013      0.30   0.004   0.006
   51047.871    -1.365     0.006     0.010      0.34   0.004   0.006
   51048.868    -1.362     0.017     0.007     -0.71   0.004   0.006
   51049.865    -1.366     0.006     0.012      0.46   0.004   0.006
   51050.863    -1.368     0.008     0.011      0.27   0.004   0.006
   51051.860    -1.363     0.010     0.007     -0.24   0.004   0.006
   51052.857    -1.362     0.012     0.005     -0.68   0.004   0.006
   51053.854    -1.368     0.019     0.009     -0.60   0.004   0.006
   51054.853    -1.364     0.004     0.008      0.46   0.004   0.006
   51055.850    -1.364     0.019     0.009     -0.55   0.004   0.006
   51056.847    -1.366     0.007     0.010      0.33   0.004   0.006
   51057.844    -1.368     0.012     0.007     -0.37   0.004   0.006
   51058.841    -1.364     0.002     0.005      0.72   0.004   0.006
   51059.838    -1.369     0.007     0.007      0.05   0.004   0.006
   51060.836    -1.364     0.007     0.008      0.10   0.004   0.006
   51061.833    -1.365     0.013     0.006     -0.62   0.004   0.006
   51062.830    -1.365     0.011     0.009     -0.17   0.004   0.006
   51064.825    -1.366     0.016     0.009     -0.45   0.004   0.006
   51067.816    -1.367     0.017     0.014     -0.16   0.004   0.006
   51068.813    -1.363     0.009     0.006     -0.31   0.004   0.006
   51069.812    -1.365     0.003     0.012      1.04   0.004   0.006
   51070.809    -1.368     0.015     0.013     -0.10   0.004   0.006
   51074.798    -1.362     0.021     0.008     -0.74   0.004   0.006
   51075.795    -1.368     0.006     0.006      0.04   0.004   0.006
   51076.792    -1.364     0.009     0.008     -0.13   0.004   0.006
   51077.789    -1.363     0.010     0.004     -0.66   0.004   0.006
   51078.786    -1.366     0.007     0.009      0.26   0.004   0.006
   51079.783    -1.369     0.011     0.009     -0.18   0.004   0.006
   51081.778    -1.365     0.004     0.005      0.17   0.004   0.006
   51082.775    -1.361     0.012     0.010     -0.20   0.004   0.006
   51083.773    -1.363     0.016     0.010     -0.41   0.004   0.006
   51084.771    -1.363     0.004     0.004     -0.11   0.004   0.006
   51085.768    -1.363     0.008     0.013      0.41   0.004   0.006
   51089.757    -1.362     0.012     0.005     -0.56   0.004   0.006
   51090.754    -1.363     0.004     0.005      0.14   0.004   0.006
   51091.751    -1.365     0.007     0.005     -0.36   0.004   0.006
   51092.748    -1.367     0.008     0.010      0.15   0.004   0.006
   51093.745    -1.368     0.007     0.013      0.47   0.004   0.006
   51095.740    -1.362     0.006     0.010      0.43   0.004   0.006
   51096.737    -1.366     0.009     0.014      0.36   0.004   0.006
   51097.734    -1.367     0.006     0.013      0.57   0.004   0.006
   51098.731    -1.365     0.004     0.007      0.54   0.004   0.006
   51099.729    -1.369     0.013     0.005     -0.75   0.004   0.006
   51100.727    -1.367     0.006     0.004     -0.28   0.004   0.006
   51102.721    -1.366     0.010     0.006     -0.39   0.004   0.006
   51103.719    -1.363     0.004     0.007      0.41   0.004   0.006
   51104.716    -1.364     0.010     0.003     -0.83   0.004   0.006
   51105.713    -1.366     0.013     0.007     -0.48   0.004   0.006
   51106.710    -1.362     0.008     0.011      0.21   0.004   0.006
   51107.707    -1.366     0.018     0.005     -1.02   0.004   0.006
   51109.702    -1.367     0.015     0.005     -0.77   0.004   0.006
   51110.699    -1.368     0.004     0.012      0.73   0.004   0.006
   51111.696    -1.364     0.004     0.005      0.24   0.004   0.006
   51112.693    -1.368     0.011     0.005     -0.57   0.004   0.006
   51113.691    -1.363     0.008     0.014      0.42   0.004   0.006
   51114.688    -1.367     0.011     0.010     -0.04   0.004   0.006
   51117.680    -1.368     0.008     0.009      0.08   0.004   0.006
   51118.678    -1.366     0.005     0.004     -0.11   0.004   0.006
   51119.675    -1.362     0.008     0.011      0.21   0.004   0.006
   51120.672    -1.363     0.011     0.008     -0.25   0.004   0.006
   51121.669    -1.364     0.005     0.005      0.09   0.004   0.006
   51123.664    -1.365     0.011     0.008     -0.25   0.004   0.006
   51124.661    -1.368     0.009     0.013      0.22   0.004   0.006
   51125.655    -1.433     0.016     0.020      0.19   0.004   0.006
   51126.655    -1.368     0.005     0.004     -0.17   0.004   0.006
   51127.652    -1.364     0.014     0.014     -0.02   0.004   0.006
   51128.650    -1.360     0.004     0.009      0.70   0.004   0.006
   51130.645    -1.365     0.008     0.013      0.38   0.004   0.006
   51131.642    -1.366     0.007     0.003     -0.74   0.004   0.006
   51132.639    -1.367     0.015     0.011     -0.25   0.004   0.006
   51133.637    -1.365     0.009     0.010      0.08   0.004   0.006
   51138.623    -1.363     0.011     0.008     -0.22   0.004   0.006
   51139.620    -1.366     0.006     0.008      0.25   0.004   0.006
   51140.617    -1.368     0.012     0.005     -0.60   0.004   0.006
   51142.611    -1.365     0.016     0.007     -0.63   0.004   0.006
   51144.606    -1.365     0.012     0.008     -0.34   0.004   0.006
   51145.604    -1.362     0.010     0.012      0.10   0.004   0.006
   51146.601    -1.367     0.002     0.011      1.27   0.004   0.006
   51147.598    -1.368     0.004     0.004      0.12   0.004   0.006
   51148.596    -1.366     0.008     0.007     -0.11   0.004   0.006
   51149.593    -1.367     0.009     0.011      0.19   0.004   0.006
   51150.590    -1.364     0.009     0.005     -0.48   0.004   0.006
   51151.588    -1.351     0.010     0.009     -0.13   0.004   0.006
   51152.585    -1.351     0.006     0.011      0.49   0.004   0.006
   51153.582    -1.352     0.015     0.007     -0.55   0.004   0.006
   51154.580    -1.350     0.006     0.007      0.15   0.004   0.006
   51155.577    -1.352     0.012     0.011     -0.06   0.004   0.006
   51156.574    -1.352     0.006     0.004     -0.36   0.004   0.006
   51157.571    -1.352     0.012     0.008     -0.36   0.004   0.006
   51158.568    -1.355     0.012     0.006     -0.51   0.004   0.006
   51159.566    -1.350     0.008     0.022      0.76   0.004   0.006
   51160.563    -1.355     0.014     0.005     -0.88   0.004   0.006
   51161.561    -1.353     0.013     0.011     -0.10   0.004   0.006
   51162.558    -1.355     0.010     0.013      0.15   0.004   0.006
   51163.555    -1.349     0.011     0.009     -0.11   0.004   0.006
   51164.553    -1.350     0.010     0.011      0.07   0.004   0.006
   51165.549    -1.369     0.004     0.011      0.70   0.004   0.006
   51166.546    -1.367     0.017     0.008     -0.63   0.004   0.006
   51167.544    -1.363     0.007     0.009      0.17   0.004   0.006
   51168.541    -1.368     0.005     0.010      0.50   0.004   0.006
   51169.538    -1.367     0.014     0.008     -0.49   0.004   0.006
   51170.535    -1.368     0.009     0.008     -0.06   0.004   0.006
   51174.524    -1.365     0.011     0.010     -0.07   0.004   0.006
   51175.521    -1.363     0.010     0.005     -0.58   0.004   0.006
   51176.519    -1.367     0.010     0.010      0.02   0.004   0.006
   51177.517    -1.363     0.007     0.016      0.68   0.004   0.006
   51178.514    -1.365     0.006     0.007      0.16   0.004   0.006
   51182.503    -1.365     0.008     0.012      0.32   0.004   0.006
   51183.500    -1.369     0.015     0.017      0.10   0.004   0.006
   51184.497    -1.368     0.010     0.015      0.32   0.004   0.006
   51190.480    -1.369     0.004     0.022      1.32   0.004   0.006
   51191.479    -1.363     0.005     0.034      1.45   0.004   0.006
   51192.476    -1.363     0.016     0.034      0.57   0.004   0.006
   51193.473    -1.365     0.019     0.020      0.03   0.004   0.006
   51194.470    -1.367     0.017     0.013     -0.22   0.004   0.006
   51197.462    -1.368     0.014     0.024      0.45   0.004   0.006
   51198.459    -1.366     0.013     0.005     -0.80   0.004   0.006
   51199.456    -1.368     0.013     0.015      0.07   0.004   0.006
   51200.453    -1.363     0.006     0.014      0.70   0.004   0.006
   51201.451    -1.361     0.013     0.011     -0.13   0.004   0.006
   51202.448    -1.364     0.009     0.006     -0.41   0.004   0.006
   51204.442    -1.367     0.011     0.006     -0.49   0.004   0.006
   51205.439    -1.366     0.009     0.013      0.30   0.004   0.006
   51206.437    -1.368     0.010     0.007     -0.29   0.004   0.006
   51207.435    -1.363     0.007     0.009      0.16   0.004   0.006
