0.2470930244 0.0046153846 9.23076923076924E-005
0.2509689919 0.0055769231 0.0001115385
0.2548449593 0.0046153846 9.23076923076924E-005
0.2645348779 0.0028846154 5.76923076923075E-005
0.2684108453 0.0036538462 7.30769230769229E-005
0.2713178209 0.0042307692 8.46153846153844E-005
0.2751937884 0.0051923077 0.0001038462
0.2887596744 0.0061538462 0.0001230769
0.2926356419 0.0092307692 0.0001846154
0.2965116093 0.0063461538 0.0001269231
0.3071705198 0.0015384615 3.07692307692306E-005
0.3100774953 0.0065384615 0.0001307692
0.3139534628 0.0034615385 6.92307692307692E-005
0.3168604384 0.0038461538 7.69230769230767E-005
0.3275193488 0.0059615385 0.0001192308
0.3313953163 0.0057692308 0.0001153846
0.3343022919 0.0046153846 9.23076923076924E-005
0.3381782593 0.0028846154 5.76923076923075E-005
0.3478681779 0.0053846154 0.0001076923
0.3517441453 0.0046153846 9.23076923076924E-005
0.3556201128 0.0067307692 0.0001346154
0.3594960802 0.0071153846 0.0001423077
0.3691859988 0.0101923077 0.0002038462
0.3730619663 0.01 0.0002
0.3759689419 0.0121153846 0.0002423077
0.3798449093 0.0125 0.00025
0.3895348279 0.0038461538 7.69230769230767E-005
0.3934107953 0.0092307692 0.0001846154
0.3972867628 0.0075 0.00015
0.4001937384 0.0069230769 0.0001384615
0.4108526488 0.0040384615 8.07692307692306E-005
0.4147286163 0.0055769231 0.0001115385
0.4176355919 0.0067307692 0.0001346154
0.4215115593 0.0080769231 0.0001615385
0.4321704698 0.0088461538 0.0001769231
0.4350774453 0.0098076923 0.0001961538
0.4389534128 0.0119230769 0.0002384615
0.4428293802 0.0144230769 0.0002884615
0.4525192988 0.0090384615 0.0001807692
0.4563952663 0.0105769231 0.0002115385
0.4593022419 0.0105769231 0.0002115385
0.4631782093 0.0134615385 0.0002692308
0.4728681279 0.0082692308 0.0001653846
0.4767440953 0.0103846154 0.0002076923
