   50410.283     0.138     3.782     7.444      0.52   0.057   0.372
   50412.278     0.142     3.991     5.688      0.27   0.060   0.284
   50413.275     0.137     3.872     4.808      0.17   0.058   0.240
   50414.252    -0.361     3.899     7.410      0.49   0.059   0.371
   50424.225    -0.360     3.995     7.560      0.49   0.060   0.378
   50424.287     1.132     4.033     8.087      0.53   0.061   0.404
   50424.318     1.892     4.009     8.366      0.56   0.060   0.418
   50425.222    -0.361     3.869     7.083      0.46   0.058   0.354
   50425.284     1.132     3.892     7.682      0.52   0.058   0.384
   50425.315     1.893     3.845     7.732      0.54   0.058   0.387
   50426.219    -0.362     3.786     7.004      0.47   0.057   0.350
   50426.281     1.130     3.829     7.421      0.51   0.058   0.371
   50426.312     1.895     3.797     7.884      0.56   0.057   0.394
   50427.237     0.140     3.749     7.037      0.48   0.056   0.352
   50428.234     0.137     3.590     7.257      0.54   0.054   0.363
   50429.231     0.139     3.492     7.397      0.57   0.053   0.370
   50430.229     0.137     3.287     5.555      0.40   0.049   0.278
   50431.227     0.140     3.243     7.316      0.62   0.049   0.366
   50434.218     0.137     2.956     7.321      0.69   0.044   0.366
   50436.213     0.140     2.784     6.591      0.66   0.042   0.330
   50437.210     0.135     2.690     6.536      0.68   0.041   0.327
   50440.201     0.138     2.340    -1.000    -10.00   0.035   0.000
   50441.199     0.137     2.442     7.142      0.82   0.037   0.357
   50444.190     0.138     2.226     6.616      0.83   0.034   0.331
   50446.186     0.141     2.223     7.145      0.89   0.034   0.357
   50447.183     0.137     2.111     6.349      0.84   0.032   0.318
   50455.161     0.139     2.154     4.927      0.63   0.033   0.246
   50456.158     0.141     2.211     4.964      0.62   0.033   0.248
   50457.155     0.140     1.939     5.208      0.76   0.029   0.260
   50458.152     0.140     2.268     5.215      0.64   0.034   0.261
   50459.149     0.138     2.282     5.906      0.73   0.034   0.295
   50460.147     0.139     2.293     5.591      0.68   0.035   0.280
   50461.145     0.139     2.294     5.933      0.73   0.035   0.297
   50462.142     0.137     2.400     5.808      0.68   0.036   0.290
   50463.139     0.141     2.428     5.767      0.66   0.037   0.288
   50464.136     0.138     2.490     5.803      0.65   0.038   0.290
   50465.134     0.138     2.561     5.696      0.61   0.039   0.285
   50466.131     0.140     2.609     5.729      0.60   0.039   0.287
   50467.128     0.138     2.695     5.612      0.56   0.041   0.281
   50468.125     0.137     2.745     5.687      0.56   0.041   0.284
   50469.122     0.139     2.868     5.926      0.56   0.043   0.296
   50470.120     0.139     2.858     5.700      0.53   0.043   0.285
   50471.117     0.139     2.901     5.045      0.42   0.044   0.252
   50473.111     0.140     2.971     5.158      0.42   0.045   0.258
   50474.108     0.140     3.051     5.490      0.45   0.046   0.275
   50475.106     0.141     3.083     5.281      0.41   0.046   0.264
   50477.101     0.138     3.214     5.243      0.38   0.048   0.262
   50478.098     0.144     3.249     5.216      0.36   0.049   0.261
   50479.096     0.140     3.289     5.410      0.38   0.049   0.271
   50480.093     0.141     3.321     5.505      0.39   0.050   0.275
   50481.090     0.137     3.374     5.862      0.42   0.051   0.293
   50482.087     0.137     3.382     6.218      0.47   0.051   0.311
   50483.084     0.139     3.468     7.048      0.54   0.052   0.352
   50484.081     0.137     3.563     5.735      0.37   0.054   0.287
   50485.079     0.137     3.507     6.401      0.46   0.053   0.320
   50486.076     0.137     3.544     6.624      0.48   0.053   0.331
   50490.065     0.139     3.616     6.547      0.46   0.054   0.327
   50491.063     0.176     3.604     6.725      0.48   0.054   0.336
   50492.060     0.141     3.589     6.031      0.40   0.054   0.302
   50493.057     0.137     3.659     6.182      0.40   0.055   0.309
   50494.054     0.138     3.569     5.849      0.38   0.054   0.293
   50495.052     0.140     3.628     6.124      0.40   0.055   0.306
   50496.049     0.139     3.573     5.097      0.27   0.054   0.255
   50497.046     0.139     3.586     5.884      0.38   0.054   0.294
   50498.043     0.140     3.615     5.834      0.37   0.054   0.292
   50499.041     0.138     3.528     5.287      0.31   0.053   0.264
   50500.038     0.139     3.573     5.837      0.38   0.054   0.292
   50501.035     0.142     3.532     6.066      0.41   0.053   0.303
   50502.032     0.141     3.509     5.658      0.37   0.053   0.283
   50503.029     0.139     3.548     5.940      0.40   0.053   0.297
   50504.027     0.138     3.503     6.009      0.41   0.053   0.301
   50505.024     0.140     3.463     6.026      0.42   0.052   0.301
   50506.021     0.139     3.431     6.267      0.46   0.052   0.313
   50507.019     0.137     3.399     5.989      0.43   0.051   0.300
   50508.016     0.141     3.411     6.108      0.45   0.051   0.305
   50509.014     0.139     3.346     3.753      0.09   0.050   0.188
   50510.011     0.140     3.323     5.693      0.41   0.050   0.285
   50511.008     0.140     3.291     5.298      0.37   0.050   0.265
   50512.005     0.142     3.197     5.109      0.36   0.048   0.256
   50513.003     0.148     3.173     5.278      0.39   0.048   0.264
   50514.000     0.143     3.229     4.833      0.31   0.049   0.242
   50514.997     0.142     3.082     4.595      0.31   0.046   0.230
   50515.994     0.144     2.955     4.704      0.36   0.044   0.235
   50516.991     0.141     2.968     4.934      0.39   0.045   0.247
   50517.988     0.138     2.901     5.019      0.42   0.044   0.251
   50518.986     0.140     2.833     4.977      0.43   0.043   0.249
   50519.983     0.143     2.760     4.820      0.43   0.042   0.241
   50520.980     0.137     2.712     5.002      0.47   0.041   0.250
   50521.978     0.143     2.597     4.757      0.46   0.039   0.238
   50522.976     0.141     2.583     4.946      0.50   0.039   0.247
   50523.973     0.138     2.491     4.779      0.50   0.038   0.239
   50524.970     0.140     2.445     4.738      0.51   0.037   0.237
   50525.967     0.142     2.383     4.793      0.54   0.036   0.240
   50526.964     0.143     2.309     4.597      0.53   0.035   0.230
   50527.962     0.141     2.256     4.442      0.52   0.034   0.222
   50528.959     0.145     2.200     4.370      0.53   0.033   0.219
   50529.956     0.143     2.159     4.326      0.53   0.033   0.216
   50532.948     0.141     2.098     5.916      0.79   0.032   0.296
   50534.942     0.138     1.973     4.801      0.68   0.030   0.240
   50535.939     0.142     2.040     4.903      0.67   0.031   0.245
   50536.937     0.138     2.091     4.858      0.65   0.032   0.243
   50537.934     0.138     2.134     4.928      0.64   0.032   0.246
   50539.929     0.140     2.234     5.139      0.64   0.034   0.257
   50540.926     0.144     2.262     5.171      0.63   0.034   0.259
   50541.923     0.137     2.378     5.238      0.61   0.036   0.262
   50542.921     0.142     2.499     5.045      0.54   0.038   0.252
   50543.918     0.137     2.620     4.918      0.48   0.039   0.246
   50544.915     0.143     2.711     4.628      0.41   0.041   0.231
   50545.912     0.140     2.862     4.876      0.41   0.043   0.244
   50546.909     0.137     2.992     5.037      0.40   0.045   0.252
   50547.907     0.141     3.104     5.055      0.37   0.047   0.253
   50548.904     0.140     3.208     4.979      0.34   0.048   0.249
   50549.901     0.142     3.274     4.871      0.30   0.049   0.244
   50550.898     0.141     3.387     4.903      0.28   0.051   0.245
   50551.896     0.133     3.555     4.875      0.24   0.053   0.244
   50552.894     0.140     3.584     4.811      0.23   0.054   0.241
   50554.888     0.141     3.632     4.767      0.21   0.055   0.238
   50555.885     0.139     3.640     4.802      0.21   0.055   0.240
   50556.882     0.139     3.643     4.904      0.23   0.055   0.245
   50557.880     0.142     3.593     4.645      0.20   0.054   0.232
   50558.877     0.143     3.533     4.763      0.23   0.053   0.238
   50559.874     0.138     3.512     4.565      0.20   0.053   0.228
   50560.871     0.143     3.478     4.743      0.24   0.052   0.237
   50561.868     0.139     3.414     4.607      0.23   0.051   0.230
   50562.866     0.143     3.375     4.800      0.27   0.051   0.240
   50563.863     0.143     3.357     4.729      0.26   0.050   0.237
   50564.860     0.137     3.271     4.679      0.27   0.049   0.234
   50565.857     0.138     3.247     3.892      0.14   0.049   0.195
   50566.854     0.140     3.229     4.567      0.27   0.049   0.228
   50568.850     0.142     3.226     4.393      0.24   0.049   0.220
   50569.847     0.141     3.203     4.554      0.27   0.048   0.228
   50570.844     0.143     3.190     4.493      0.26   0.048   0.225
   50571.841     0.140     3.240     4.607      0.27   0.049   0.230
   50572.839     0.138     3.288     3.894      0.13   0.049   0.195
   50573.836     0.138     3.289     4.533      0.25   0.049   0.227
   50574.833     0.140     3.323     4.459      0.22   0.050   0.223
   50575.830     0.139     3.338     4.450      0.22   0.050   0.223
   50576.828     0.141     3.374     3.559      0.04   0.051   0.178
   50577.825     0.140     3.426     4.956      0.28   0.052   0.248
   50578.822     0.141     3.513     4.616      0.21   0.053   0.231
   50579.819     0.141     3.505     4.319      0.16   0.053   0.216
   50580.816     0.138     3.534     4.418      0.17   0.053   0.221
   50581.813     0.139     3.594     4.457      0.17   0.054   0.223
   50582.812     0.142     3.691     3.881      0.04   0.055   0.194
   50583.809     0.143     3.752     4.470      0.13   0.056   0.224
   50584.806     0.139     3.769     4.405      0.12   0.057   0.220
   50585.803     0.141     3.673     4.130      0.09   0.055   0.207
   50586.800     0.139     3.743     3.825      0.02   0.056   0.191
   50587.798     0.139     3.759     4.328      0.11   0.057   0.216
   50589.794     0.177     3.721     4.249      0.10   0.056   0.213
   50590.791     0.171     3.754     4.353      0.11   0.056   0.218
   50591.788     0.173     3.738     4.205      0.09   0.056   0.210
   50592.785     0.171     3.742     4.264      0.10   0.056   0.213
   50593.782     0.173     3.791     4.520      0.14   0.057   0.226
   50594.779     0.170     3.773     4.397      0.12   0.057   0.220
   50596.773     0.140     3.756     4.206      0.09   0.056   0.210
   50597.771     0.138     3.831     4.476      0.12   0.058   0.224
   50598.768     0.143     3.744     4.304      0.11   0.056   0.215
   50599.765     0.140     3.785     4.352      0.11   0.057   0.218
   50600.762     0.137     3.817     4.455      0.12   0.057   0.223
   50601.760     0.138     3.823     4.429      0.11   0.057   0.222
   50602.757     0.141     3.826     4.319      0.09   0.058   0.216
   50603.754     0.139     3.844     4.235      0.07   0.058   0.212
   50604.751     0.140     3.849     4.096      0.05   0.058   0.205
   50605.749     0.142     3.899     4.031      0.03   0.059   0.202
   50606.746     0.139     3.884     3.983      0.02   0.058   0.199
   50607.743     0.138     3.910     4.191      0.05   0.059   0.210
   50608.740     0.137     3.819     3.907      0.02   0.057   0.195
   50610.735     0.143     3.748     3.958      0.04   0.056   0.198
   50611.732     0.140     3.679     4.224      0.11   0.055   0.211
   50612.729     0.140     3.574     4.024      0.09   0.054   0.201
   50613.727     0.137     3.577     4.238      0.13   0.054   0.212
   50614.724     0.140     3.423     3.790      0.08   0.051   0.190
   50615.721     0.140     3.440     3.864      0.09   0.052   0.193
   50617.716     0.139     3.374     3.873      0.11   0.051   0.194
   50618.713     0.139     3.324     3.972      0.14   0.050   0.199
   50619.710     0.141     3.325     3.879      0.12   0.050   0.194
   50620.707     0.138     3.298     3.523      0.05   0.050   0.176
   50621.705     0.140     3.336     3.873      0.11   0.050   0.194
   50622.702     0.142     3.325     3.746      0.09   0.050   0.187
   50624.696     0.139     3.354     3.813      0.10   0.050   0.191
   50625.693     0.140     3.430     3.938      0.11   0.052   0.197
   50626.691     0.140     3.404     3.800      0.08   0.051   0.190
   50627.688     0.141     3.412     3.798      0.08   0.051   0.190
   50628.686     0.141     3.449     3.830      0.08   0.052   0.192
   50631.678     0.138     3.482     3.662      0.04   0.052   0.183
   50632.675     0.140     3.484     3.944      0.09   0.052   0.197
   50633.672     0.140     3.521     3.948      0.09   0.053   0.197
   50634.669     0.140     3.534     3.813      0.06   0.053   0.191
   50635.667     0.140     3.546     3.777      0.05   0.053   0.189
   50636.664     0.138     3.332     3.837      0.11   0.050   0.192
   50638.658     0.141     3.537     3.767      0.05   0.053   0.188
   50639.659     0.228     3.528     3.636      0.02   0.053   0.182
   50640.653     0.140     3.579     3.641      0.01   0.054   0.182
   50641.650     0.141     3.592     3.674      0.02   0.054   0.184
   50642.647     0.138     3.545     3.753      0.04   0.053   0.188
   50643.645     0.137     3.493     3.718      0.05   0.053   0.186
   50645.640     0.143     3.370     3.477      0.02   0.051   0.174
   50646.637     0.141     3.341     3.464      0.03   0.050   0.173
   50647.634     0.139     3.296     3.600      0.07   0.050   0.180
   50648.631     0.138     3.224     3.613      0.09   0.049   0.181
   50649.628     0.138     3.170     3.489      0.07   0.048   0.175
   50650.626     0.138     3.144     3.434      0.07   0.047   0.172
   50653.617     0.140     3.103     4.010      0.20   0.047   0.201
   50654.614     0.139     3.055     3.781      0.16   0.046   0.189
   50656.609     0.137     2.986     3.871      0.20   0.045   0.194
   50657.606     0.137     2.987     3.927      0.21   0.045   0.196
   50659.601     0.140     2.947     3.568      0.15   0.044   0.178
   50660.599     0.140     2.945     3.473      0.13   0.044   0.174
   50662.593     0.137     2.968     3.708      0.17   0.045   0.185
   50663.590     0.141     2.990     3.656      0.15   0.045   0.183
   50664.587     0.140     2.968     2.007     -0.30   0.045   0.101
   50666.582     0.140     3.055     3.592      0.12   0.046   0.180
   50667.579     0.138     3.086     3.463      0.09   0.046   0.173
   50668.576     0.140     3.145     3.429      0.07   0.047   0.172
   50670.571     0.139     3.194     3.437      0.06   0.048   0.172
   50671.568     0.137     3.227     3.516      0.07   0.049   0.176
   50673.562     0.140     3.326     3.518      0.04   0.050   0.176
   50674.561     0.140     3.318     3.624      0.07   0.050   0.181
   50675.558     0.139     3.427     3.794      0.08   0.052   0.190
   50676.555     0.138     3.451     3.689      0.05   0.052   0.185
   50678.549     0.139     3.539     3.478     -0.01   0.053   0.174
   50680.544     0.140     3.634     2.838     -0.19   0.055   0.142
   50681.541     0.139     3.696     3.774      0.02   0.056   0.189
   50682.538     0.139     3.800     3.701     -0.02   0.057   0.185
   50683.536     0.144     3.865     3.607     -0.05   0.058   0.180
   50684.532     0.137     3.977     3.548     -0.09   0.060   0.177
   50685.530     0.139     3.982     3.554     -0.09   0.060   0.178
   50687.525     0.155     4.114     3.655     -0.09   0.062   0.183
   50688.522     0.151     4.096     3.672     -0.08   0.062   0.184
   50689.520     0.150     4.149     3.628     -0.10   0.062   0.181
   50690.517     0.150     4.210     3.597     -0.12   0.063   0.180
   50691.515     0.166     4.190     3.621     -0.11   0.063   0.181
   50692.512     0.166     4.207     3.626     -0.11   0.063   0.181
   50694.506     0.152     4.136     3.397     -0.15   0.062   0.170
   50697.497     0.143     4.104     3.517     -0.12   0.062   0.176
   50698.494     0.142     4.089     3.444     -0.13   0.061   0.172
   50699.492     0.140     4.062     3.465     -0.12   0.061   0.173
   50700.489     0.140     4.033     3.516     -0.10   0.061   0.176
   50701.486     0.137     3.973     3.393     -0.12   0.060   0.170
   50702.483     0.137     3.970     3.382     -0.12   0.060   0.169
   50703.480     0.140     3.984     3.418     -0.12   0.060   0.171
   50704.479     0.139     4.032     3.386     -0.13   0.061   0.169
   50705.476     0.140     4.017     3.361     -0.14   0.060   0.168
   50706.473     0.137     4.003     3.353     -0.14   0.060   0.168
   50707.470     0.137     4.039     3.386     -0.14   0.061   0.169
   50708.467     0.138     4.084     3.458     -0.13   0.061   0.173
   50709.465     0.140     4.047     3.453     -0.12   0.061   0.173
   50710.462     0.140     4.057     3.413     -0.13   0.061   0.171
   50711.459     0.140     4.016     3.394     -0.13   0.060   0.170
   50712.456     0.138     4.011     3.415     -0.12   0.060   0.171
   50713.453     0.138     4.073     3.327     -0.16   0.061   0.166
   50714.451     0.140     4.057     3.286     -0.16   0.061   0.164
   50715.448     0.137     3.996     3.299     -0.15   0.060   0.165
   50716.445     0.144     4.026     3.374     -0.14   0.061   0.169
   50718.439     0.137     4.146     3.297     -0.18   0.062   0.165
   50719.438     0.144     4.071     3.745     -0.06   0.061   0.187
   50720.435     0.142     4.059     3.686     -0.07   0.061   0.184
   50721.432     0.140     4.060     3.494     -0.12   0.061   0.175
   50722.429     0.140     4.089     3.315     -0.16   0.061   0.166
   50723.426     0.139     4.183     3.330     -0.17   0.063   0.167
   50724.424     0.136     4.181     3.238     -0.20   0.063   0.162
   50725.421     0.137     4.124     3.280     -0.17   0.062   0.164
   50726.418     0.143     4.110     3.221     -0.19   0.062   0.161
   50727.415     0.140     4.079     3.170     -0.19   0.061   0.159
   50728.413     0.144     4.028     3.282     -0.16   0.061   0.164
   50729.408     0.096     4.075     3.194     -0.19   0.061   0.160
   50730.405     0.097     4.028     3.247     -0.17   0.061   0.162
   50731.402     0.097     3.965     3.194     -0.17   0.060   0.160
   50732.400     0.097     3.982     3.237     -0.16   0.060   0.162
   50733.397     0.099     3.945     3.209     -0.16   0.059   0.161
   50734.395     0.098     3.847     3.265     -0.13   0.058   0.163
   50735.392     0.099     3.795     3.238     -0.12   0.057   0.162
   50736.389     0.098     3.737     3.200     -0.12   0.056   0.160
   50737.387     0.098     3.768     3.161     -0.14   0.057   0.158
   50738.384     0.096     3.652     3.192     -0.10   0.055   0.160
   50739.381     0.098     3.591     3.132     -0.10   0.054   0.157
   50740.378     0.098     3.519     3.148     -0.09   0.053   0.158
   50741.375     0.096     3.462     3.100     -0.09   0.052   0.155
   50742.373     0.096     3.477     3.170     -0.07   0.052   0.159
   50743.370     0.100     3.342     3.151     -0.05   0.050   0.158
   50744.367     0.097     3.362     3.146     -0.05   0.051   0.157
   50745.364     0.101     3.254     3.053     -0.05   0.049   0.153
   50746.361     0.097     3.185     3.141     -0.01   0.048   0.157
   50747.359     0.102     3.103     3.468      0.09   0.047   0.173
   50748.356     0.101     3.040     3.293      0.06   0.046   0.165
   50749.354     0.097     3.060     3.084      0.01   0.046   0.154
   50750.351     0.097     3.049     3.048      0.00   0.046   0.153
   50751.348     0.098     3.010     3.060      0.01   0.045   0.153
   50752.346     0.096     3.007     3.026      0.00   0.045   0.151
   50753.343     0.097     2.884     3.126      0.06   0.043   0.156
   50754.340     0.095     2.835     2.870      0.01   0.043   0.144
   50755.337     0.097     2.955     3.053      0.03   0.044   0.153
   50756.334     0.098     3.087     2.176     -0.27   0.046   0.109
   50757.332     0.095     2.953     2.853     -0.03   0.044   0.143
   50758.329     0.096     2.860     2.897      0.01   0.043   0.145
   50759.326     0.100     2.827     2.802     -0.01   0.043   0.140
   50761.321     0.098     2.918     3.083      0.04   0.044   0.154
   50762.318     0.095     2.982     2.974      0.00   0.045   0.149
   50763.315     0.101     2.982     2.970      0.00   0.045   0.149
   50764.312     0.099     2.993     2.858     -0.04   0.045   0.143
   50765.310     0.094     3.087     3.194      0.03   0.046   0.160
   50766.307     0.097     3.155     2.908     -0.06   0.047   0.146
   50767.305     0.097     3.208     2.864     -0.09   0.048   0.143
   50768.302     0.097     3.282     2.872     -0.10   0.049   0.144
   50769.299     0.099     3.406     2.926     -0.12   0.051   0.146
   50770.296     0.097     3.508     3.066     -0.10   0.053   0.153
   50771.294     0.097     3.469     3.047     -0.10   0.052   0.152
   50772.291     0.097     3.491     3.045     -0.10   0.052   0.152
   50773.288     0.097     3.516     3.017     -0.12   0.053   0.151
   50774.285     0.097     3.541     2.972     -0.13   0.053   0.149
   50775.282     0.096     3.528     2.951     -0.14   0.053   0.148
   50776.279     0.095     3.566     2.851     -0.17   0.054   0.143
   50777.277     0.098     3.618     2.973     -0.15   0.054   0.149
   50778.274     0.099     3.586     3.105     -0.11   0.054   0.155
   50781.266     0.095     3.448     2.951     -0.12   0.052   0.148
   50782.264     0.100     3.505     3.068     -0.10   0.053   0.154
   50783.261     0.099     3.405     2.836     -0.14   0.051   0.142
   50784.258     0.100     3.512     2.953     -0.13   0.053   0.148
   50785.255     0.098     3.470     2.954     -0.12   0.052   0.148
   50786.253     0.099     3.321     2.847     -0.12   0.050   0.142
   50787.250     0.098     3.307     2.903     -0.10   0.050   0.145
   50788.247     0.094     3.254     2.993     -0.06   0.049   0.150
   50789.244     0.095     3.225     3.000     -0.05   0.049   0.150
   50790.241     0.097     3.152     2.985     -0.04   0.047   0.149
   50791.239     0.098     3.125     3.024     -0.03   0.047   0.151
   50792.236     0.095     3.100    -1.000    -10.00   0.047   0.000
   50793.233     0.099     3.077     2.977     -0.03   0.046   0.149
   50794.230     0.097     3.006     3.188      0.05   0.045   0.160
   50795.229     0.101     2.954     3.031      0.02   0.044   0.152
   50796.226     0.102     2.922     2.827     -0.03   0.044   0.141
   50797.223     0.095     2.934     2.861     -0.02   0.044   0.143
   50798.220     0.097     2.950     2.843     -0.03   0.044   0.142
   50799.217     0.097     2.953     2.773     -0.05   0.044   0.139
   50800.214     0.095     2.969     2.790     -0.05   0.045   0.140
   50801.212     0.101     3.037     2.806     -0.06   0.046   0.140
   50802.209     0.095     3.085     2.713     -0.10   0.046   0.136
   50803.206     0.101     3.038     2.778     -0.07   0.046   0.139
   50804.203     0.102     3.119     2.833     -0.07   0.047   0.142
   50805.201     0.099     3.225     2.724     -0.13   0.049   0.136
   50806.198     0.098     3.205     2.717     -0.13   0.048   0.136
   50809.189     0.098     3.524     3.581      0.01   0.053   0.179
   50810.187     0.096     3.382     2.916     -0.11   0.051   0.146
   50811.185     0.100     3.493     3.015     -0.11   0.053   0.151
   50813.179     0.096     3.461     2.929     -0.13   0.052   0.147
   50816.171     0.099     3.479     2.822     -0.16   0.052   0.141
   50817.168     0.102     3.483     2.810     -0.16   0.052   0.141
   50818.165     0.101     3.450     2.775     -0.17   0.052   0.139
   50819.162     0.094     3.407     2.802     -0.15   0.051   0.140
   50820.159     0.096     3.455     2.903     -0.13   0.052   0.145
   50821.157     0.100     3.353     2.463     -0.24   0.050   0.123
   50822.154     0.098     3.424     3.065     -0.09   0.051   0.153
   50823.151     0.097     3.395     2.964     -0.10   0.051   0.148
   50824.148     0.097     3.397     2.886     -0.12   0.051   0.144
   50825.146     0.096     3.437     2.911     -0.13   0.052   0.146
   50827.141     0.098     3.385     2.892     -0.12   0.051   0.145
   50828.138     0.099     3.373     3.021     -0.08   0.051   0.151
   50829.135     0.096     3.355     2.657     -0.18   0.050   0.133
   50830.133     0.098     3.370     2.915     -0.11   0.051   0.146
   50831.130     0.101     3.394     2.984     -0.10   0.051   0.149
   50832.127     0.102     3.375     2.957     -0.10   0.051   0.148
   50833.124     0.094     3.292     2.750     -0.14   0.050   0.138
   50834.121     0.095     3.328     2.913     -0.10   0.050   0.146
   50835.119     0.098     3.296     2.985     -0.08   0.050   0.149
   50837.113     0.100     3.309     3.167     -0.03   0.050   0.158
   50838.110     0.100     3.283     3.018     -0.06   0.049   0.151
   50839.107     0.097     3.248     3.005     -0.06   0.049   0.150
   50840.105     0.095     3.192     2.981     -0.05   0.048   0.149
   50842.100     0.097     3.181     3.003     -0.04   0.048   0.150
   50843.097     0.101     3.159     2.655     -0.13   0.048   0.133
   50844.095     0.102     3.190     2.945     -0.06   0.048   0.147
   50845.092     0.102     3.189     2.927     -0.07   0.048   0.146
   50846.089     0.102     3.135     2.938     -0.05   0.047   0.147
   50847.086     0.097     3.161     2.927     -0.06   0.048   0.146
   50848.083     0.096     3.209     3.013     -0.05   0.048   0.151
   50849.080     0.094     3.161     2.962     -0.05   0.048   0.148
   50850.078     0.101     3.185     2.942     -0.06   0.048   0.147
   50851.075     0.098     3.172     2.823     -0.09   0.048   0.141
   50852.072     0.099     3.197     2.814     -0.10   0.048   0.141
   50853.069     0.096     3.144     2.802     -0.09   0.047   0.140
   50854.067     0.100     3.137     2.737     -0.10   0.047   0.137
   50855.064     0.095     3.143     2.776     -0.09   0.047   0.139
   50856.062     0.100     3.178     2.918     -0.06   0.048   0.146
   50857.059     0.099     3.179     2.802     -0.10   0.048   0.140
   50858.056     0.094     3.213     2.795     -0.11   0.048   0.140
   50859.053     0.096     3.141     2.861     -0.07   0.047   0.143
   50860.051     0.102     3.158     2.869     -0.07   0.048   0.144
   50861.048     0.097     3.129     2.923     -0.05   0.047   0.146
   50862.045     0.100     3.189     2.985     -0.05   0.048   0.149
   50863.042     0.099     3.185     2.880     -0.08   0.048   0.144
   50864.039     0.096     3.173     2.886     -0.07   0.048   0.144
   50865.037     0.097     3.173     3.011     -0.04   0.048   0.151
   50866.034     0.096     3.164     2.984     -0.05   0.048   0.149
   50867.031     0.102     3.136     2.969     -0.04   0.047   0.149
   50875.010     0.098     3.025     2.991     -0.01   0.046   0.150
   50876.007     0.096     3.042     2.884     -0.04   0.046   0.144
   50877.004     0.098     3.081     3.135      0.01   0.046   0.157
   50878.001     0.095     3.031     2.966     -0.02   0.046   0.148
   50878.999     0.102     3.014     2.865     -0.04   0.045   0.143
   50879.996     0.104     3.065     3.190      0.03   0.046   0.160
   50880.993     0.103     3.048     3.431      0.09   0.046   0.172
   50881.990     0.097     3.152     3.308      0.04   0.047   0.165
   50882.987     0.097     3.142     3.052     -0.02   0.047   0.153
   50883.984     0.094     3.074     3.046     -0.01   0.046   0.152
   50884.982     0.095     3.117     3.078     -0.01   0.047   0.154
   50885.979     0.098     3.147     3.026     -0.03   0.047   0.151
   50886.977     0.097     3.138     2.945     -0.05   0.047   0.147
   50887.974     0.099     3.155     2.979     -0.04   0.047   0.149
   50888.972     0.099     3.180     2.894     -0.07   0.048   0.145
   50889.969     0.095     3.185     3.335      0.04   0.048   0.167
   50890.966     0.095     3.189     2.879     -0.08   0.048   0.144
   50891.963     0.096     3.331     3.156     -0.04   0.050   0.158
   50892.960     0.096     3.258     3.516      0.06   0.049   0.176
   50893.958     0.099     3.243     3.053     -0.05   0.049   0.153
   50894.955     0.101     3.264     2.849     -0.10   0.049   0.143
   50895.952     0.098     3.209     3.027     -0.05   0.048   0.151
   50896.949     0.099     3.214     3.064     -0.04   0.048   0.153
   50897.946     0.098     3.240     3.072     -0.04   0.049   0.154
   50898.944     0.101     3.241     3.046     -0.05   0.049   0.152
   50899.941     0.097     3.321     3.024     -0.07   0.050   0.151
   50900.938     0.098     3.266     3.176     -0.02   0.049   0.159
   50901.936     0.098     3.250     3.130     -0.03   0.049   0.157
   50902.933     0.095     3.208     3.092     -0.03   0.048   0.155
   50903.931     0.101     3.233     3.120     -0.03   0.049   0.156
   50918.893     0.169     3.292     3.095     -0.05   0.050   0.155
   50919.890     0.167     3.286     3.266      0.00   0.049   0.163
   50967.747    -0.113     3.177     3.151     -0.01   0.048   0.158
   50969.741    -0.112     3.214     3.442      0.05   0.048   0.172
   50970.738    -0.113     3.294     3.609      0.07   0.050   0.181
   50971.736    -0.112     3.225     3.433      0.05   0.049   0.172
   50972.733    -0.099     3.247     3.481      0.05   0.049   0.174
   50973.730    -0.112     3.288     3.430      0.03   0.049   0.172
   50974.728    -0.110     3.236     3.228      0.00   0.049   0.162
   50976.723    -0.115     3.168     3.199      0.01   0.048   0.160
   50977.720    -0.117     3.050     2.602     -0.12   0.046   0.130
   50978.717    -0.117     3.207     3.550      0.08   0.048   0.178
   50979.714    -0.111     2.976     3.439      0.11   0.045   0.172
   50980.711    -0.116    -1.000     3.444    -10.00   0.000   0.172
   50981.709    -0.115     3.161     3.460      0.07   0.048   0.173
   50983.703    -0.114     3.085     3.238      0.04   0.046   0.162
   50984.700    -0.111     3.028     3.385      0.09   0.046   0.169
   50985.697    -0.111     3.037     3.345      0.07   0.046   0.167
   50986.695    -0.112     2.952     3.329      0.09   0.044   0.167
   50987.692    -0.113     2.983     3.490      0.12   0.045   0.175
   50988.689    -0.113     3.253     3.413      0.04   0.049   0.171
   50991.682    -0.115     3.045     3.441      0.09   0.046   0.172
   50992.679    -0.114     3.085     3.436      0.08   0.046   0.172
   50993.676    -0.112     3.123     3.740      0.14   0.047   0.187
   50994.673    -0.112     3.144     3.547      0.09   0.047   0.177
   50996.668    -0.114     3.107     3.569      0.11   0.047   0.179
   50997.665    -0.114     3.098     3.643      0.12   0.047   0.182
   50998.662    -0.113     3.128     3.599      0.11   0.047   0.180
   50999.659    -0.110     3.117     3.217      0.02   0.047   0.161
   51000.657    -0.111     3.088     3.178      0.02   0.046   0.159
   51001.654    -0.111     3.047     3.422      0.09   0.046   0.171
   51002.651    -0.110     2.982     3.307      0.08   0.045   0.165
   51004.646    -0.113     2.981     3.724      0.17   0.045   0.186
   51005.644    -0.110     2.938     3.122      0.05   0.044   0.156
   51006.641    -0.110     2.993     3.146      0.04   0.045   0.157
   51007.639    -0.099     2.949     3.339      0.09   0.044   0.167
   51008.635    -0.111     2.977     3.603      0.15   0.045   0.180
   51009.632    -0.114     3.021     3.623      0.14   0.045   0.181
   51011.627    -0.116     2.956     3.126      0.04   0.044   0.156
   51012.624    -0.114     2.974     3.415      0.11   0.045   0.171
   51013.621    -0.111     2.957     3.764      0.19   0.045   0.188
   51014.618    -0.116     3.004     3.946      0.21   0.045   0.197
   51015.615    -0.116     2.957     3.769      0.19   0.045   0.189
   51016.613    -0.113     2.977     3.586      0.14   0.045   0.179
   51018.607    -0.115     2.983     3.688      0.16   0.045   0.184
   51019.604    -0.116     2.946     3.561      0.14   0.044   0.178
   51020.603    -0.113     2.927     3.619      0.16   0.044   0.181
   51021.600    -0.114     3.011     3.725      0.16   0.045   0.186
   51022.597    -0.113     3.010     3.790      0.18   0.045   0.190
   51023.594    -0.111     3.077     3.636      0.13   0.046   0.182
   51025.589    -0.110     3.180     3.619      0.10   0.048   0.181
   51026.586    -0.114     3.204     3.467      0.06   0.048   0.173
   51027.583    -0.110     3.222     3.266      0.01   0.048   0.163
   51028.580    -0.113     3.291     3.235     -0.01   0.050   0.162
   51029.577    -0.113     3.344     3.363      0.00   0.050   0.168
   51030.575    -0.113     3.406     3.479      0.02   0.051   0.174
   51032.569    -0.113     3.514     3.458     -0.01   0.053   0.173
   51033.566    -0.114     3.575     3.474     -0.02   0.054   0.174
   51034.563    -0.112     3.546     3.479     -0.01   0.053   0.174
   51035.562    -0.110     3.582     3.158     -0.10   0.054   0.158
   51036.559    -0.112     3.626     3.335     -0.06   0.055   0.167
   51037.556    -0.112     3.624     3.375     -0.05   0.054   0.169
   51039.550    -0.114     3.627     3.723      0.02   0.055   0.186
   51040.548    -0.112     3.840     4.208      0.07   0.058   0.210
   51041.545    -0.110     3.646     3.796      0.03   0.055   0.190
   51044.536    -0.115     3.659     3.668      0.00   0.055   0.183
   51046.531    -0.114     3.680     3.916      0.05   0.055   0.196
   51047.528    -0.111     3.635     3.650      0.00   0.055   0.183
   51048.525    -0.112     3.593     3.605      0.00   0.054   0.180
   51049.523    -0.110     3.558     3.591      0.01   0.053   0.180
   51050.521    -0.111     3.516     3.581      0.01   0.053   0.179
   51051.518    -0.116     3.537     3.995      0.09   0.053   0.200
   51053.512    -0.111     3.373     3.491      0.03   0.051   0.175
   51054.509    -0.114     3.430     3.572      0.03   0.052   0.179
   51055.507    -0.111     3.400     3.545      0.03   0.051   0.177
   51056.504    -0.111     3.362     3.384      0.00   0.051   0.169
   51058.498    -0.113     3.303     3.705      0.09   0.050   0.185
   51059.496    -0.113     3.299     3.651      0.08   0.050   0.183
   51060.493    -0.114     3.270     3.544      0.06   0.049   0.177
   51061.490    -0.114     3.270     3.619      0.08   0.049   0.181
   51062.487    -0.111     3.270     3.619      0.08   0.049   0.181
   51065.479    -0.113     3.188     3.952      0.17   0.048   0.198
   51068.471    -0.111     3.275     3.913      0.14   0.049   0.196
   51069.469    -0.114     3.330     3.865      0.11   0.050   0.193
   51070.466    -0.114     3.471     4.283      0.16   0.052   0.214
   51071.463    -0.112     2.567     2.682      0.03   0.039   0.134
   51074.455    -0.114     3.169     3.606      0.10   0.048   0.180
   51075.452    -0.116     3.154     3.313      0.04   0.047   0.166
   51076.449    -0.111     3.192     3.352      0.04   0.048   0.168
   51077.446    -0.112     3.193     3.547      0.08   0.048   0.177
   51078.443    -0.112     3.111     3.504      0.09   0.047   0.175
   51079.441    -0.114     3.138     3.384      0.06   0.047   0.169
   51080.438    -0.115     3.225     3.464      0.05   0.049   0.173
   51081.436    -0.114     3.187     3.320      0.03   0.048   0.166
   51082.433    -0.113     3.177     3.217      0.01   0.048   0.161
   51083.430    -0.113     3.172     3.178      0.00   0.048   0.159
   51084.428    -0.111     3.157     3.244      0.02   0.047   0.162
   51085.425    -0.111     3.257     3.529      0.06   0.049   0.177
   51086.422    -0.113     2.431     2.125     -0.10   0.037   0.106
   51089.414    -0.114     3.245     3.389      0.03   0.049   0.170
   51090.411    -0.111     3.209     3.454      0.06   0.048   0.173
   51091.408    -0.112     3.234     3.514      0.06   0.049   0.176
   51092.405    -0.114     3.124     4.629      0.30   0.047   0.232
   51093.402    -0.116     3.342     2.403     -0.25   0.050   0.120
   51094.400    -0.116     3.238     3.186     -0.01   0.049   0.159
   51095.397    -0.113     3.255     3.517      0.06   0.049   0.176
   51096.395    -0.112     3.175     3.589      0.09   0.048   0.180
   51097.392    -0.111     3.305     3.231     -0.02   0.050   0.162
   51098.389    -0.114     3.294     3.279      0.00   0.050   0.164
   51099.387    -0.115     3.317     3.373      0.01   0.050   0.169
   51100.384    -0.113     3.269     3.493      0.05   0.049   0.175
   51101.381    -0.112     3.315     3.588      0.06   0.050   0.179
   51102.378    -0.115     3.304     3.373      0.02   0.050   0.169
   51103.376    -0.112     3.280     3.164     -0.03   0.049   0.158
   51104.373    -0.112     3.271     3.272      0.00   0.049   0.164
   51105.370    -0.114     3.184     3.373      0.04   0.048   0.169
   51106.367    -0.113     3.208     3.440      0.05   0.048   0.172
   51107.364    -0.116     3.173     3.170      0.00   0.048   0.159
   51108.362    -0.112     3.211     3.202      0.00   0.048   0.160
   51109.359    -0.117     3.176     3.195      0.00   0.048   0.160
   51110.356    -0.116     3.197     3.203      0.00   0.048   0.160
   51111.354    -0.113     3.453     3.168     -0.07   0.052   0.159
   51112.351    -0.111     3.101     3.190      0.02   0.047   0.160
   51113.348    -0.116     3.227     3.083     -0.04   0.049   0.154
   51114.346    -0.115     3.073     3.299      0.05   0.046   0.165
   51115.343    -0.113     3.047     3.403      0.09   0.046   0.170
   51116.340    -0.115     3.121     3.541      0.10   0.047   0.177
   51117.337    -0.115     3.016     3.234      0.05   0.045   0.162
   51118.335    -0.114     3.188     3.123     -0.02   0.048   0.156
   51119.332    -0.114     3.054     3.471      0.10   0.046   0.174
   51120.329    -0.115     2.819     3.365      0.14   0.042   0.168
   51121.326    -0.116     2.848     3.188      0.09   0.043   0.160
   51122.323    -0.114     2.917     3.252      0.08   0.044   0.163
   51123.320    -0.117     2.781     3.247      0.12   0.042   0.162
   51124.318    -0.111     2.714     3.058      0.09   0.041   0.153
   51125.315    -0.114     2.649     3.263      0.16   0.040   0.163
   51126.312    -0.118     2.745     3.137      0.10   0.041   0.157
   51127.310    -0.114     2.634     3.189      0.15   0.040   0.160
   51128.308    -0.114     2.626     2.935      0.09   0.040   0.147
   51129.305    -0.116     2.628     3.038      0.11   0.040   0.152
   51130.302    -0.113     2.608     3.158      0.15   0.039   0.158
   51131.299    -0.114     2.623     3.190      0.15   0.040   0.160
   51132.296    -0.114     2.579     3.172      0.16   0.039   0.159
   51133.294    -0.113     2.654     2.600     -0.02   0.040   0.130
   51138.280    -0.114     2.989     3.104      0.03   0.045   0.155
   51139.277    -0.115     2.832     3.073      0.06   0.043   0.154
   51140.274    -0.117     2.852     3.143      0.07   0.043   0.157
   51142.269    -0.116     3.097     3.303      0.05   0.047   0.165
   51144.264    -0.113     2.851     3.024      0.05   0.043   0.151
   51145.261    -0.113     2.924     2.885     -0.01   0.044   0.144
   51146.258    -0.111     2.917     2.877     -0.01   0.044   0.144
   51147.255    -0.116     2.841     2.973      0.04   0.043   0.149
   51148.253    -0.112     2.896     3.192      0.08   0.044   0.160
   51149.250    -0.117     2.927     2.973      0.01   0.044   0.149
   51150.247    -0.114     3.168     3.060     -0.03   0.048   0.153
   51151.244    -0.113     2.890     3.124      0.06   0.044   0.156
   51152.241    -0.115     2.894     3.029      0.04   0.044   0.152
   51153.239    -0.115     2.881     2.936      0.01   0.043   0.147
   51154.236    -0.114     2.916     3.139      0.06   0.044   0.157
   51155.233    -0.114     2.900     3.197      0.08   0.044   0.160
   51156.230    -0.114     2.868     3.288      0.10   0.043   0.164
   51157.229    -0.112     3.135     3.048     -0.02   0.047   0.153
   51158.226    -0.116     2.935     2.903     -0.01   0.044   0.145
   51159.223    -0.115     2.829     3.011      0.05   0.043   0.151
   51160.220    -0.115     3.103     3.010     -0.02   0.047   0.151
   51161.217    -0.114     2.824     3.043      0.06   0.043   0.152
   51162.215    -0.115     2.797     2.960      0.04   0.042   0.148
   51163.212    -0.112     3.058     3.164      0.03   0.046   0.158
   51164.209    -0.115     2.922     2.985      0.02   0.044   0.149
   51165.206    -0.115     2.776     3.190      0.11   0.042   0.160
   51166.203    -0.114     3.040     3.162      0.03   0.046   0.158
   51167.200    -0.116     2.891     3.040      0.04   0.044   0.152
   51168.198    -0.111     2.792     3.051      0.07   0.042   0.153
   51169.195    -0.115     2.892     3.012      0.03   0.044   0.151
   51170.192    -0.119     2.787     2.945      0.04   0.042   0.147
   51174.182    -0.115     2.706     3.094      0.10   0.041   0.155
   51175.179    -0.116     2.723     2.964      0.06   0.041   0.148
   51176.176    -0.113     2.737     1.351     -0.54   0.041   0.068
   51177.174    -0.113     2.664     1.680     -0.35   0.040   0.084
   51178.171    -0.115     2.697     2.896      0.05   0.041   0.145
   51182.160    -0.115     2.668     3.001      0.09   0.040   0.150
   51183.157    -0.114     2.712     2.757      0.01   0.041   0.138
   51184.154    -0.118     2.446     2.201     -0.08   0.037   0.110
   51190.138    -0.116     2.691     2.911      0.06   0.041   0.146
   51191.135    -0.116     2.764     2.746      0.00   0.042   0.137
   51192.133    -0.112     2.640     2.996      0.10   0.040   0.150
   51193.130    -0.115     2.653     2.570     -0.02   0.040   0.129
   51194.127    -0.118     2.637     2.773      0.04   0.040   0.139
   51197.119    -0.116     2.765     2.885      0.03   0.042   0.144
   51198.116    -0.113     2.938     3.965      0.23   0.044   0.198
   51199.113    -0.114     2.478     2.583      0.03   0.037   0.129
   51200.110    -0.114     2.679     2.668      0.00   0.040   0.134
   51201.108    -0.113     2.578     2.672      0.03   0.039   0.134
   51202.105    -0.112     2.769     2.911      0.04   0.042   0.146
   51204.100    -0.112     2.774     2.941      0.05   0.042   0.147
   51205.097    -0.114     2.798     2.777     -0.01   0.042   0.139
   51206.094    -0.115     2.782     2.818      0.01   0.042   0.141
   51207.092    -0.114     2.752     2.724     -0.01   0.041   0.136
   51208.089    -0.114     2.786     2.795      0.00   0.042   0.140
   51209.086    -0.114     2.998     2.689     -0.08   0.045   0.135
   51210.083    -0.114     2.883     2.709     -0.05   0.043   0.136
   51211.081    -0.112     2.792     2.395     -0.12   0.042   0.120
   51212.078    -0.115     2.784     2.591     -0.05   0.042   0.130
   51213.075    -0.116     2.820     2.638     -0.05   0.042   0.132
   51214.072    -0.111     2.811     2.638     -0.05   0.042   0.132
   51215.069    -0.114     2.954     2.621     -0.09   0.044   0.131
   51216.067    -0.115     2.848     2.504     -0.10   0.043   0.125
   51217.064    -0.114     2.786     2.685     -0.03   0.042   0.134
   51218.062    -0.116     2.950     2.741     -0.06   0.044   0.137
   51219.059    -0.112     2.735     2.631     -0.03   0.041   0.132
   51222.051    -0.111     2.768     2.810      0.01   0.042   0.141
   51223.048    -0.113     2.834     2.800     -0.01   0.043   0.140
   51224.045    -0.115     3.037     2.791     -0.06   0.046   0.140
   51225.042    -0.115    -1.000    -1.000    -10.00   0.000   0.000
   51226.040    -0.115     2.830     2.655     -0.05   0.043   0.133
   51227.037    -0.114     2.789     2.692     -0.03   0.042   0.135
   51228.034    -0.115     2.854     2.689     -0.05   0.043   0.135
   51229.031    -0.116     2.932     2.660     -0.08   0.044   0.133
   51230.029    -0.112     2.962     2.663     -0.08   0.045   0.133
   51231.025    -0.117     2.790     2.728     -0.02   0.042   0.137
   51232.023    -0.114     2.795     2.616     -0.05   0.042   0.131
   51233.021    -0.112     2.764     2.771      0.00   0.042   0.139
   51234.018    -0.114     2.928     2.689     -0.06   0.044   0.135
   51235.015    -0.116     2.812     2.749     -0.02   0.042   0.138
   51236.013    -0.112     2.804     2.626     -0.05   0.042   0.131
   51237.010    -0.112     2.748     2.739      0.00   0.041   0.137
   51238.007    -0.115     2.732     2.781      0.01   0.041   0.139
   51239.004    -0.111     2.896     2.707     -0.05   0.044   0.135
   51240.001    -0.114     2.824     2.612     -0.06   0.043   0.131
   51241.996    -0.108     2.760     2.951      0.05   0.042   0.148
   51242.993    -0.109     2.736     2.654     -0.02   0.041   0.133
   51243.990    -0.112     2.879     2.577     -0.09   0.043   0.129
   51244.987    -0.114     2.771     2.746     -0.01   0.042   0.137
   51245.985    -0.114     2.736     2.699     -0.01   0.041   0.135
   51247.979    -0.115     2.806     2.769     -0.01   0.042   0.139
   51248.977    -0.118     2.791     2.632     -0.05   0.042   0.132
   51249.975    -0.114     2.780     2.755     -0.01   0.042   0.138
   51250.972    -0.114     2.802     2.700     -0.03   0.042   0.135
   51252.966    -0.113     2.825     2.660     -0.05   0.043   0.133
   51253.963    -0.114     2.799     2.544     -0.07   0.042   0.127
   51254.961    -0.114     2.895     2.506     -0.11   0.044   0.125
   51255.958    -0.112     2.865     2.656     -0.06   0.043   0.133
   51256.955    -0.112     2.946     2.617     -0.09   0.044   0.131
   51257.952    -0.113     2.961     2.621     -0.09   0.045   0.131
   51258.949    -0.112     2.838     2.623     -0.06   0.043   0.131
   51259.947    -0.113     2.994     2.698     -0.08   0.045   0.135
   51260.944    -0.111     2.906     1.445     -0.54   0.044   0.072
   51261.941    -0.115     2.871     2.854      0.00   0.043   0.143
   51262.938    -0.113     2.880     2.733     -0.04   0.043   0.137
   51263.936    -0.112     2.853     2.629     -0.06   0.043   0.132
   51264.934    -0.114     2.964     2.594     -0.10   0.045   0.130
   51265.931    -0.116     2.988     2.582     -0.11   0.045   0.129
   51266.928    -0.112     2.860     2.518     -0.10   0.043   0.126
   51267.925    -0.112     2.788     2.587     -0.06   0.042   0.129
   51268.922    -0.114     2.811     2.736     -0.02   0.042   0.137
   51269.920    -0.112     2.796     2.781      0.00   0.042   0.139
   51270.917    -0.113     2.805     2.762     -0.01   0.042   0.138
   51271.914    -0.114     2.764     2.729     -0.01   0.042   0.137
   51272.911    -0.114     2.793     2.700     -0.03   0.042   0.135
   51273.908    -0.113     2.799     2.581     -0.06   0.042   0.129
   51274.906    -0.115     2.809     2.508     -0.09   0.042   0.126
   51275.903    -0.114     2.740     2.683     -0.02   0.041   0.134
   51276.900    -0.111     2.615     2.646      0.01   0.039   0.132
   51278.895    -0.114     2.678     2.609     -0.02   0.040   0.131
   51279.893    -0.112     2.784     2.620     -0.05   0.042   0.131
   51280.890    -0.115     2.957     2.452     -0.14   0.045   0.123
   51281.887    -0.115     2.832     2.669     -0.05   0.043   0.134
   51282.884    -0.112     2.788     2.744     -0.01   0.042   0.137
   51283.881    -0.113     2.793     2.547     -0.07   0.042   0.127
   51284.879    -0.112     2.871     2.763     -0.03   0.043   0.138
   51285.876    -0.114     2.909     2.770     -0.04   0.044   0.139
   51286.873    -0.113     2.902     2.762     -0.04   0.044   0.138
   51287.870    -0.112     2.909     2.873     -0.01   0.044   0.144
   51288.867    -0.114     3.058     2.775     -0.07   0.046   0.139
   51289.865    -0.113     2.898     2.547     -0.10   0.044   0.127
   51290.862    -0.114     2.867     2.689     -0.05   0.043   0.135
   51292.856    -0.113     2.944     2.628     -0.09   0.044   0.132
   51293.854    -0.114     2.847     2.636     -0.06   0.043   0.132
   51294.852    -0.114     2.914     2.525     -0.11   0.044   0.126
   51295.849    -0.114     2.979     2.464     -0.14   0.045   0.123
   51296.846    -0.114     2.934     2.521     -0.12   0.044   0.126
   51297.843    -0.113     2.803     2.321     -0.14   0.042   0.116
   51298.841    -0.112     2.878     2.561     -0.09   0.043   0.128
   51299.838    -0.113     2.924     2.685     -0.06   0.044   0.134
   51300.835    -0.114     2.869     2.759     -0.03   0.043   0.138
   51301.832    -0.114     2.837     2.636     -0.06   0.043   0.132
   51302.829    -0.114     3.055     2.569     -0.13   0.046   0.129
   51303.827    -0.111     2.793     2.493     -0.09   0.042   0.125
   51304.824    -0.111     2.640     2.759      0.03   0.040   0.138
   51305.821    -0.114     2.756     2.732     -0.01   0.042   0.137
   51306.818    -0.115     2.732     2.547     -0.05   0.041   0.127
   51307.815    -0.111     2.671     2.543     -0.04   0.040   0.127
   51309.811    -0.114     2.784     2.792      0.00   0.042   0.140
   51310.808    -0.122     2.508     2.722      0.06   0.038   0.136
   51312.802    -0.120     2.624     2.715      0.03   0.040   0.136
   51313.799    -0.120     2.582     2.700      0.03   0.039   0.135
   51315.793    -0.136     2.393     2.473      0.03   0.036   0.124
   51316.791    -0.121     1.513     1.292     -0.12   0.023   0.065
   51317.788    -0.120     2.557     2.530     -0.01   0.039   0.127
   51319.782    -0.123     2.471     2.482      0.00   0.037   0.124
   51320.780    -0.118     2.574     2.462     -0.03   0.039   0.123
   51322.774    -0.121    -1.000    -1.000    -10.00   0.000   0.000
   51326.765    -0.100     2.482     2.519      0.01   0.037   0.126
   51326.765    -0.100     2.482     2.519      0.01   0.037   0.126
   51327.761    -0.117     2.539     2.394     -0.05   0.038   0.120
   51328.758    -0.121     2.507     2.340     -0.05   0.038   0.117
   51329.756    -0.117     2.523     2.375     -0.05   0.038   0.119
   51330.753    -0.122     2.553     2.333     -0.07   0.038   0.117
   51331.750    -0.118     2.518     2.308     -0.07   0.038   0.116
   51333.744    -0.120     2.547     2.467     -0.02   0.038   0.123
   51334.742    -0.119     2.576     2.436     -0.04   0.039   0.122
   51335.739    -0.121     2.566     2.452     -0.04   0.039   0.123
   51336.736    -0.121     2.605     2.397     -0.06   0.039   0.120
   51337.733    -0.123     2.564     2.418     -0.05   0.039   0.121
   51338.731    -0.116     2.615     2.560     -0.02   0.039   0.128
   51340.726    -0.121     2.586     2.488     -0.03   0.039   0.125
   51341.723    -0.123     2.807     2.508     -0.09   0.042   0.126
   51342.720    -0.117     2.394     2.487      0.03   0.036   0.124
   51343.717    -0.119     2.505     2.388     -0.04   0.038   0.120
   51344.715    -0.122     2.424     2.326     -0.03   0.037   0.116
   51345.712    -0.118     2.579     2.321     -0.08   0.039   0.116
   51347.706    -0.123     2.711     2.504     -0.06   0.041   0.125
   51348.703    -0.122     2.690     2.418     -0.08   0.041   0.121
   51349.701    -0.119     2.720     2.447     -0.08   0.041   0.122
   51350.698    -0.120     2.722     2.391     -0.10   0.041   0.120
   51351.695    -0.121     2.764     2.353     -0.12   0.042   0.118
   51352.692    -0.120     2.698     2.384     -0.09   0.041   0.119
   51354.688    -0.119     2.793     2.453     -0.10   0.042   0.123
   51355.685    -0.120     2.972     2.410     -0.16   0.045   0.121
   51356.682    -0.122     2.694     2.513     -0.05   0.041   0.126
   51357.679    -0.118     2.755     2.872      0.03   0.041   0.144
   51358.676    -0.121     2.811     2.870      0.02   0.042   0.144
   51359.674    -0.121     2.805     2.532     -0.08   0.042   0.127
   51361.668    -0.120     2.663     2.338     -0.10   0.040   0.117
   51362.665    -0.118     2.600     2.783      0.05   0.039   0.139
   51363.662    -0.122     2.663     2.811      0.04   0.040   0.141
   51364.660    -0.120     2.929     2.703     -0.06   0.044   0.135
   51365.657    -0.122     2.565     2.468     -0.03   0.039   0.124
   51366.654    -0.121     2.519     2.395     -0.04   0.038   0.120
   51368.649    -0.120     2.350     2.434      0.03   0.035   0.122
   51370.644    -0.119     2.415     2.536      0.04   0.036   0.127
   51371.641    -0.120     2.165     2.280      0.04   0.033   0.114
   51372.638    -0.119     2.549     2.294     -0.08   0.038   0.115
   51373.636    -0.119     2.037     2.444      0.14   0.031   0.122
   51375.630    -0.122     2.268     2.580      0.10   0.034   0.129
   51376.627    -0.122     2.354     2.600      0.08   0.036   0.130
   51377.624    -0.119     2.357     2.808      0.13   0.036   0.141
   51378.622    -0.121     2.463     2.626      0.05   0.037   0.131
   51379.619    -0.120     2.434     2.549      0.04   0.037   0.128
   51380.616    -0.120     2.428     2.684      0.08   0.037   0.134
   51382.610    -0.120     2.599     2.666      0.02   0.039   0.133
   51383.608    -0.121     2.537     2.323     -0.07   0.038   0.116
   51384.605    -0.120     2.518     2.521      0.00   0.038   0.126
   51389.592    -0.123     2.470     2.747      0.08   0.037   0.137
   51390.589    -0.122     2.501     2.797      0.09   0.038   0.140
   51391.586    -0.123     2.496     2.765      0.08   0.038   0.138
   51392.583    -0.125     2.459     2.870      0.12   0.037   0.144
   51393.581    -0.121     2.397     2.727      0.10   0.036   0.136
   51394.578    -0.119     2.337     2.672      0.10   0.035   0.134
   51396.572    -0.120     2.304     2.461      0.05   0.035   0.123
   51397.569    -0.121     2.323     2.248     -0.03   0.035   0.113
   51398.567    -0.122     2.311     2.097     -0.07   0.035   0.105
   51399.564    -0.120     2.170     2.261      0.03   0.033   0.113
   51401.559    -0.122     2.362     2.580      0.07   0.036   0.129
   51403.554    -0.120     2.446     3.103      0.18   0.037   0.155
   51404.551    -0.126     2.452     2.985      0.15   0.037   0.149
   51405.548    -0.127     2.629     2.641      0.00   0.040   0.132
   51406.545    -0.127     2.444     2.850      0.12   0.037   0.143
   51407.542    -0.125     2.438     3.336      0.24   0.037   0.167
   51408.539    -0.127     2.527     2.876      0.10   0.038   0.144
   51409.537    -0.121     2.477     2.698      0.06   0.037   0.135
   51410.534    -0.124     2.614     2.582     -0.01   0.039   0.129
   51411.531    -0.123     2.658     2.297     -0.11   0.040   0.115
   51414.523    -0.125     2.641     2.984      0.09   0.040   0.149
   51415.521    -0.127     2.623     2.855      0.06   0.040   0.143
   51416.518    -0.125     2.637     2.798      0.05   0.040   0.140
   51417.515    -0.125     2.653     2.592     -0.02   0.040   0.130
   51418.513    -0.125     2.661     2.675      0.00   0.040   0.134
   51419.510    -0.126     2.691     2.492     -0.06   0.041   0.125
   51420.507    -0.124     2.639     2.354     -0.09   0.040   0.118
   51421.504    -0.127     2.733     2.133     -0.19   0.041   0.107
   51422.501    -0.126     2.711     2.536     -0.05   0.041   0.127
   51423.499    -0.125     2.623     2.952      0.09   0.040   0.148
   51424.496    -0.124     2.625     3.002      0.10   0.040   0.150
   51425.493    -0.125     2.657     3.035      0.10   0.040   0.152
   51426.490    -0.125     2.621     2.638      0.00   0.039   0.132
   51427.487    -0.123     2.654     3.011      0.10   0.040   0.151
   51428.485    -0.123     2.634     2.630      0.00   0.040   0.132
   51429.482    -0.125     2.678     2.603     -0.02   0.040   0.130
   51430.479    -0.125     2.726     2.709      0.00   0.041   0.136
   51431.477    -0.122     2.674     2.772      0.03   0.040   0.139
   51432.475    -0.121     2.704     2.651     -0.01   0.041   0.133
   51433.472    -0.123     2.705     2.609     -0.03   0.041   0.131
   51434.469    -0.123     2.713     2.661     -0.01   0.041   0.133
   51435.466    -0.125     2.657     2.625     -0.01   0.040   0.131
   51436.463    -0.127     2.667     2.659      0.00   0.040   0.133
   51437.460    -0.126     2.670     2.708      0.01   0.040   0.136
   51438.458    -0.127     2.671     2.597     -0.02   0.040   0.130
   51439.455    -0.125     2.716     2.493     -0.07   0.041   0.125
   51440.452    -0.122     2.721     2.510     -0.06   0.041   0.126
   51441.449    -0.125     2.702     2.958      0.07   0.041   0.148
   51442.446    -0.124     2.662     2.636     -0.01   0.040   0.132
   51443.444    -0.125     2.728     2.599     -0.04   0.041   0.130
   51444.441    -0.127     2.785     2.785      0.00   0.042   0.139
   51445.438    -0.122     2.739     2.729      0.00   0.041   0.137
   51446.436    -0.125     2.808     2.613     -0.05   0.042   0.131
   51447.433    -0.125     2.799     2.742     -0.02   0.042   0.137
   51448.431    -0.122     2.832     2.126     -0.22   0.043   0.106
   51453.417    -0.124     3.000     2.818     -0.05   0.045   0.141
   51454.414    -0.123     2.960     2.824     -0.04   0.045   0.141
   51455.411    -0.125     2.909     2.296     -0.18   0.044   0.115
   51456.408    -0.122     2.901     2.643     -0.07   0.044   0.132
   51457.406    -0.122     3.023     2.781     -0.06   0.045   0.139
   51458.403    -0.122     3.045     2.938     -0.03   0.046   0.147
   51459.400    -0.125     2.991     2.945     -0.01   0.045   0.147
   51460.397    -0.121     3.040     2.948     -0.02   0.046   0.148
   51461.396    -0.120     3.018     2.957     -0.02   0.045   0.148
   51462.393    -0.121     2.973     3.049      0.02   0.045   0.153
   51463.390    -0.122     3.050     2.813     -0.06   0.046   0.141
   51464.387    -0.124     3.025     2.672     -0.09   0.046   0.134
   51465.384    -0.121     3.081     2.858     -0.06   0.046   0.143
   51466.381    -0.126     3.081     2.795     -0.08   0.046   0.140
   51467.379    -0.124     3.104     2.791     -0.08   0.047   0.140
   51468.376    -0.121     3.061     2.888     -0.05   0.046   0.145
   51469.373    -0.124     3.078     2.771     -0.08   0.046   0.139
   51470.370    -0.126     3.063     3.009     -0.01   0.046   0.151
   51471.367    -0.122     3.024     2.701     -0.09   0.046   0.135
   51472.365    -0.126     3.094     2.963     -0.03   0.047   0.148
   51474.359    -0.125     3.034     2.971     -0.02   0.046   0.149
   51475.356    -0.125     3.033     1.796     -0.40   0.046   0.090
   51476.354    -0.125     3.077     2.453     -0.17   0.046   0.123
   51477.352    -0.126     3.082     2.513     -0.16   0.046   0.126
   51478.349    -0.125     3.262     2.571     -0.18   0.049   0.129
   51479.346    -0.121     3.017     2.773     -0.06   0.045   0.139
   51480.343    -0.124     2.967     2.825     -0.04   0.045   0.141
   51484.332    -0.126     2.912     2.979      0.02   0.044   0.149
   51485.329    -0.126     2.834     3.660      0.20   0.043   0.183
   51486.326    -0.126     2.910     3.947      0.23   0.044   0.197
   51487.324    -0.121     2.709     3.131      0.11   0.041   0.157
   51488.321    -0.123     2.840     3.120      0.07   0.043   0.156
   51489.318    -0.122     2.831     3.066      0.06   0.043   0.153
   51490.315    -0.123     2.627     3.043      0.11   0.040   0.152
   51491.313    -0.122     2.765     2.937      0.05   0.042   0.147
   51492.311    -0.123     2.538     2.966      0.12   0.038   0.148
   51493.308    -0.124     2.600     3.074      0.13   0.039   0.154
   51494.305    -0.121     2.570     3.257      0.18   0.039   0.163
   51495.302    -0.124     2.526     3.103      0.16   0.038   0.155
   51496.300    -0.121     2.553     3.264      0.19   0.038   0.163
   51497.297    -0.122     2.477     3.244      0.21   0.037   0.162
   51498.294    -0.126     2.549     3.112      0.15   0.038   0.156
   51499.291    -0.124     2.409     3.075      0.19   0.036   0.154
   51500.288    -0.125     2.381     2.991      0.17   0.036   0.150
   51501.286    -0.124     2.334     2.671      0.10   0.035   0.134
   51502.283    -0.123     2.399     2.719      0.10   0.036   0.136
   51503.280    -0.125     2.342     2.651      0.09   0.035   0.133
   51504.277    -0.121     2.318     2.817      0.15   0.035   0.141
   51505.274    -0.124     2.296     2.737      0.14   0.035   0.137
   51506.272    -0.124     2.212     3.025      0.24   0.033   0.151
   51509.264    -0.126     2.299     2.840      0.16   0.035   0.142
   51510.261    -0.124     2.289     2.700      0.13   0.035   0.135
   51511.259    -0.123     2.302     2.656      0.11   0.035   0.133
   51512.256    -0.124     2.305     2.997      0.20   0.035   0.150
   51513.253    -0.122     2.301     3.088      0.22   0.035   0.155
   51514.250    -0.124     2.316     3.114      0.23   0.035   0.156
   51515.247    -0.124     2.436     2.758      0.09   0.037   0.138
   51516.245    -0.124     2.373     3.101      0.20   0.036   0.155
   51517.242    -0.125     2.322     3.417      0.30   0.035   0.171
   51518.239    -0.118     2.224     2.517      0.09   0.034   0.126
   51519.236    -0.125     2.409     3.460      0.28   0.036   0.173
   51520.233    -0.128     2.306     3.102      0.23   0.035   0.155
   51521.231    -0.123     2.245     3.012      0.22   0.034   0.151
   51522.229    -0.123     2.308     3.815      0.38   0.035   0.191
   51526.218    -0.123     2.197     3.302      0.31   0.033   0.165
   51527.212    -0.122     2.148     3.331      0.34   0.032   0.167
   51528.212    -0.119     2.112     3.233      0.33   0.032   0.162
   51529.209    -0.125     2.108     2.755      0.20   0.032   0.138
   51530.206    -0.125     2.081     3.000      0.28   0.031   0.150
   51531.204    -0.124     2.055     2.717      0.21   0.031   0.136
   51532.201    -0.126     2.020     2.602      0.19   0.031   0.130
   51533.198    -0.127     1.983     2.829      0.27   0.030   0.142
   51534.195    -0.127     1.698     0.694     -0.69   0.026   0.035
   51535.192    -0.124     1.958     3.376      0.42   0.030   0.169
   51541.174    -0.198     1.877     3.063      0.38   0.028   0.153
   51542.174    -0.128     1.840     4.036      0.60   0.028   0.202
   51543.171    -0.123     1.765     4.861      0.78   0.027   0.243
   51549.154    -0.124     1.987     3.251      0.38   0.030   0.163
   51550.152    -0.124     2.183     3.742      0.41   0.033   0.187
   51551.149    -0.123     2.122     3.770      0.44   0.032   0.189
   51552.146    -0.122     2.204     3.753      0.41   0.033   0.188
   51553.144    -0.124     2.175     3.506      0.37   0.033   0.175
   51554.141    -0.126     2.272     3.345      0.30   0.034   0.167
   51558.130    -0.127     2.586     3.497      0.23   0.039   0.175
   51559.127    -0.125     2.574     3.927      0.32   0.039   0.196
   51560.124    -0.125     2.544     3.801      0.31   0.038   0.190
   51561.122    -0.120     2.559     4.153      0.37   0.039   0.208
   51562.119    -0.123     2.587     3.589      0.25   0.039   0.180
   51565.111    -0.125     2.726     3.417      0.17   0.041   0.171
   51566.108    -0.127     2.746     3.461      0.18   0.041   0.173
   51570.097    -0.127     2.872     3.735      0.20   0.043   0.187
   51571.095    -0.128     2.913     3.768      0.20   0.044   0.188
   51572.092    -0.127     2.934     4.291      0.29   0.044   0.215
   51573.089    -0.121     2.966     4.190      0.26   0.045   0.210
   51575.084    -0.127     3.060     4.086      0.22   0.046   0.204
   51576.081    -0.124     3.068     4.246      0.25   0.046   0.212
   51577.078    -0.125     3.050     3.318      0.06   0.046   0.166
   51578.075    -0.127     3.214     2.879     -0.08   0.048   0.144
   51580.070    -0.125     3.188     3.091     -0.02   0.048   0.155
   51581.067    -0.126     3.108     3.566      0.10   0.047   0.178
   51582.064    -0.127     3.292     4.575      0.25   0.050   0.229
   51583.062    -0.125     3.209     4.121      0.19   0.048   0.206
   51584.059    -0.126     3.211     4.225      0.21   0.048   0.211
   51585.057    -0.121     3.242     4.061      0.17   0.049   0.203
   51586.054    -0.123     3.196     3.843      0.14   0.048   0.192
   51587.051    -0.123     3.346     2.063     -0.37   0.050   0.103
   51588.048    -0.126     3.192     3.703      0.11   0.048   0.185
   51589.045    -0.125     3.181     3.732      0.12   0.048   0.187
   51590.043    -0.127     3.296     3.612      0.07   0.050   0.181
   51591.040    -0.126     3.540     3.789      0.05   0.053   0.190
   51592.037    -0.128     3.495     3.623      0.03   0.053   0.181
   51598.021    -0.124     3.269     3.524      0.06   0.049   0.176
   51599.019    -0.117     3.244     3.473      0.05   0.049   0.174
   51600.016    -0.121     3.260     3.433      0.04   0.049   0.172
   51601.013    -0.124     3.234     3.519      0.06   0.049   0.176
   51602.010    -0.120     3.187     3.147     -0.01   0.048   0.157
   51603.007    -0.124     3.353     3.649      0.06   0.050   0.183
   51604.005    -0.123     3.088     3.445      0.08   0.046   0.172
   51605.002    -0.119     3.251     3.862      0.13   0.049   0.193
   51605.999    -0.123     3.198     3.917      0.16   0.048   0.196
   51606.996    -0.121     3.124     3.663      0.12   0.047   0.183
   51609.988    -0.120     3.271     3.692      0.09   0.049   0.185
   51610.985    -0.120     2.416     2.709      0.09   0.036   0.136
   51611.982    -0.123     3.240     3.936      0.15   0.049   0.197
   51612.979    -0.125     3.225     3.819      0.13   0.049   0.191
   51613.978    -0.121     3.173     3.851      0.15   0.048   0.193
   51614.975    -0.123     3.218     3.534      0.07   0.048   0.177
   51615.972    -0.124     3.217     3.790      0.13   0.048   0.190
   51616.969    -0.122     3.210     3.810      0.13   0.048   0.191
   51617.966    -0.123     3.220     3.868      0.14   0.048   0.193
   51618.964    -0.122     3.209     3.837      0.14   0.048   0.192
   51619.961    -0.124     3.212     3.563      0.08   0.048   0.178
   51620.958    -0.124     3.191     4.148      0.20   0.048   0.207
   51621.955    -0.125     3.157     3.533      0.09   0.047   0.177
   51622.952    -0.125     3.177     3.663      0.11   0.048   0.183
   51623.949    -0.128     3.237     4.161      0.19   0.049   0.208
   51624.947    -0.124     3.184     3.674      0.11   0.048   0.184
   51625.944    -0.121     3.141     3.580      0.10   0.047   0.179
   51626.941    -0.123     3.056     3.454      0.09   0.046   0.173
   51627.939    -0.121     3.370     3.534      0.04   0.051   0.177
   51628.937    -0.122     3.088     3.446      0.08   0.046   0.172
   51629.934    -0.119     3.055     3.574      0.12   0.046   0.179
   51630.931    -0.122     3.050     3.897      0.19   0.046   0.195
   51632.925    -0.126     2.988     3.744      0.17   0.045   0.187
   51637.912    -0.124     2.882     3.245      0.09   0.043   0.162
   51638.909    -0.123     2.914     4.090      0.26   0.044   0.205
   51639.906    -0.123     2.853     3.821      0.22   0.043   0.191
   51640.903    -0.124     3.068     3.741      0.15   0.046   0.187
   51641.900    -0.120     2.883     4.066      0.26   0.043   0.203
   51645.890    -0.121     2.615     3.656      0.26   0.039   0.183
   51646.887    -0.123     2.577     4.117      0.36   0.039   0.206
   51647.885    -0.121     2.460     3.809      0.34   0.037   0.191
   51648.882    -0.122     2.556     3.865      0.32   0.039   0.193
   51649.879    -0.123     2.387     3.826      0.36   0.036   0.191
   51650.876    -0.126     2.340     4.195      0.45   0.035   0.210
   51651.873    -0.121     2.161     2.793      0.20   0.033   0.140
   51652.871    -0.121     2.172     3.773      0.42   0.033   0.189
   51653.868    -0.123     2.058     3.811      0.47   0.031   0.191
   51658.854    -0.123     1.753     4.150      0.66   0.027   0.208
   51659.852    -0.121     1.698     3.668      0.59   0.026   0.183
   51660.849    -0.123     1.605     3.315      0.56   0.024   0.166
   51661.847    -0.116     1.550     3.416      0.61   0.024   0.171
   51662.844    -0.123     1.566     3.148      0.54   0.024   0.158
   51663.841    -0.125     1.513     2.544      0.40   0.023   0.127
   51664.838    -0.121     1.534     2.340      0.32   0.023   0.117
   51799.465    -0.230     2.334     3.572      0.33   0.035   0.179
   51802.457    -0.227     0.040     0.055      0.24   0.004   0.006
   51803.454    -0.225     2.315     3.234      0.26   0.035   0.162
   51805.448    -0.228     2.415     4.335      0.45   0.036   0.217
   51807.443    -0.231     2.367     4.373      0.47   0.036   0.219
   51808.440    -0.226     2.407     5.148      0.58   0.036   0.257
   51809.438    -0.235     2.342     4.334      0.47   0.035   0.217
   51810.435    -0.232     2.363     4.256      0.45   0.036   0.213
   51813.427    -0.227     2.323     3.895      0.40   0.035   0.195
   51814.424    -0.222     2.386     3.802      0.36   0.036   0.190
   51816.419    -0.231     2.395     3.823      0.36   0.036   0.191
   51817.416    -0.229     2.423     3.667      0.32   0.037   0.183
   51818.413    -0.232     2.485     3.629      0.29   0.037   0.182
   51819.410    -0.234     2.536     3.713      0.29   0.038   0.186
   51820.407    -0.232     2.453     3.797      0.34   0.037   0.190
   51821.404    -0.232     2.295     3.736      0.37   0.035   0.187
   51822.402    -0.217     2.485     3.854      0.34   0.037   0.193
   51823.399    -0.223     2.566     4.165      0.37   0.039   0.208
