   50533.052    -0.673     0.380     0.828      0.60   0.007   0.042
   50535.047    -0.672     0.375     0.754      0.54   0.007   0.038
   50536.044    -0.672     0.359     0.732      0.55   0.007   0.037
   50537.041    -0.679     0.359     0.779      0.59   0.007   0.039
   50538.038    -0.674     0.352     0.657      0.48   0.006   0.033
   50539.035    -0.675     0.340     0.632      0.47   0.006   0.032
   50540.033    -0.676     0.337     0.725      0.59   0.006   0.037
   50541.030    -0.675     0.336     0.720      0.58   0.006   0.036
   50542.027    -0.679     0.361     0.867      0.67   0.007   0.044
   50543.024    -0.676     0.375     0.790      0.57   0.007   0.040
   50544.021    -0.676     0.406     0.814      0.53   0.007   0.041
   50545.020    -0.675     0.432     0.835      0.50   0.007   0.042
   50546.017    -0.678     0.432     0.881      0.55   0.007   0.044
   50547.014    -0.675     0.416     0.881      0.57   0.007   0.044
   50548.011    -0.674     0.405     0.843      0.56   0.007   0.043
   50549.008    -0.675     0.387     0.904      0.65   0.007   0.046
   50550.006    -0.677     0.370     0.864      0.65   0.007   0.044
   50551.003    -0.671     0.372     0.938      0.71   0.007   0.047
   50552.997    -0.673     0.399     0.823      0.56   0.007   0.042
   50554.992    -0.675     0.402     0.933      0.64   0.007   0.047
   50555.989    -0.674     0.407     0.829      0.55   0.007   0.042
   50556.986    -0.678     0.402     0.909      0.62   0.007   0.046
   50557.983    -0.669     0.391     0.893      0.63   0.007   0.045
   50558.980    -0.678     0.385     0.960      0.70   0.007   0.048
   50559.979    -0.672     0.405     0.933      0.64   0.007   0.047
   50561.973    -0.676     0.468     0.918      0.52   0.008   0.046
   50562.970    -0.677     0.482     0.967      0.53   0.008   0.049
   50563.967    -0.675     0.467     0.949      0.54   0.008   0.048
   50564.965    -0.675     0.418     0.987      0.66   0.007   0.050
   50565.962    -0.673     0.428     0.931      0.60   0.007   0.047
   50566.959    -0.673     0.422     0.990      0.65   0.007   0.050
   50568.953    -0.680     0.475     0.998      0.57   0.008   0.050
   50569.951    -0.672     0.494     0.967      0.51   0.008   0.049
   50570.948    -0.672     0.500     1.051      0.57   0.008   0.053
   50571.945    -0.673     0.501     1.148      0.63   0.008   0.058
   50572.942    -0.677     0.496     1.028      0.56   0.008   0.052
   50573.940    -0.670     0.487     1.021      0.57   0.008   0.051
   50574.938    -0.675     0.471     1.046      0.61   0.008   0.053
   50575.935    -0.678     0.470     1.035      0.61   0.008   0.052
   50576.932    -0.677     0.468     0.821      0.43   0.008   0.041
   50577.929    -0.677     0.475     1.156      0.68   0.008   0.058
   50578.927    -0.675     0.469     0.942      0.53   0.008   0.047
   50579.924    -0.673     0.478     1.072      0.62   0.008   0.054
   50580.921    -0.675     0.474     1.036      0.60   0.008   0.052
   50581.918    -0.678     0.483     1.091      0.62   0.008   0.055
   50582.915    -0.676     0.491     0.916      0.48   0.008   0.046
   50583.913    -0.668     0.505     1.060      0.57   0.008   0.053
   50584.910    -0.675     0.529     1.157      0.60   0.009   0.058
   50585.907    -0.678     0.509     0.996      0.51   0.008   0.050
   50586.904    -0.677     0.527     1.041      0.52   0.009   0.052
   50587.902    -0.670     0.551     1.192      0.59   0.009   0.060
   50588.898    -0.678     0.541     1.115      0.55   0.009   0.056
   50589.896    -0.674     0.538     1.062      0.52   0.009   0.053
   50590.894    -0.673     0.521     1.085      0.56   0.009   0.055
   50591.891    -0.678     0.511     1.008      0.52   0.009   0.051
   50592.889    -0.672     0.505     1.038      0.55   0.008   0.052
   50593.886    -0.675     0.503     0.939      0.48   0.008   0.047
   50594.883    -0.679     0.501     1.104      0.61   0.008   0.055
   50595.880    -0.678     0.494     1.120      0.63   0.008   0.056
   50596.877    -0.674     0.507     1.117      0.61   0.008   0.056
   50597.874    -0.676     0.521     1.129      0.59   0.009   0.057
   50598.872    -0.673     0.532     1.144      0.59   0.009   0.057
   50599.869    -0.676     0.524     1.111      0.58   0.009   0.056
   50600.866    -0.675     0.522     0.877      0.40   0.009   0.044
   50601.863    -0.676     0.549     1.206      0.60   0.009   0.061
   50602.860    -0.677     0.541     1.090      0.54   0.009   0.055
   50603.858    -0.676     0.541     1.099      0.54   0.009   0.055
   50604.855    -0.678     0.544     1.042      0.50   0.009   0.052
   50605.853    -0.674     0.554     1.072      0.51   0.009   0.054
   50606.850    -0.672     0.555     1.109      0.53   0.009   0.056
   50607.847    -0.674     0.565     1.111      0.52   0.009   0.056
   50608.845    -0.674     0.558     1.204      0.59   0.009   0.060
   50609.842    -0.677     0.562     1.257      0.62   0.009   0.063
   50610.839    -0.678     0.573     1.196      0.56   0.009   0.060
   50611.836    -0.676     0.567     0.988      0.43   0.009   0.050
   50612.834    -0.674     0.585     1.178      0.54   0.010   0.059
   50613.831    -0.678     0.599     1.245      0.56   0.010   0.063
   50614.828    -0.677     0.592     1.190      0.54   0.010   0.060
   50615.825    -0.678     0.602     1.046      0.42   0.010   0.053
   50616.822    -0.677     0.625     1.123      0.45   0.010   0.056
   50617.819    -0.677     0.640     1.089      0.41   0.010   0.055
   50618.817    -0.675     0.635     1.148      0.45   0.010   0.058
   50619.814    -0.679     0.667     0.977      0.29   0.011   0.049
   50620.812    -0.673     0.654     1.165      0.44   0.010   0.059
   50621.809    -0.675     0.662     1.114      0.40   0.011   0.056
   50622.806    -0.678     0.653     1.015      0.34   0.010   0.051
   50624.802    -0.645     0.650     1.083      0.39   0.010   0.054
   50626.797    -0.646     0.624     1.024      0.38   0.010   0.052
   50627.794    -0.642     0.638     1.048      0.38   0.010   0.053
   50628.791    -0.640     0.621     1.030      0.39   0.010   0.052
   50631.781    -0.673     0.640     1.057      0.38   0.010   0.053
   50632.781    -0.607     0.641     1.129      0.43   0.010   0.057
   50633.776    -0.676     0.648     1.029      0.35   0.010   0.052
   50634.773    -0.675     0.638     1.058      0.39   0.010   0.053
   50635.771    -0.674     0.632     1.042      0.38   0.010   0.052
   50636.768    -0.676     0.570     1.035      0.46   0.009   0.052
   50638.763    -0.679     0.596    -1.000    -10.00   0.010   0.000
   50639.760    -0.674     0.601     1.013      0.40   0.010   0.051
   50640.757    -0.677     0.596     0.985      0.38   0.010   0.050
   50641.754    -0.673     0.603     1.019      0.40   0.010   0.051
   50642.752    -0.675     0.582     0.994      0.41   0.009   0.050
   50643.749    -0.673     0.576     0.964      0.40   0.009   0.049
   50645.743    -0.674     0.567     0.964      0.41   0.009   0.049
   50646.740    -0.674     0.558     0.937      0.40   0.009   0.047
   50647.738    -0.674     0.581     0.967      0.39   0.009   0.049
   50648.735    -0.672     0.581     0.919      0.35   0.009   0.046
   50649.732    -0.675     0.599     0.959      0.36   0.010   0.048
   50650.729    -0.674     0.602     0.860      0.27   0.010   0.043
   50653.722    -0.678     0.622     1.012      0.37   0.010   0.051
   50654.719    -0.677     0.025     0.032      0.19   0.004   0.006
   50655.716    -0.677     0.615     0.893      0.29   0.010   0.045
   50656.713    -0.679     0.600     0.915      0.32   0.010   0.046
   50657.711    -0.676     0.584     0.925      0.35   0.010   0.047
   50658.708    -0.676     0.584     0.910      0.34   0.010   0.046
   50659.705    -0.674     0.577     0.838      0.29   0.009   0.042
   50660.702    -0.679     0.586     0.823      0.26   0.010   0.042
   50661.699    -0.676     0.584     0.818      0.26   0.010   0.041
   50662.697    -0.677     0.596     0.815      0.24   0.010   0.041
   50663.694    -0.675     0.600     0.806      0.23   0.010   0.041
   50664.691    -0.679     0.621     0.849      0.24   0.010   0.043
   50666.687    -0.674     0.620     0.764      0.16   0.010   0.039
   50667.684    -0.676     0.624     0.764      0.16   0.010   0.039
   50668.681    -0.675     0.642     0.764      0.13   0.010   0.039
   50669.678    -0.677     0.651     0.775      0.13   0.010   0.039
   50670.675    -0.677     0.638     0.771      0.14   0.010   0.039
   50671.672    -0.679     0.648     0.793      0.16   0.010   0.040
   50673.667    -0.676     0.395     0.569      0.28   0.007   0.029
   50674.664    -0.678     0.640     0.778      0.15   0.010   0.039
   50675.661    -0.674     0.627     0.745      0.13   0.010   0.038
   50676.658    -0.678     0.659     0.741      0.09   0.011   0.037
   50678.653    -0.677     0.703     0.768      0.07   0.011   0.039
   50680.647    -0.678     0.720     0.681     -0.04   0.011   0.035
   50681.645    -0.678     0.738     0.767      0.03   0.012   0.039
   50682.643    -0.674     0.758     0.781      0.02   0.012   0.039
   50683.640    -0.677     0.744     0.744      0.00   0.012   0.038
   50684.637    -0.672     0.743     0.745      0.00   0.012   0.038
   50685.634    -0.679     0.745     0.714     -0.03   0.012   0.036
   50687.629    -0.673     0.695     0.694      0.00   0.011   0.035
   50688.626    -0.678     0.696     0.654     -0.05   0.011   0.033
   50689.623    -0.675     0.707     0.738      0.03   0.011   0.037
   50690.620    -0.675     0.685     0.674     -0.01   0.011   0.034
   50691.618    -0.674     0.683     0.724      0.05   0.011   0.037
   50692.615    -0.674     0.676     0.640     -0.04   0.011   0.033
   50694.609    -0.680     0.670     0.697      0.03   0.011   0.035
   50697.602    -0.676     0.710     0.692     -0.02   0.011   0.035
   50698.599    -0.672     0.682     0.631     -0.06   0.011   0.032
   50699.596    -0.679     0.692     0.633     -0.07   0.011   0.032
   50702.588    -0.673     0.660     0.690      0.03   0.011   0.035
   50703.585    -0.679     0.645     0.682      0.04   0.010   0.035
   50704.582    -0.678     0.634     0.656      0.03   0.010   0.033
   50705.579    -0.680     0.633     0.705      0.08   0.010   0.036
   50706.577    -0.675     0.627     0.697      0.08   0.010   0.035
   50708.571    -0.677     0.656     0.719      0.07   0.011   0.036
   50709.568    -0.678     0.632     0.708      0.09   0.010   0.036
   50710.565    -0.677     0.642     0.703      0.07   0.010   0.036
   50711.563    -0.677     0.627     0.651      0.03   0.010   0.033
   50712.561    -0.677     0.259     0.252     -0.02   0.005   0.014
   50713.558    -0.673     0.663     0.687      0.03   0.011   0.035
   50715.553    -0.675     0.633     0.662      0.03   0.010   0.034
   50716.550    -0.678     0.636     0.653      0.02   0.010   0.033
   50717.547    -0.677     0.649     0.616     -0.04   0.010   0.031
   50718.544    -0.672     0.646     0.617     -0.04   0.010   0.031
   50719.541    -0.674     0.638     0.726      0.10   0.010   0.037
   50720.539    -0.672     0.628     0.685      0.07   0.010   0.035
   50722.534    -0.660     0.605     0.536     -0.09   0.010   0.027
   50723.532    -0.629     0.624     0.650      0.03   0.010   0.033
   50724.528    -0.659     0.623     0.588     -0.04   0.010   0.030
   50725.525    -0.661     0.610     0.650      0.05   0.010   0.033
   50726.523    -0.654     0.615     0.632      0.02   0.010   0.032
   50727.520    -0.665     0.603     0.670      0.08   0.010   0.034
   50729.514    -0.676     0.555     0.646      0.12   0.009   0.033
   50730.511    -0.678     0.549     0.582      0.05   0.009   0.030
   50731.509    -0.675     0.539     0.557      0.03   0.009   0.028
   50732.506    -0.673     0.554     0.595      0.05   0.009   0.030
   50733.503    -0.673     0.591     0.617      0.03   0.010   0.031
   50734.500    -0.679     0.588     0.594      0.01   0.010   0.030
   50735.498    -0.676     0.605     0.656      0.06   0.010   0.033
   50736.495    -0.674     0.621     0.653      0.04   0.010   0.033
   50737.492    -0.677     0.621     0.609     -0.01   0.010   0.031
   50738.489    -0.673     0.599     0.582     -0.02   0.010   0.030
   50739.486    -0.673     0.585     0.544     -0.06   0.010   0.028
   50740.484    -0.673     0.589     0.571     -0.02   0.010   0.029
   50741.481    -0.675     0.599     0.583     -0.02   0.010   0.030
   50742.479    -0.674     0.649     0.624     -0.03   0.010   0.032
   50743.476    -0.676     0.626     0.581     -0.06   0.010   0.030
   50744.473    -0.680     0.647     0.544     -0.13   0.010   0.028
   50745.471    -0.673     0.641     0.567     -0.09   0.010   0.029
   50746.468    -0.673     0.644     0.587     -0.07   0.010   0.030
   50747.465    -0.676     0.581     0.616      0.05   0.009   0.031
   50748.462    -0.675     0.617     0.594     -0.03   0.010   0.030
   50749.460    -0.673     0.606     0.527     -0.11   0.010   0.027
   50750.456    -0.679     0.561     0.567      0.01   0.009   0.029
   50751.454    -0.678     0.609     0.554     -0.07   0.010   0.028
   50752.451    -0.674     0.593     0.559     -0.05   0.010   0.029
   50753.448    -0.674     0.576     0.389     -0.30   0.009   0.020
   50754.446    -0.672     0.590     0.499     -0.13   0.010   0.026
   50755.442    -0.679     0.408     0.542      0.22   0.007   0.028
   50756.440    -0.677     0.539     0.353     -0.32   0.009   0.019
   50757.438    -0.674     0.502     0.514      0.02   0.008   0.026
   50758.435    -0.672     0.564     0.540     -0.03   0.009   0.028
   50759.432    -0.679     0.574     0.538     -0.05   0.009   0.027
   50761.427    -0.675     0.317     0.530      0.39   0.006   0.027
   50762.424    -0.673     0.594     0.504     -0.13   0.010   0.026
   50763.421    -0.677     0.575     0.580      0.01   0.009   0.030
   50764.418    -0.679     0.587     0.549     -0.05   0.010   0.028
   50765.416    -0.676     0.582     0.573     -0.01   0.009   0.029
   50766.413    -0.674     0.577     0.529     -0.07   0.009   0.027
   50767.410    -0.679     0.561     0.547     -0.02   0.009   0.028
   50768.407    -0.673     0.526     0.461     -0.10   0.009   0.024
   50769.404    -0.677     0.526     0.519     -0.01   0.009   0.027
   50770.402    -0.676     0.559     0.558      0.00   0.009   0.028
   50771.399    -0.680     0.529     0.540      0.02   0.009   0.028
   50772.396    -0.675     0.522     0.505     -0.03   0.009   0.026
   50773.394    -0.677     0.528     0.561      0.05   0.009   0.029
   50774.392    -0.673     0.515     0.543      0.04   0.009   0.028
   50775.389    -0.675     0.516     0.566      0.07   0.009   0.029
   50776.386    -0.673     0.521     0.518      0.00   0.009   0.027
   50777.383    -0.678     0.518     0.536      0.03   0.009   0.027
   50778.380    -0.675     0.538     0.525     -0.02   0.009   0.027
   50781.372    -0.673     0.306     0.549      0.45   0.006   0.028
   50782.369    -0.674     0.583     0.536     -0.06   0.009   0.027
   50783.366    -0.676     0.321     0.592      0.47   0.006   0.030
   50784.363    -0.677     0.573     0.554     -0.03   0.009   0.028
   50785.361    -0.679     0.546     0.549      0.00   0.009   0.028
   50786.358    -0.676     0.307     0.582      0.49   0.006   0.030
   50788.353    -0.674     0.505     0.576      0.10   0.008   0.029
   50789.351    -0.675     0.503     0.530      0.04   0.008   0.027
   50790.348    -0.679     0.547     0.568      0.03   0.009   0.029
   50791.345    -0.679     0.576     0.515     -0.09   0.009   0.026
   50792.342    -0.677     0.385     0.266     -0.28   0.007   0.014
   50793.339    -0.679     0.623     0.576     -0.06   0.010   0.029
   50794.337    -0.676     0.604     0.567     -0.05   0.010   0.029
   50795.334    -0.679     0.581     0.529     -0.07   0.009   0.027
   50796.331    -0.679     0.570     0.534     -0.05   0.009   0.027
   50797.328    -0.679     0.554     0.550     -0.01   0.009   0.028
   50798.326    -0.672     0.535     0.545      0.01   0.009   0.028
   50799.323    -0.675     0.539     0.560      0.03   0.009   0.029
   50800.320    -0.677     0.532     0.552      0.03   0.009   0.028
   50801.317    -0.675     0.533     0.526     -0.01   0.009   0.027
   50802.314    -0.678     0.571     0.558     -0.02   0.009   0.028
   50803.312    -0.676     0.540     0.526     -0.02   0.009   0.027
   50804.310    -0.675     0.505     0.556      0.07   0.008   0.028
   50805.307    -0.679     0.566     0.574      0.01   0.009   0.029
   50806.304    -0.676     0.549     0.577      0.04   0.009   0.029
   50809.296    -0.679     0.590     0.664      0.09   0.010   0.034
   50810.293    -0.676     0.555     0.519     -0.05   0.009   0.027
   50811.290    -0.679     0.566     0.549     -0.02   0.009   0.028
   50813.284    -0.675     0.582     0.560     -0.03   0.009   0.029
   50816.276    -0.679     0.593     0.560     -0.04   0.010   0.029
   50817.273    -0.674     0.558     0.543     -0.02   0.009   0.028
   50818.271    -0.673     0.555     0.557      0.00   0.009   0.028
   50819.269    -0.674     0.557     0.529     -0.04   0.009   0.027
   50820.266    -0.676     0.571     0.533     -0.05   0.009   0.027
   50821.263    -0.680     0.359     0.426      0.13   0.007   0.022
   50822.260    -0.676     0.556     0.575      0.03   0.009   0.029
   50823.258    -0.676     0.566     0.560     -0.01   0.009   0.029
   50824.255    -0.674     0.577     0.529     -0.07   0.009   0.027
   50825.252    -0.675     0.598     0.521     -0.11   0.010   0.027
   50827.246    -0.674     0.541     0.531     -0.01   0.009   0.027
   50828.244    -0.676     0.552     0.476     -0.11   0.009   0.024
   50829.241    -0.678     0.546     0.477     -0.10   0.009   0.025
   50830.238    -0.678     0.545     0.513     -0.05   0.009   0.026
   50831.235    -0.671     0.550     0.506     -0.06   0.009   0.026
   50832.232    -0.678     0.545     0.500     -0.07   0.009   0.026
   50833.230    -0.677     0.530     0.480     -0.08   0.009   0.025
   50834.228    -0.678     0.549     0.489     -0.09   0.009   0.025
   50835.225    -0.675     0.557     0.495     -0.09   0.009   0.025
   50837.219    -0.674     0.577     0.525     -0.07   0.009   0.027
   50838.217    -0.677     0.569     0.465     -0.16   0.009   0.024
   50839.214    -0.680     0.567     0.480     -0.13   0.009   0.025
   50840.211    -0.677     0.539     0.467     -0.11   0.009   0.024
   50842.205    -0.679     0.567     0.481     -0.13   0.009   0.025
   50843.203    -0.677     0.597     0.485     -0.16   0.010   0.025
   50844.200    -0.677     0.570     0.482     -0.13   0.009   0.025
   50845.197    -0.675     0.560     0.477     -0.12   0.009   0.025
   50846.194    -0.674     0.558     0.467     -0.14   0.009   0.024
   50847.191    -0.675     0.570     0.481     -0.13   0.009   0.025
   50849.187    -0.674     0.569     0.458     -0.17   0.009   0.024
   50850.184    -0.675     0.576     0.468     -0.16   0.009   0.024
   50851.181    -0.679     0.546     0.451     -0.15   0.009   0.023
   50852.178    -0.676     0.530     0.457     -0.11   0.009   0.024
   50853.176    -0.674     0.533     0.448     -0.13   0.009   0.023
   50854.173    -0.676     0.534     0.442     -0.14   0.009   0.023
   50855.170    -0.674     0.548     0.430     -0.19   0.009   0.022
   50856.167    -0.679     0.568     0.458     -0.17   0.009   0.024
   50857.165    -0.673     0.571     0.401     -0.27   0.009   0.021
   50858.162    -0.676     0.555     0.432     -0.19   0.009   0.022
   50859.159    -0.675     0.550     0.431     -0.19   0.009   0.022
   50860.156    -0.675     0.568     0.428     -0.22   0.009   0.022
   50861.153    -0.676     0.568     0.433     -0.21   0.009   0.022
   50862.150    -0.677     0.569     0.457     -0.17   0.009   0.024
   50863.148    -0.673     0.528     0.425     -0.17   0.009   0.022
   50864.146    -0.673     0.516     0.399     -0.20   0.009   0.021
   50865.143    -0.675     0.524     0.429     -0.15   0.009   0.022
   50866.140    -0.673     0.366     0.409      0.09   0.007   0.021
   50867.138    -0.673     0.546     0.413     -0.21   0.009   0.021
   50870.129    -0.679     0.570     0.424     -0.23   0.009   0.022
   50871.126    -0.678     0.563     0.400     -0.26   0.009   0.021
   50872.124    -0.677     0.548     0.386     -0.27   0.009   0.020
   50873.121    -0.675     0.565     0.399     -0.27   0.009   0.021
   50874.118    -0.673     0.576     0.381     -0.32   0.009   0.020
   50875.115    -0.677     0.573     0.396     -0.28   0.009   0.021
   50876.112    -0.674     0.557     0.380     -0.29   0.009   0.020
   50877.109    -0.679     0.560     0.391     -0.28   0.009   0.020
   50878.107    -0.674     0.522     0.372     -0.26   0.009   0.019
   50879.104    -0.674     0.502     0.366     -0.24   0.008   0.019
   50880.102    -0.676     0.503     0.392     -0.19   0.008   0.020
   50881.099    -0.677     0.480     0.416     -0.11   0.008   0.022
   50882.096    -0.678     0.502     0.384     -0.20   0.008   0.020
   50883.094    -0.679     0.469     0.348     -0.23   0.008   0.018
   50884.091    -0.679     0.501     0.339     -0.30   0.008   0.018
   50885.088    -0.678     0.525     0.357     -0.29   0.009   0.019
   50886.085    -0.675     0.531     0.353     -0.31   0.009   0.019
   50887.083    -0.676     0.520     0.350     -0.30   0.009   0.018
   50888.080    -0.675     0.517     0.347     -0.31   0.009   0.018
   50889.077    -0.676     0.512     0.346     -0.30   0.009   0.018
   50890.074    -0.675     0.425     0.391     -0.06   0.007   0.020
   50891.071    -0.675     0.278     0.343      0.16   0.006   0.018
   50892.069    -0.673     0.540     0.360     -0.31   0.009   0.019
   50893.066    -0.677     0.515     0.391     -0.21   0.009   0.020
   50894.063    -0.673     0.518     0.366     -0.27   0.009   0.019
   50895.061    -0.672     0.509     0.339     -0.31   0.008   0.018
   50896.058    -0.679     0.513     0.338     -0.32   0.009   0.018
   50897.056    -0.676     0.506     0.341     -0.30   0.008   0.018
   50898.053    -0.676     0.498     0.324     -0.33   0.008   0.017
   50899.050    -0.677     0.494     0.347     -0.27   0.008   0.018
   50900.047    -0.673     0.285     0.325      0.10   0.006   0.017
   50901.045    -0.673     0.506     0.321     -0.35   0.008   0.017
   50902.042    -0.675     0.495     0.330     -0.31   0.008   0.017
   50903.039    -0.672     0.489     0.330     -0.30   0.008   0.017
   50904.036    -0.676     0.497     0.320     -0.34   0.008   0.017
   50919.058     0.833     0.514     0.324     -0.35   0.009   0.017
   50920.055     0.828     0.518     0.314     -0.38   0.009   0.017
   50921.049     0.743     0.489     0.305     -0.36   0.008   0.016
   50922.046     0.744     0.470     0.293     -0.36   0.008   0.016
   50923.043     0.745     0.459     0.289     -0.35   0.008   0.016
   50924.041     0.743     0.450     0.322     -0.26   0.008   0.017
   50925.038     0.745     0.455     0.314     -0.28   0.008   0.017
   50926.035     0.745     0.455     0.284     -0.36   0.008   0.015
   50927.032     0.744     0.459     0.323     -0.27   0.008   0.017
   50928.029     0.747     0.471     0.305     -0.33   0.008   0.016
   50929.027     0.747     0.482     0.317     -0.32   0.008   0.017
   50930.024     0.748     0.483     0.332     -0.29   0.008   0.018
   50931.021     0.746     0.474     0.296     -0.36   0.008   0.016
   50932.019     0.744     0.449     0.288     -0.34   0.008   0.015
   50933.017     0.748     0.467     0.289     -0.37   0.008   0.016
   50934.014     0.747     0.448     0.280     -0.36   0.008   0.015
   50935.011     0.748     0.449     0.236     -0.49   0.008   0.013
   50936.008     0.744     0.447     0.279     -0.36   0.008   0.015
   50937.005     0.746     0.445     0.289     -0.33   0.008   0.016
   50938.002     0.743     0.454     0.267     -0.41   0.008   0.015
   50939.000     0.746     0.441     0.283     -0.34   0.008   0.015
   50939.997     0.747     0.444     0.261     -0.41   0.008   0.014
   50940.994     0.749     0.442     0.279     -0.35   0.008   0.015
   50941.991     0.747     0.445     0.284     -0.34   0.008   0.015
   50942.988     0.744     0.447     0.284     -0.35   0.008   0.015
   50943.986     0.744     0.446     0.255     -0.43   0.008   0.014
   50944.983     0.743     0.446     0.266     -0.40   0.008   0.014
   50945.980     0.743     0.441     0.264     -0.39   0.008   0.014
   50946.978     0.747     0.440     0.263     -0.39   0.008   0.014
   50947.975     0.744     0.418     0.263     -0.35   0.007   0.014
   50948.973     0.743     0.426     0.268     -0.35   0.007   0.015
   50949.970     0.748     0.245     0.231     -0.05   0.005   0.013
   50950.967     0.742     0.417     0.287     -0.29   0.007   0.015
   50951.964     0.746     0.423     0.266     -0.35   0.007   0.014
   50952.962     0.745     0.427     0.264     -0.37   0.007   0.014
   50953.959     0.748     0.425     0.278     -0.32   0.007   0.015
   50954.956     0.747     0.418     0.261     -0.36   0.007   0.014
   50955.953     0.745     0.414     0.264     -0.34   0.007   0.014
   50956.950     0.748     0.419     0.268     -0.34   0.007   0.015
   50957.947     0.741     0.242     0.257      0.05   0.005   0.014
   50958.945     0.749     0.415     0.262     -0.35   0.007   0.014
   50959.942     0.747     0.420     0.270     -0.34   0.007   0.015
   50960.939     0.748     0.412     0.240     -0.41   0.007   0.013
   50961.937     0.745     0.404     0.244     -0.39   0.007   0.013
   50962.935     0.744     0.399     0.258     -0.33   0.007   0.014
   50963.932     0.743     0.396     0.246     -0.37   0.007   0.014
   50964.929     0.745     0.396     0.270     -0.29   0.007   0.015
   50965.926     0.745     0.399     0.243     -0.38   0.007   0.013
   50966.923     0.747     0.386     0.232     -0.39   0.007   0.013
   50967.921     0.746     0.391     0.241     -0.37   0.007   0.013
   50968.918     0.740     0.388     0.253     -0.33   0.007   0.014
   50969.915     0.745     0.383     0.253     -0.32   0.007   0.014
   50970.912     0.739     0.388     0.242     -0.36   0.007   0.013
   50971.909     0.748     0.380     0.253     -0.31   0.007   0.014
   50973.904     0.747     0.378     0.223     -0.40   0.007   0.013
   50974.901     0.748     0.371     0.240     -0.33   0.007   0.013
   50975.898     0.748     0.383     0.249     -0.33   0.007   0.014
   50976.896     0.747     0.382     0.246     -0.34   0.007   0.014
   50977.894     0.748     0.385     0.257     -0.31   0.007   0.014
   50978.891     0.746     0.378     0.247     -0.33   0.007   0.014
   50979.888     0.744     0.379     0.236     -0.36   0.007   0.013
   50980.885     0.747     0.373     0.242     -0.33   0.007   0.013
   50981.882     0.742     0.371     0.241     -0.33   0.007   0.013
   50982.880     0.744     0.365     0.238     -0.33   0.007   0.013
   50983.877     0.747     0.365     0.233     -0.34   0.007   0.013
   50984.874     0.745     0.364     0.245     -0.30   0.007   0.014
   50985.871     0.742     0.355     0.231     -0.33   0.006   0.013
   50986.868     0.743     0.371     0.263     -0.26   0.007   0.014
   50987.866     0.744     0.354     0.247     -0.28   0.006   0.014
   50988.863     0.745     0.350     0.229     -0.32   0.006   0.013
   50989.860     0.743     0.317     0.255     -0.17   0.006   0.014
   50990.857     0.744     0.356     0.239     -0.31   0.006   0.013
   50991.855     0.749     0.350     0.232     -0.31   0.006   0.013
   50992.853     0.745     0.354     0.248     -0.27   0.006   0.014
   50993.850     0.748     0.354     0.259     -0.24   0.006   0.014
   50994.847     0.746     0.346     0.236     -0.29   0.006   0.013
   50995.844     0.742     0.346     0.252     -0.24   0.006   0.014
   50996.841     0.742     0.353     0.244     -0.28   0.006   0.013
   50997.839     0.749     0.358     0.231     -0.34   0.007   0.013
   50998.836     0.742     0.365     0.241     -0.32   0.007   0.013
   50999.833     0.749     0.368     0.242     -0.32   0.007   0.013
   51000.830     0.747     0.352     0.253     -0.25   0.006   0.014
   51001.828     0.746     0.339     0.252     -0.23   0.006   0.014
   51002.825     0.745     0.349     0.239     -0.29   0.006   0.013
   51004.819     0.743     0.372     0.247     -0.31   0.007   0.014
   51005.816     0.744     0.336     0.245     -0.24   0.006   0.014
   51006.814     0.747     0.339     0.277     -0.16   0.006   0.015
   51007.812     0.745     0.343     0.249     -0.25   0.006   0.014
   51008.809     0.745     0.348     0.243     -0.28   0.006   0.013
   51009.806     0.745     0.352     0.250     -0.26   0.006   0.014
   51011.800     0.745     0.331     0.239     -0.25   0.006   0.013
   51012.798     0.745     0.340     0.257     -0.21   0.006   0.014
   51013.795     0.747     0.344     0.241     -0.27   0.006   0.013
   51014.792     0.744     0.325     0.270     -0.14   0.006   0.015
   51015.789     0.747     0.319     0.240     -0.22   0.006   0.013
   51016.786     0.741     0.344     0.254     -0.23   0.006   0.014
   51017.784     0.745     0.342     0.190     -0.45   0.006   0.011
   51018.781     0.746     0.341     0.253     -0.23   0.006   0.014
   51019.778     0.745     0.335     0.254     -0.21   0.006   0.014
   51020.775     0.745     0.329     0.253     -0.20   0.006   0.014
   51021.773     0.745     0.347     0.259     -0.22   0.006   0.014
   51022.771     0.744     0.325     0.231     -0.26   0.006   0.013
   51023.768     0.747     0.337     0.241     -0.26   0.006   0.013
   51024.765     0.744     0.346     0.240     -0.28   0.006   0.013
   51025.762     0.744     0.338     0.252     -0.22   0.006   0.014
   51026.760     0.745     0.334     0.262     -0.19   0.006   0.014
   51027.757     0.746     0.350     0.252     -0.25   0.006   0.014
   51028.754     0.745     0.348     0.263     -0.22   0.006   0.014
   51029.751     0.748     0.342     0.263     -0.20   0.006   0.014
   51030.749     0.748     0.348     0.257     -0.23   0.006   0.014
   51032.743     0.743     0.345     0.264     -0.20   0.006   0.014
   51033.740     0.745     0.323     0.252     -0.19   0.006   0.014
   51034.737     0.743     0.328     0.241     -0.24   0.006   0.013
   51035.734     0.743     0.328     0.197     -0.39   0.006   0.011
   51036.731     0.739     0.308     0.256     -0.14   0.006   0.014
   51037.729     0.745     0.322     0.263     -0.16   0.006   0.014
   51038.727     0.743     0.314     0.272     -0.11   0.006   0.015
   51039.724     0.742     0.324     0.300     -0.06   0.006   0.016
   51040.721     0.745     0.242     0.198     -0.15   0.005   0.011
   51041.718     0.741     0.329     0.257     -0.19   0.006   0.014
   51044.710     0.744     0.320     0.300     -0.05   0.006   0.016
   51046.705     0.745     0.312     0.322      0.02   0.006   0.017
   51047.702     0.747     0.314     0.303     -0.03   0.006   0.016
   51048.699     0.745     0.311     0.298     -0.03   0.006   0.016
   51049.696     0.746     0.313     0.256     -0.15   0.006   0.014
   51050.693     0.741     0.315     0.285     -0.08   0.006   0.015
   51051.691     0.742     0.319     0.337      0.04   0.006   0.018
   51053.686     0.748     0.308     0.272     -0.09   0.006   0.015
   51054.683     0.743     0.317     0.300     -0.04   0.006   0.016
   51055.681     0.746     0.302     0.305      0.01   0.006   0.016
   51056.678     0.747     0.309     0.264     -0.12   0.006   0.014
   51057.675     0.746     0.313     0.292     -0.05   0.006   0.016
   51058.672     0.740     0.318     0.256     -0.17   0.006   0.014
   51060.667     0.747     0.330     0.293     -0.09   0.006   0.016
   51061.664     0.746     0.319     0.265     -0.14   0.006   0.014
   51062.661     0.746     0.321     0.279     -0.11   0.006   0.015
   51065.653     0.747     0.326     0.300     -0.06   0.006   0.016
   51068.645     0.746     0.342     0.293     -0.12   0.006   0.016
   51069.642     0.748     0.323     0.298     -0.06   0.006   0.016
   51070.639     0.742     0.304     0.347      0.10   0.006   0.018
   51074.628     0.748     0.316     0.320      0.01   0.006   0.017
   51075.625     0.742     0.298     0.297      0.00   0.006   0.016
   51076.623     0.743     0.298     0.335      0.09   0.006   0.018
   51077.620     0.747     0.323     0.367      0.10   0.006   0.019
   51078.617     0.743     0.284     0.334      0.12   0.006   0.018
   51081.609     0.748     0.312     0.320      0.02   0.006   0.017
   51082.606     0.746     0.299     0.311      0.03   0.006   0.017
   51083.604     0.746     0.306     0.304      0.00   0.006   0.016
   51084.601     0.746     0.298     0.309      0.03   0.006   0.016
   51085.599     0.742     0.319     0.361      0.09   0.006   0.019
   51089.587     0.745     0.304     0.342      0.09   0.006   0.018
   51090.585     0.747     0.298     0.328      0.07   0.006   0.017
   51091.582     0.742     0.281     0.307      0.07   0.006   0.016
   51093.576     0.746     0.285     0.327      0.10   0.006   0.017
   51095.572     0.777     0.291     0.346      0.13   0.006   0.018
   51097.565     0.743     0.284     0.337      0.13   0.006   0.018
   51098.562     0.745     0.297     0.344      0.11   0.006   0.018
   51099.561     0.746     0.290     0.321      0.08   0.006   0.017
   51100.558     0.746     0.299     0.328      0.07   0.006   0.017
   51102.552     0.746     0.293     0.333      0.10   0.006   0.018
   51103.549     0.747     0.269     0.323      0.14   0.005   0.017
   51104.547     0.746     0.225     0.324      0.28   0.005   0.017
   51105.544     0.747     0.232     0.310      0.22   0.005   0.017
   51106.541     0.746     0.266     0.332      0.17   0.005   0.018
   51107.538     0.742     0.197     0.318      0.37   0.005   0.017
   51109.533     0.745     0.289     0.297      0.02   0.006   0.016
   51110.530     0.745     0.285     0.293      0.02   0.006   0.016
   51111.527     0.743     0.275     0.325      0.13   0.006   0.017
   51112.524     0.746     0.266     0.336      0.18   0.005   0.018
   51113.521     0.748     0.232     0.326      0.26   0.005   0.017
   51114.520     0.745     0.285     0.308      0.06   0.006   0.016
   51115.517     0.745     0.294     0.339      0.11   0.006   0.018
   51116.514     0.742     0.266     0.347      0.20   0.005   0.018
   51117.511     0.747     0.290     0.323      0.08   0.006   0.017
   51118.508     0.742     0.264     0.343      0.20   0.005   0.018
   51119.506     0.745     0.294     0.347      0.13   0.006   0.018
   51120.503     0.741     0.268     0.287      0.05   0.005   0.015
   51121.500     0.744     0.249     0.281      0.09   0.005   0.015
   51122.497     0.743     0.249     0.323      0.20   0.005   0.017
   51123.494     0.745     0.289     0.294      0.01   0.006   0.016
   51124.492     0.745     0.295     0.313      0.05   0.006   0.017
   51125.489     0.744     0.268     0.323      0.14   0.005   0.017
   51126.486     0.744     0.259     0.327      0.18   0.005   0.017
   51127.483     0.740     0.224     0.322      0.28   0.005   0.017
   51128.480     0.742     0.285     0.324      0.10   0.006   0.017
   51129.479     0.745     0.277     0.281      0.01   0.006   0.015
   51130.476     0.745     0.290     0.307      0.04   0.006   0.016
   51131.473     0.741     0.284     0.323      0.10   0.006   0.017
   51132.470     0.746     0.275     0.271     -0.01   0.006   0.015
   51133.467     0.744     0.269     0.324      0.14   0.005   0.017
   51138.454     0.747     0.297     0.308      0.03   0.006   0.016
   51139.451     0.743     0.218     0.302      0.25   0.005   0.016
   51140.448     0.743     0.245     0.329      0.23   0.005   0.017
   51142.442     0.742     0.244     0.316      0.20   0.005   0.017
   51144.438     0.746     0.271     0.297      0.07   0.005   0.016
   51145.435     0.742     0.280     0.314      0.09   0.006   0.017
   51146.432     0.740     0.241     0.308      0.19   0.005   0.016
   51147.429     0.746     0.268     0.311      0.11   0.005   0.017
   51148.427     0.747     0.290     0.294      0.01   0.006   0.016
   51149.424     0.743     0.255     0.302      0.13   0.005   0.016
   51150.421     0.746     0.271     0.322      0.13   0.005   0.017
   51151.418     0.746     0.286     0.319      0.08   0.006   0.017
   51152.415     0.741     0.263     0.331      0.18   0.005   0.018
   51153.412     0.743     0.271     0.275      0.01   0.005   0.015
   51154.410     0.743     0.264     0.335      0.18   0.005   0.018
   51155.407     0.743     0.277     0.372      0.23   0.006   0.019
   51156.404     0.742     0.237     0.306      0.20   0.005   0.016
   51157.401     0.743     0.252     0.320      0.18   0.005   0.017
   51158.399     0.745     0.273     0.321      0.12   0.006   0.017
   51159.396     0.744     0.241     0.332      0.25   0.005   0.018
   51160.394     0.741     0.265     0.334      0.18   0.005   0.018
   51161.391     0.746     0.255     0.358      0.26   0.005   0.019
   51162.388     0.742     0.249     0.338      0.23   0.005   0.018
   51163.386     0.746     0.304     0.345      0.10   0.006   0.018
   51164.383     0.741     0.285     0.308      0.06   0.006   0.016
   51165.380     0.738     0.268     0.289      0.06   0.005   0.016
   51166.377     0.744     0.267     0.354      0.22   0.005   0.019
   51167.374     0.743     0.279     0.345      0.16   0.006   0.018
   51168.372     0.748     0.282     0.320      0.10   0.006   0.017
   51169.369     0.748     0.283     0.265     -0.05   0.006   0.014
   51170.366     0.740     0.242     0.326      0.23   0.005   0.017
   51174.355     0.743     0.201     0.344      0.41   0.005   0.018
   51175.353     0.741     0.176     0.335      0.49   0.005   0.018
   51176.350     0.747     0.242     0.275      0.10   0.005   0.015
   51178.345     0.743     0.252     0.336      0.22   0.005   0.018
   51182.333     0.737     0.198     0.364      0.47   0.005   0.019
   51183.331     0.742     0.223     0.352      0.35   0.005   0.019
   51184.328     0.740     0.233     0.226     -0.02   0.005   0.013
   51190.312     0.744     0.294     0.368      0.17   0.006   0.019
   51191.309     0.746     0.304     0.379      0.17   0.006   0.020
   51192.306     0.743     0.283     0.427      0.31   0.006   0.022
   51193.304     0.741     0.293     0.384      0.21   0.006   0.020
   51194.301     0.742     0.278     0.334      0.14   0.006   0.018
   51197.293     0.745     0.198     0.314      0.35   0.005   0.017
   51198.290     0.742     0.201     0.419      0.56   0.005   0.022
   51199.287     0.742     0.190     0.353      0.47   0.005   0.019
   51200.284     0.740     0.274     0.354      0.20   0.006   0.019
   51201.281     0.746     0.253     0.349      0.25   0.005   0.018
   51202.279     0.747     0.237     0.356      0.31   0.005   0.019
   51204.273     0.739     0.207     0.391      0.49   0.005   0.020
   51205.271     0.744     0.256     0.350      0.24   0.005   0.018
   51206.268     0.743     0.199     0.343      0.42   0.005   0.018
   51207.266     0.747     0.237     0.318      0.22   0.005   0.017
   51208.263     0.743     0.160     0.378      0.66   0.004   0.020
   51209.260     0.744     0.165     0.362      0.60   0.004   0.019
   51210.257     0.740     0.158     0.349      0.61   0.004   0.018
   51211.254     0.744     0.246     0.319      0.20   0.005   0.017
   51212.252     0.747     0.266     0.364      0.24   0.005   0.019
   51213.249     0.744     0.207     0.371      0.45   0.005   0.019
   51214.246     0.745     0.196     0.328      0.39   0.005   0.017
   51215.243     0.745     0.227     0.320      0.26   0.005   0.017
   51216.240     0.742     0.226     0.344      0.32   0.005   0.018
   51217.237     0.741     0.191     0.318      0.39   0.005   0.017
   51218.235     0.744     0.248     0.365      0.30   0.005   0.019
   51219.232     0.745     0.235     0.354      0.31   0.005   0.019
   51221.227     0.745     0.247     0.343      0.25   0.005   0.018
   51222.224     0.740     0.247     0.367      0.30   0.005   0.019
   51223.222     0.739     0.232     0.344      0.30   0.005   0.018
   51224.219     0.740     0.249     0.368      0.30   0.005   0.019
   51225.213     0.743    -1.000    -1.000    -10.00   0.000   0.000
   51226.213     0.742     0.250     0.382      0.32   0.005   0.020
   51227.211     0.743     0.258     0.360      0.25   0.005   0.019
   51228.208     0.744     0.255     0.347      0.24   0.005   0.018
   51229.205     0.746     0.243     0.339      0.25   0.005   0.018
   51230.202     0.742     0.252     0.321      0.19   0.005   0.017
   51231.200     0.747     0.257     0.346      0.23   0.005   0.018
   51232.197     0.745     0.252     0.324      0.19   0.005   0.017
   51233.194     0.744     0.248     0.335      0.23   0.005   0.018
   51234.191     0.745     0.263     0.361      0.24   0.005   0.019
   51235.188     0.747     0.269     0.365      0.23   0.005   0.019
   51236.187     0.747     0.261     0.388      0.30   0.005   0.020
   51237.184     0.744     0.248     0.313      0.18   0.005   0.017
   51238.181     0.742     0.266     0.348      0.21   0.005   0.018
   51239.178     0.744     0.288     0.343      0.13   0.006   0.018
   51240.175     0.744     0.261     0.338      0.20   0.005   0.018
   51242.170     0.746     0.245     0.394      0.36   0.005   0.021
   51243.167     0.742     0.249     0.325      0.20   0.005   0.017
   51244.164     0.746     0.283     0.308      0.06   0.006   0.016
   51245.161     0.746     0.265     0.256     -0.03   0.005   0.014
   51246.158     0.743     0.190     0.343      0.45   0.005   0.018
   51248.153     0.741     0.191     0.325      0.41   0.005   0.017
   51249.150     0.745     0.260     0.340      0.21   0.005   0.018
   51250.147     0.744     0.211     0.355      0.40   0.005   0.019
   51251.145     0.744     0.265     0.371      0.26   0.005   0.019
   51253.140     0.747     0.245     0.310      0.18   0.005   0.017
   51254.137     0.746     0.228     0.305      0.22   0.005   0.016
   51255.134     0.745     0.234     0.338      0.28   0.005   0.018
   51256.131     0.743     0.150     0.330      0.60   0.004   0.017
   51257.129     0.744     0.248     0.334      0.23   0.005   0.018
   51258.126     0.745     0.235     0.331      0.26   0.005   0.018
   51259.123     0.744     0.249     0.324      0.20   0.005   0.017
   51260.120     0.744     0.222     0.320      0.28   0.005   0.017
   51261.117     0.742     0.183     0.337      0.47   0.005   0.018
   51262.115     0.744     0.231     0.354      0.33   0.005   0.019
   51263.112     0.741     0.196     0.307      0.34   0.005   0.016
   51264.109     0.745     0.246     0.322      0.21   0.005   0.017
   51265.106     0.742     0.180     0.298      0.39   0.005   0.016
   51266.104     0.741     0.195     0.335      0.41   0.005   0.018
   51267.102     0.746     0.227     0.318      0.26   0.005   0.017
   51268.099     0.748     0.237     0.332      0.26   0.005   0.018
   51269.096     0.745     0.188     0.283      0.31   0.005   0.015
   51270.093     0.744     0.216     0.322      0.31   0.005   0.017
   51271.091     0.745     0.229     0.323      0.26   0.005   0.017
   51272.088     0.741     0.213     0.295      0.25   0.005   0.016
   51273.085     0.741     0.239     0.333      0.25   0.005   0.018
   51274.082     0.744     0.248     0.318      0.19   0.005   0.017
   51275.079     0.744     0.212     0.323      0.32   0.005   0.017
   51276.077     0.745     0.216     0.339      0.34   0.005   0.018
   51277.074     0.745     0.241     0.295      0.16   0.005   0.016
   51278.071     0.746     0.227     0.291      0.19   0.005   0.016
   51279.068     0.748     0.230     0.333      0.28   0.005   0.018
   51280.066     0.748     0.230     0.305      0.22   0.005   0.016
   51281.063     0.745     0.198     0.300      0.32   0.005   0.016
   51282.061     0.745     0.232     0.334      0.28   0.005   0.018
   51283.058     0.745     0.236     0.314      0.22   0.005   0.017
   51284.055     0.745     0.239     0.299      0.17   0.005   0.016
   51285.053     0.746     0.221     0.359      0.37   0.005   0.019
   51286.050     0.744     0.239     0.331      0.25   0.005   0.018
   51287.047     0.746     0.243     0.349      0.28   0.005   0.018
   51288.044     0.745     0.255     0.333      0.20   0.005   0.018
   51289.041     0.745     0.226     0.317      0.26   0.005   0.017
   51290.038     0.740     0.191     0.304      0.36   0.005   0.016
   51291.036     0.745     0.247     0.354      0.28   0.005   0.019
   51293.030     0.743     0.240     0.315      0.21   0.005   0.017
   51294.027     0.748     0.238     0.322      0.23   0.005   0.017
   51295.024     0.743     0.242     0.307      0.18   0.005   0.016
   51296.022     0.748     0.156     0.314      0.54   0.004   0.017
   51297.020     0.744     0.240     0.305      0.18   0.005   0.016
   51310.981     0.745     0.202     0.225      0.08   0.005   0.013
   51312.976     0.748     0.278     0.321      0.11   0.006   0.017
   51315.968     0.744     0.216     0.189     -0.10   0.005   0.011
   51316.965     0.742     0.215     0.350      0.37   0.005   0.018
   51317.962     0.743     0.271     0.320      0.13   0.005   0.017
   51318.959     0.742     0.204     0.310      0.32   0.005   0.017
   51319.957     0.748     0.252     0.316      0.17   0.005   0.017
   51322.948     0.737    -1.000    -1.000    -10.00   0.000   0.000
   51326.938     0.744     0.255     0.194     -0.21   0.005   0.011
   51326.938     0.744     0.255     0.194     -0.21   0.005   0.011
   51327.935     0.746     0.249     0.191     -0.20   0.005   0.011
   51328.932     0.746     0.251     0.182     -0.25   0.005   0.011
   51329.930     0.745     0.262     0.192     -0.24   0.005   0.011
   51330.927     0.745     0.260     0.182     -0.27   0.005   0.011
   51331.924     0.742     0.187     0.194      0.03   0.005   0.011
   51332.921     0.747     0.234     0.201     -0.12   0.005   0.012
   51333.918     0.742     0.221     0.189     -0.12   0.005   0.011
   51334.916     0.745     0.263     0.198     -0.22   0.005   0.011
   51335.913     0.744     0.263     0.182     -0.28   0.005   0.011
   51336.910     0.748     0.243     0.193     -0.18   0.005   0.011
   51337.907     0.744     0.198     0.187     -0.04   0.005   0.011
   51338.905     0.748     0.249     0.362      0.29   0.005   0.019
   51339.902     0.744     0.252     0.287      0.10   0.005   0.015
   51340.899     0.741     0.185     0.329      0.44   0.005   0.017
   51341.896     0.747     0.287     0.365      0.18   0.006   0.019
   51342.894     0.744     0.243     0.340      0.26   0.005   0.018
   51343.891     0.743     0.243     0.342      0.26   0.005   0.018
   51344.889     0.744     0.263     0.225     -0.12   0.005   0.013
   51345.886     0.747     0.271     0.318      0.12   0.005   0.017
   51346.883     0.744     0.256     0.342      0.22   0.005   0.018
   51347.880     0.740     0.194     0.369      0.49   0.005   0.019
   51348.878     0.748     0.259     0.353      0.24   0.005   0.019
   51349.875     0.744     0.263     0.317      0.14   0.005   0.017
   51350.872     0.747     0.247     0.235     -0.04   0.005   0.013
   51351.869     0.741     0.186     0.375      0.54   0.005   0.020
   51352.866     0.746     0.248     0.388      0.34   0.005   0.020
   51353.864     0.748     0.246     0.345      0.26   0.005   0.018
   51354.861     0.746     0.239     0.365      0.32   0.005   0.019
   51356.855     0.741     0.249     0.340      0.24   0.005   0.018
   51357.853     0.747     0.261     0.386      0.30   0.005   0.020
   51358.851     0.744     0.238     0.414      0.42   0.005   0.021
   51359.848     0.743     0.266     0.397      0.31   0.005   0.021
   51360.845     0.742     0.245     0.390      0.36   0.005   0.020
   51361.842     0.744     0.219     0.380      0.42   0.005   0.020
   51362.839     0.743     0.164     0.412      0.71   0.004   0.021
   51366.828     0.745     0.245     0.340      0.25   0.005   0.018
   51367.825     0.746     0.215     0.402      0.48   0.005   0.021
   51369.820     0.739     0.201     0.387      0.50   0.005   0.020
   51370.817     0.743     0.235     0.322      0.24   0.005   0.017
   51371.814     0.746     0.162     0.373      0.64   0.004   0.020
   51372.812     0.741     0.166     0.369      0.61   0.004   0.019
   51373.810     0.744     0.277     0.369      0.22   0.006   0.019
   51375.804     0.743     0.252     0.353      0.26   0.005   0.019
   51376.801     0.744     0.254     0.360      0.27   0.005   0.019
   51377.798     0.741     0.231     0.407      0.43   0.005   0.021
   51378.796     0.744     0.202     0.386      0.50   0.005   0.020
   51379.793     0.747     0.222     0.387      0.43   0.005   0.020
   51380.790     0.743     0.224     0.317      0.27   0.005   0.017
   51382.784     0.743     0.239     0.387      0.37   0.005   0.020
   51383.782     0.743     0.265     0.376      0.27   0.005   0.020
   51384.779     0.745     0.175     0.284      0.37   0.005   0.015
   51389.766     0.743     0.256     0.358      0.26   0.005   0.019
   51390.763     0.741     0.233     0.343      0.30   0.005   0.018
   51391.760     0.743     0.201     0.394      0.52   0.005   0.021
   51392.757     0.744     0.197     0.353      0.45   0.005   0.019
   51393.755     0.747     0.229     0.399      0.43   0.005   0.021
   51396.747     0.766     0.232     0.376      0.37   0.005   0.020
   51397.744     0.745     0.206     0.428      0.56   0.005   0.022
   51398.741     0.746     0.214     0.374      0.43   0.005   0.020
   51399.738     0.744     0.218     0.447      0.55   0.005   0.023
   51400.735     0.741     0.223     0.415      0.48   0.005   0.022
   51401.732     0.744     0.199     0.429      0.59   0.005   0.022
   51403.737     0.979     0.237     0.490      0.56   0.005   0.025
   51404.734     0.979     0.250     0.464      0.47   0.005   0.024
   51405.731     0.980     0.240     0.437      0.46   0.005   0.023
   51406.729     0.980     0.240     0.394      0.38   0.005   0.021
   51407.726     0.978     0.264     0.440      0.39   0.005   0.023
   51408.724     0.980     0.251     0.398      0.35   0.005   0.021
   51410.718     0.980     0.254     0.440      0.42   0.005   0.023
   51411.715     0.977     0.243     0.403      0.39   0.005   0.021
   51413.710     0.979     0.271     0.416      0.33   0.005   0.022
   51414.707     0.978     0.262     0.430      0.38   0.005   0.022
   51415.704     0.981     0.246     0.307      0.17   0.005   0.016
   51417.699     0.980     0.241     0.349      0.28   0.005   0.018
   51418.696     0.978     0.248     0.471      0.49   0.005   0.024
   51419.693     0.975     0.239     0.396      0.39   0.005   0.021
   51420.690     0.982     0.238     0.409      0.41   0.005   0.021
   51421.688     0.979     0.218     0.383      0.43   0.005   0.020
   51422.686     0.979     0.232     0.385      0.39   0.005   0.020
   51424.680     0.981     0.239     0.381      0.36   0.005   0.020
   51425.677     0.981     0.220     0.390      0.44   0.005   0.020
   51426.674     0.980     0.210     0.276      0.21   0.005   0.015
   51427.671     0.976     0.244     0.382      0.34   0.005   0.020
   51428.669     0.977     0.254     0.378      0.31   0.005   0.020
   51429.666     0.980     0.261     0.394      0.32   0.005   0.021
   51431.660     0.980     0.254     0.413      0.37   0.005   0.021
   51432.658     0.981     0.268     0.436      0.37   0.005   0.023
   51433.655     0.979     0.254     0.421      0.39   0.005   0.022
   51434.652     0.980     0.229     0.428      0.48   0.005   0.022
   51435.649     0.980     0.211     0.376      0.44   0.005   0.020
   51436.646     0.977     0.209     0.393      0.48   0.005   0.020
   51438.642     0.977     0.264     0.411      0.34   0.005   0.021
   51439.639     0.979     0.265     0.423      0.36   0.005   0.022
   51440.636     0.980     0.247     0.401      0.37   0.005   0.021
   51441.633     0.977     0.268     0.449      0.40   0.005   0.023
   51442.631     0.980     0.246     0.397      0.37   0.005   0.021
   51443.628     0.978     0.243     0.405      0.39   0.005   0.021
   51445.622     0.977     0.250     0.437      0.43   0.005   0.023
   51446.619     0.977     0.239     0.420      0.43   0.005   0.022
   51447.617     0.978     0.187     0.275      0.29   0.005   0.015
   51453.601     0.979     0.240     0.406      0.40   0.005   0.021
   51454.598     0.978     0.230     0.349      0.32   0.005   0.018
   51455.595     0.978     0.227     0.324      0.27   0.005   0.017
   51456.592     0.978     0.223     0.377      0.40   0.005   0.020
   51457.590     0.977     0.237     0.402      0.41   0.005   0.021
   51458.587     0.978     0.231     0.465      0.54   0.005   0.024
   51459.584     0.978     0.237     0.425      0.45   0.005   0.022
   51460.581     0.980     0.244     0.375      0.33   0.005   0.020
   51461.579     0.979     0.234     0.335      0.28   0.005   0.018
   51462.576     0.981     0.235     0.345      0.29   0.005   0.018
   51463.573     0.977     0.244     0.357      0.29   0.005   0.019
   51464.570     0.979     0.250     0.380      0.32   0.005   0.020
   51466.565     0.980     0.246     0.421      0.41   0.005   0.022
   51467.562     0.978     0.273     0.405      0.30   0.006   0.021
   51468.560     0.981     0.249     0.403      0.37   0.005   0.021
   51469.557     0.978     0.043     0.069      0.36   0.004   0.007
   51470.554     0.979     0.254     0.419      0.38   0.005   0.022
   51471.552     0.977     0.242     0.434      0.45   0.005   0.022
   51474.543     0.981     0.240     0.358      0.31   0.005   0.019
   51475.540     0.980     0.232     0.208     -0.08   0.005   0.012
   51476.537     0.976     0.255     0.359      0.26   0.005   0.019
   51477.535     0.977     0.268     0.380      0.27   0.005   0.020
   51478.532     0.976     0.267     0.377      0.26   0.005   0.020
   51479.529     0.975     0.277     0.433      0.34   0.006   0.022
   51480.526     0.979     0.295     0.431      0.29   0.006   0.022
   51484.516     0.977     0.238     0.414      0.42   0.005   0.021
   51486.510     0.975     0.278     0.506      0.46   0.006   0.026
   51487.508     0.974     0.270     0.249     -0.06   0.005   0.014
   51488.505     0.983     0.285     0.385      0.23   0.006   0.020
   51489.502     0.979     0.273     0.426      0.34   0.006   0.022
   51490.499     0.979     0.258     0.397      0.33   0.005   0.021
   51491.497     0.979     0.260     0.426      0.38   0.005   0.022
   51492.494     0.980     0.268     0.440      0.38   0.005   0.023
   51493.491     0.979     0.287     0.400      0.25   0.006   0.021
   51494.488     0.980     0.256     0.445      0.42   0.005   0.023
   51495.485     0.977     0.272     0.421      0.34   0.006   0.022
   51496.483     0.977     0.248     0.414      0.39   0.005   0.021
   51497.480     0.981     0.266     0.439      0.38   0.005   0.023
   51498.478     0.979     0.251     0.430      0.41   0.005   0.022
   51499.475     0.979     0.272     0.389      0.27   0.006   0.020
   51500.472     0.978     0.274     0.255     -0.05   0.006   0.014
   51501.470     0.979     0.255     0.440      0.42   0.005   0.023
   51502.467     0.980     0.269     0.428      0.36   0.005   0.022
   51503.464     0.980     0.258     0.407      0.35   0.005   0.021
   51504.462     0.985     0.269     0.455      0.40   0.005   0.023
   51505.459     0.983     0.243     0.415      0.41   0.005   0.022
   51506.456     0.977     0.264     0.433      0.38   0.005   0.022
   51508.450     0.982     0.264     0.459      0.42   0.005   0.024
   51509.447     0.978     0.251     0.439      0.43   0.005   0.023
   51510.447     1.044     0.255     0.453      0.44   0.005   0.023
   51511.442     0.978     0.248     0.432      0.43   0.005   0.022
   51512.439     0.976     0.257     0.443      0.42   0.005   0.023
   51513.437     0.976     0.250     0.428      0.41   0.005   0.022
   51514.434     0.976     0.261     0.473      0.46   0.005   0.024
   51515.432     0.977     0.250     0.439      0.43   0.005   0.023
   51516.429     0.981     0.248     0.449      0.46   0.005   0.023
   51517.426     0.978     0.217     0.414      0.50   0.005   0.021
   51518.423     0.979     0.261     0.380      0.29   0.005   0.020
   51519.420     0.978     0.264     0.438      0.39   0.005   0.023
   51520.418     0.977     0.265     0.433      0.38   0.005   0.022
   51521.415     0.978     0.264     0.422      0.36   0.005   0.022
   51522.412     0.977     0.270     0.582      0.59   0.005   0.030
   51526.401     0.980     0.267     0.411      0.33   0.005   0.021
   51527.398     0.980     0.265     0.436      0.38   0.005   0.023
   51528.396     0.977     0.262     0.420      0.36   0.005   0.022
   51529.393     0.979     0.261     0.480      0.47   0.005   0.025
   51530.391     0.977     0.271     0.359      0.22   0.005   0.019
   51531.388     0.977     0.254     0.447      0.43   0.005   0.023
   51532.385     0.979     0.235     0.434      0.47   0.005   0.022
   51533.382     0.979     0.255     0.443      0.42   0.005   0.023
   51534.380     0.980     0.247     0.371      0.31   0.005   0.019
   51541.360     0.980     0.254     0.445      0.43   0.005   0.023
   51542.357     0.978     0.247     0.472      0.50   0.005   0.024
   51543.354     0.979     0.242     0.401      0.39   0.005   0.021
   51549.339     0.980     0.252     0.436      0.42   0.005   0.023
   51550.336     0.978     0.258     0.444      0.42   0.005   0.023
   51551.333     0.978     0.257     0.432      0.40   0.005   0.022
   51552.330     0.980     0.257     0.440      0.41   0.005   0.023
   51553.327     0.980     0.245     0.445      0.46   0.005   0.023
   51554.325     0.980     0.251     0.434      0.42   0.005   0.022
   51558.313     0.980     0.253     0.430      0.41   0.005   0.022
   51559.311     0.975     0.265     0.228     -0.12   0.005   0.013
   51560.309     0.977     0.264     0.270      0.02   0.005   0.015
   51561.306     0.976     0.259     0.363      0.26   0.005   0.019
   51562.303     0.976     0.263     0.254     -0.03   0.005   0.014
   51565.295     0.974     0.273     0.394      0.28   0.006   0.021
   51566.292     0.980     0.272     0.383      0.26   0.006   0.020
   51570.281     0.975     0.246     0.365      0.30   0.005   0.019
   51571.278     0.976     0.277     0.382      0.25   0.006   0.020
   51572.275     0.977     0.278     0.423      0.32   0.006   0.022
   51575.268     0.976     0.289     0.403      0.25   0.006   0.021
   51576.265     0.976     0.288     0.385      0.22   0.006   0.020
   51577.262     0.976     0.282     0.397      0.26   0.006   0.021
   51578.260     0.980     0.311     0.288     -0.06   0.006   0.015
   51580.254     0.976     0.280     0.363      0.20   0.006   0.019
   51581.251     0.978     0.283     0.350      0.16   0.006   0.018
   51582.248     0.976     0.276     0.357      0.20   0.006   0.019
   51583.245     0.978     0.273     0.393      0.28   0.006   0.020
   51584.243     0.979     0.270     0.359      0.22   0.005   0.019
   51585.240     0.980     0.266     0.377      0.27   0.005   0.020
   51586.237     0.980     0.261     0.364      0.25   0.005   0.019
   51587.234     0.976     0.240     0.344      0.28   0.005   0.018
   51588.231     0.977     0.189     0.332      0.43   0.005   0.018
   51589.229     0.974     0.175     0.348      0.53   0.005   0.018
   51590.227     0.973     0.182     0.369      0.54   0.005   0.019
   51591.224     0.984     0.306     0.366      0.14   0.006   0.019
   51592.222     0.984     0.324     0.331      0.02   0.006   0.018
   51598.204     0.978     0.296     0.348      0.12   0.006   0.018
   51599.202     0.982     0.288     0.328      0.10   0.006   0.017
   51600.199     0.979     0.225     0.331      0.30   0.005   0.018
   51601.196     0.979     0.263     0.335      0.19   0.005   0.018
   51602.194     0.984     0.284     0.321      0.09   0.006   0.017
   51603.191     0.978     0.299     0.329      0.07   0.006   0.017
   51604.188     0.980     0.278     0.328      0.13   0.006   0.017
   51605.186     0.979     0.262     0.293      0.09   0.005   0.016
   51606.183     0.978     0.229     0.307      0.22   0.005   0.016
   51607.180     0.978     0.215     0.303      0.26   0.005   0.016
   51610.172     0.982     0.323     0.334      0.03   0.006   0.018
   51611.169     0.980     0.155     0.258      0.39   0.004   0.014
   51612.166     0.981     0.186     0.321      0.42   0.005   0.017
   51613.164     0.979     0.187     0.321      0.41   0.005   0.017
   51614.161     0.979     0.187     0.296      0.35   0.005   0.016
   51615.158     0.981     0.188     0.281      0.31   0.005   0.015
   51616.155     0.975     0.190     0.302      0.35   0.005   0.016
   51617.152     0.977     0.184     0.318      0.42   0.005   0.017
   51618.150     0.978     0.278     0.291      0.04   0.006   0.016
   51619.147     0.978     0.283     0.294      0.03   0.006   0.016
   51620.145     0.980     0.293     0.333      0.10   0.006   0.018
   51621.142     0.980     0.304     0.324      0.05   0.006   0.017
   51622.139     0.978     0.226     0.141     -0.36   0.005   0.009
   51623.137     0.984     0.235     0.271      0.11   0.005   0.015
   51624.134     0.980     0.188     0.199      0.04   0.005   0.011
   51625.131     0.978     0.230     0.302      0.21   0.005   0.016
   51626.128     0.980     0.279     0.282      0.01   0.006   0.015
   51627.125     0.979     0.279     0.271     -0.02   0.006   0.015
   51628.123     0.984     0.300     0.288     -0.03   0.006   0.015
   51629.120     0.979     0.279     0.294      0.04   0.006   0.016
   51630.117     0.982     0.281     0.286      0.01   0.006   0.015
   51631.114     0.979     0.284     0.307      0.06   0.006   0.016
   51633.109     0.980     0.286     0.286      0.00   0.006   0.015
   51638.096     0.977     0.287     0.279     -0.02   0.006   0.015
   51639.093     0.976     0.285     0.296      0.03   0.006   0.016
   51640.090     0.980     0.287     0.272     -0.04   0.006   0.015
   51646.073     0.977     0.268     0.268      0.00   0.005   0.015
   51647.071     0.980     0.297     0.273     -0.06   0.006   0.015
   51648.068     0.979     0.278     0.271     -0.02   0.006   0.015
   51649.065     0.977     0.269     0.281      0.03   0.005   0.015
   51650.062     0.979     0.273     0.272      0.00   0.006   0.015
   51651.060     0.974     0.257     0.287      0.09   0.005   0.015
   51652.058     0.980     0.263     0.201     -0.21   0.005   0.012
   51653.055     0.977     0.279     0.279      0.00   0.006   0.015
   51654.052     0.979     0.178     0.278      0.34   0.005   0.015
   51659.038     0.982     0.183     0.297      0.37   0.005   0.016
   51660.035     0.981     0.269     0.281      0.03   0.005   0.015
   51661.032     0.980     0.277     0.265     -0.03   0.006   0.014
   51662.030     0.981     0.264     0.254     -0.03   0.005   0.014
   51663.027     0.978     0.264     0.251     -0.04   0.005   0.014
   51664.024     0.977     0.290     0.256     -0.10   0.006   0.014
   51665.021     0.979     0.291     0.250     -0.12   0.006   0.014
   51798.651     0.877     0.203     0.310      0.32   0.005   0.017
   51798.652     0.899     0.230     0.299      0.20   0.005   0.016
   51798.657     1.013     0.246     0.330      0.22   0.005   0.017
   51799.649     0.885     0.252     0.386      0.33   0.005   0.020
   51803.638     0.877     0.247     0.438      0.44   0.005   0.023
   51806.630     0.877     0.230     0.376      0.38   0.005   0.020
   51807.627     0.878     0.235     0.456      0.51   0.005   0.024
   51809.622     0.882     0.245     0.473      0.50   0.005   0.024
   51810.619     0.884     0.227     0.424      0.48   0.005   0.022
   51812.613     0.884     0.225     0.252      0.09   0.005   0.014
   51813.610     0.882     0.238     0.442      0.47   0.005   0.023
   51814.607     0.877     0.237     0.473      0.53   0.005   0.024
   51816.603     0.882     0.228     0.432      0.49   0.005   0.022
   51817.600     0.882     0.238     0.404      0.41   0.005   0.021
   51818.597     0.880     0.253     0.433      0.41   0.005   0.022
   51819.595     0.883     0.251     0.479      0.50   0.005   0.025
   51820.592     0.879     0.233     0.425      0.46   0.005   0.022
   51821.589     0.878     0.238     0.424      0.44   0.005   0.022
