   50410.540    -0.841     0.399     0.384     -0.03   0.007   0.020
   50410.579     0.113     0.401     0.395     -0.01   0.007   0.021
   50412.573     0.109     0.377     0.360     -0.04   0.007   0.019
   50413.571     0.110     0.391     0.367     -0.05   0.007   0.019
   50414.470    -2.267     0.400     0.318     -0.18   0.007   0.017
   50414.511    -1.264     0.386     0.337     -0.10   0.007   0.018
   50414.584     0.479     0.409     0.381     -0.05   0.007   0.020
   50414.636     1.730     0.395     0.393      0.00   0.007   0.020
   50423.611     1.728     0.389     0.386     -0.01   0.007   0.020
   50424.442    -2.269     0.395     0.330     -0.14   0.007   0.017
   50424.484    -1.262     0.377     0.342     -0.08   0.007   0.018
   50424.557     0.480     0.399     0.378     -0.04   0.007   0.020
   50424.608     1.730     0.403     0.286     -0.26   0.007   0.015
   50425.439    -2.271     0.389     0.304     -0.19   0.007   0.016
   50425.481    -1.267     0.380     0.323     -0.12   0.007   0.017
   50425.554     0.478     0.400     0.370     -0.06   0.007   0.019
   50425.605     1.728     0.396     0.373     -0.05   0.007   0.020
   50426.437    -2.269     0.395     0.316     -0.17   0.007   0.017
   50426.479    -1.264     0.385     0.335     -0.11   0.007   0.018
   50426.551     0.472     0.408     0.370     -0.08   0.007   0.019
   50426.603     1.729     0.372     0.384      0.02   0.007   0.020
   50427.493    -0.841     0.392     0.350     -0.09   0.007   0.018
   50427.531     0.069     0.405     0.371     -0.07   0.007   0.019
   50428.490    -0.846     0.382     0.327     -0.12   0.007   0.017
   50428.528     0.069     0.390     0.351     -0.08   0.007   0.018
   50429.488    -0.841     0.397     0.330     -0.14   0.007   0.017
   50429.525     0.066     0.396     0.373     -0.05   0.007   0.020
   50430.485    -0.841     0.392     0.330     -0.13   0.007   0.017
   50430.523     0.070     0.407     0.366     -0.08   0.007   0.019
   50431.482    -0.848     0.405     0.364     -0.08   0.007   0.019
   50431.521     0.067     0.408     0.390     -0.04   0.007   0.020
   50434.474    -0.845     0.391     0.344     -0.10   0.007   0.018
   50434.512     0.068     0.406     0.371     -0.07   0.007   0.019
   50435.472    -0.845     0.406     0.346     -0.12   0.007   0.018
   50435.509     0.068     0.414     0.370     -0.09   0.007   0.019
   50437.466    -0.841     0.395     0.381     -0.03   0.007   0.020
   50437.504     0.069     0.313     0.410      0.21   0.006   0.021
   50438.487    -0.271     0.421     0.393     -0.05   0.007   0.020
   50440.481    -0.271     0.411     0.038     -1.82   0.007   0.006
   50441.479    -0.272     0.399     0.370     -0.06   0.007   0.019
   50444.471    -0.271     0.411     0.436      0.05   0.007   0.023
   50445.468    -0.271     0.050     0.024     -0.56   0.004   0.006
   50446.465    -0.275     0.420     0.447      0.05   0.007   0.023
   50447.462    -0.272     0.425     0.425      0.00   0.007   0.022
   50455.440    -0.269     0.424     0.445      0.04   0.007   0.023
   50456.438    -0.270     0.418     0.460      0.07   0.007   0.024
   50457.435    -0.272     0.433     0.385     -0.09   0.007   0.020
   50458.433    -0.272     0.420     0.450      0.05   0.007   0.023
   50459.430    -0.272     0.421     0.449      0.05   0.007   0.023
   50460.427    -0.270     0.419     0.457      0.07   0.007   0.024
   50461.424    -0.271     0.419     0.453      0.06   0.007   0.023
   50462.422    -0.270     0.421     0.458      0.06   0.007   0.024
   50463.419    -0.270     0.422     0.458      0.06   0.007   0.024
   50465.413    -0.266     0.421     0.465      0.08   0.007   0.024
   50466.411    -0.267     0.419     0.462      0.08   0.007   0.024
   50467.408    -0.271     0.427     0.469      0.07   0.007   0.024
   50468.405    -0.269     0.424     0.471      0.08   0.007   0.024
   50470.399    -0.272     0.433     0.474      0.07   0.007   0.024
   50471.396    -0.271     0.429     0.466      0.06   0.007   0.024
   50472.394    -0.274     0.425     0.463      0.07   0.007   0.024
   50473.392    -0.273     0.415     0.461      0.08   0.007   0.024
   50474.389    -0.273     0.415     0.467      0.09   0.007   0.024
   50475.386    -0.272     0.409     0.467      0.10   0.007   0.024
   50477.381    -0.270     0.414     0.455      0.07   0.007   0.023
   50478.378    -0.273     0.418     0.459      0.07   0.007   0.024
   50479.375    -0.272     0.412     0.459      0.08   0.007   0.024
   50480.372    -0.270     0.414     0.470      0.10   0.007   0.024
   50481.369    -0.272     0.417     0.446      0.05   0.007   0.023
   50482.367    -0.270     0.417     0.455      0.07   0.007   0.023
   50483.364    -0.274     0.385     0.424      0.07   0.007   0.022
   50484.361    -0.272     0.400     0.473      0.13   0.007   0.024
   50485.358    -0.272     0.403     0.474      0.12   0.007   0.024
   50486.355    -0.270     0.415     0.455      0.07   0.007   0.023
   50490.345    -0.269     0.423     0.454      0.05   0.007   0.023
   50491.342    -0.272     0.426     0.487      0.10   0.007   0.025
   50492.340    -0.272     0.415     0.439      0.04   0.007   0.023
   50494.334    -0.275     0.410     0.481      0.12   0.007   0.025
   50495.331    -0.273     0.416     0.465      0.09   0.007   0.024
   50496.328    -0.271     0.413     0.470      0.10   0.007   0.024
   50497.326    -0.272     0.411     0.471      0.10   0.007   0.024
   50498.323    -0.272     0.417     0.477      0.10   0.007   0.025
   50499.320    -0.270     0.415     0.470      0.09   0.007   0.024
   50500.317    -0.271     0.433     0.496      0.10   0.007   0.025
   50501.314    -0.272     0.424     0.491      0.11   0.007   0.025
   50502.312    -0.273     0.420     0.488      0.12   0.007   0.025
   50503.310    -0.272     0.416     0.505      0.15   0.007   0.026
   50504.307    -0.272     0.426     0.482      0.09   0.007   0.025
   50505.304    -0.271     0.427     0.507      0.13   0.007   0.026
   50506.301    -0.275     0.421     0.509      0.14   0.007   0.026
   50507.299    -0.273     0.413     0.499      0.14   0.007   0.026
   50508.296    -0.276     0.419     0.491      0.12   0.007   0.025
   50509.293    -0.271     0.422     0.502      0.13   0.007   0.026
   50510.290    -0.272     0.428     0.519      0.15   0.007   0.027
   50511.287    -0.273     0.442     0.487      0.07   0.008   0.025
   50512.285    -0.270     0.451     0.520      0.11   0.008   0.027
   50515.276    -0.274     0.452     0.490      0.06   0.008   0.025
   50516.273    -0.273     0.443     0.505      0.10   0.008   0.026
   50517.271    -0.271     0.441     0.417     -0.04   0.008   0.022
   50518.269    -0.273     0.457     0.500      0.07   0.008   0.026
   50520.263    -0.275     0.456     0.482      0.04   0.008   0.025
   50521.261    -0.272     0.451     0.503      0.08   0.008   0.026
   50522.258    -0.272     0.451     0.470      0.03   0.008   0.024
   50523.255    -0.274     0.452     0.484      0.05   0.008   0.025
   50524.252    -0.274     0.455     0.484      0.05   0.008   0.025
   50525.249    -0.273     0.450     0.501      0.08   0.008   0.026
   50526.247    -0.273     0.455     0.511      0.09   0.008   0.026
   50527.244    -0.276     0.450     0.485      0.06   0.008   0.025
   50528.241    -0.275     0.445     0.483      0.06   0.008   0.025
   50529.238    -0.272     0.457     0.487      0.05   0.008   0.025
   50530.235    -0.273     0.467     0.495      0.05   0.008   0.025
   50533.228    -0.264     0.493     0.582      0.13   0.008   0.030
   50535.223    -0.264     0.488     0.503      0.02   0.008   0.026
   50536.220    -0.263     0.480     0.496      0.03   0.008   0.025
   50537.217    -0.263     0.486     0.483      0.00   0.008   0.025
   50539.212    -0.263     0.473     0.464     -0.01   0.008   0.024
   50539.211    -0.266     0.466     0.482      0.03   0.008   0.025
   50540.209    -0.264     0.472     0.482      0.02   0.008   0.025
   50541.206    -0.265     0.470     0.484      0.02   0.008   0.025
   50542.203    -0.262     0.472     0.501      0.05   0.008   0.026
   50543.201    -0.260     0.484     0.507      0.04   0.008   0.026
   50544.198    -0.264     0.497     0.493     -0.01   0.008   0.025
   50545.195    -0.264     0.491     0.482     -0.01   0.008   0.025
   50546.192    -0.262     0.495     0.492      0.00   0.008   0.025
   50547.189    -0.263     0.482     0.497      0.02   0.008   0.025
   50548.187    -0.264     0.474     0.466     -0.01   0.008   0.024
   50549.185    -0.265     0.467     0.467      0.00   0.008   0.024
   50550.182    -0.262     0.480     0.499      0.03   0.008   0.026
   50551.179    -0.262     0.488     0.506      0.03   0.008   0.026
   50553.173    -0.264     0.502     0.489     -0.02   0.008   0.025
   50555.168    -0.260     0.498     0.496      0.00   0.008   0.025
   50556.165    -0.262     0.514     0.471     -0.07   0.009   0.024
   50557.162    -0.263     0.513     0.486     -0.04   0.009   0.025
   50558.159    -0.265     0.506     0.472     -0.05   0.008   0.024
   50559.157    -0.263     0.502     0.487     -0.02   0.008   0.025
   50560.154    -0.262     0.486     0.487      0.00   0.008   0.025
   50562.148    -0.265     0.511     0.485     -0.04   0.009   0.025
   50563.146    -0.262     0.498     0.479     -0.03   0.008   0.025
   50564.144    -0.262     0.506     0.475     -0.05   0.008   0.024
   50565.141    -0.263     0.504     0.490     -0.02   0.008   0.025
   50566.138    -0.262     0.493     0.376     -0.21   0.008   0.020
   50567.135    -0.265     0.492     0.463     -0.05   0.008   0.024
   50569.130    -0.264     0.496     0.479     -0.03   0.008   0.025
   50570.127    -0.264     0.509     0.462     -0.07   0.008   0.024
   50571.124    -0.265     0.522     0.465     -0.09   0.009   0.024
   50572.121    -0.265     0.525     0.475     -0.08   0.009   0.024
   50573.119    -0.263     0.513     0.463     -0.08   0.009   0.024
   50574.116    -0.264     0.517     0.457     -0.09   0.009   0.024
   50575.113    -0.263     0.509     0.456     -0.08   0.008   0.024
   50576.110    -0.263     0.502     0.459     -0.07   0.008   0.024
   50577.107    -0.267     0.497     0.430     -0.11   0.008   0.022
   50578.105    -0.263     0.502     0.475     -0.04   0.008   0.024
   50579.103    -0.262     0.487     0.457     -0.05   0.008   0.024
   50580.100    -0.262     0.483     0.450     -0.05   0.008   0.023
   50581.097    -0.260     0.488     0.452     -0.06   0.008   0.023
   50582.094    -0.264     0.486     0.441     -0.07   0.008   0.023
   50583.092    -0.259     0.456     0.391     -0.12   0.008   0.020
   50584.089    -0.264     0.447     0.406     -0.07   0.008   0.021
   50585.086    -0.262     0.448     0.454      0.01   0.008   0.023
   50587.080    -0.263     0.477     0.456     -0.03   0.008   0.024
   50588.078    -0.262     0.505     0.457     -0.08   0.008   0.024
   50589.075    -0.265     0.515     0.450     -0.10   0.009   0.023
   50590.072    -0.265     0.517     0.466     -0.08   0.009   0.024
   50591.069    -0.262     0.519     0.469     -0.08   0.009   0.024
   50592.066    -0.262     0.518     0.461     -0.09   0.009   0.024
   50593.064    -0.263     0.514     0.465     -0.08   0.009   0.024
   50594.062    -0.263     0.514     0.458     -0.09   0.009   0.024
   50595.059    -0.264     0.499     0.455     -0.07   0.008   0.023
   50596.056    -0.262     0.491     0.440     -0.08   0.008   0.023
   50597.053    -0.263     0.494     0.445     -0.08   0.008   0.023
   50598.051    -0.263     0.493     0.430     -0.10   0.008   0.022
   50599.048    -0.263     0.489     0.454     -0.06   0.008   0.023
   50600.045    -0.263     0.496     0.468     -0.05   0.008   0.024
   50601.042    -0.264     0.502     0.456     -0.07   0.008   0.024
   50602.039    -0.264     0.507     0.378     -0.22   0.008   0.020
   50603.037    -0.265     0.500     0.438     -0.10   0.008   0.023
   50604.034    -0.262     0.487     0.435     -0.09   0.008   0.022
   50605.031    -0.262     0.496     0.446     -0.08   0.008   0.023
   50606.028    -0.263     0.497     0.450     -0.08   0.008   0.023
   50607.025    -0.265     0.500     0.434     -0.11   0.008   0.022
   50608.023    -0.263     0.514     0.447     -0.11   0.009   0.023
   50609.021    -0.265     0.503     0.433     -0.12   0.008   0.022
   50610.018    -0.265     0.506     0.449     -0.09   0.008   0.023
   50611.015    -0.264     0.500     0.447     -0.09   0.008   0.023
   50612.012    -0.265     0.494     0.440     -0.09   0.008   0.023
   50613.010    -0.263     0.490     0.444     -0.08   0.008   0.023
   50614.007    -0.265     0.489     0.455     -0.05   0.008   0.023
   50615.004    -0.262     0.480     0.438     -0.07   0.008   0.023
   50616.001    -0.258     0.490     0.427     -0.10   0.008   0.022
   50616.999    -0.261     0.493     0.435     -0.10   0.008   0.022
   50617.996    -0.261     0.494     0.422     -0.12   0.008   0.022
   50618.993    -0.261     0.489     0.413     -0.13   0.008   0.021
   50619.990    -0.263     0.488     0.411     -0.13   0.008   0.021
   50620.987    -0.262     0.491     0.408     -0.14   0.008   0.021
   50621.985    -0.262     0.492     0.409     -0.14   0.008   0.021
   50622.982    -0.264     0.489     0.396     -0.16   0.008   0.021
   50623.979    -0.264     0.500     0.404     -0.16   0.008   0.021
   50624.977    -0.265     0.513     0.408     -0.17   0.009   0.021
   50626.972    -0.263     0.500     0.397     -0.18   0.008   0.021
   50627.969    -0.263     0.502     0.398     -0.18   0.008   0.021
   50628.966    -0.262     0.500     0.403     -0.17   0.008   0.021
   50631.957    -0.265     0.515     0.409     -0.18   0.009   0.021
   50632.955    -0.262     0.508     0.362     -0.26   0.008   0.019
   50633.952    -0.265     0.501     0.383     -0.21   0.008   0.020
   50634.949    -0.266     0.497     0.400     -0.17   0.008   0.021
   50635.946    -0.262     0.511     0.410     -0.17   0.009   0.021
   50636.944    -0.264     0.491     0.398     -0.16   0.008   0.021
   50637.941    -0.263     0.502     0.390     -0.19   0.008   0.020
   50638.938    -0.266     0.497     0.398     -0.17   0.008   0.021
   50639.936    -0.262     0.508     0.402     -0.18   0.008   0.021
   50640.933    -0.264     0.506     0.387     -0.20   0.008   0.020
   50641.931    -0.263     0.504     0.395     -0.19   0.008   0.021
   50642.928    -0.263     0.500     0.404     -0.16   0.008   0.021
   50643.925    -0.265     0.491     0.389     -0.18   0.008   0.020
   50644.922    -0.264     0.518     0.427     -0.15   0.009   0.022
   50645.919    -0.263     0.508     0.418     -0.15   0.008   0.022
   50646.917    -0.262     0.504     0.403     -0.17   0.008   0.021
   50647.914    -0.264     0.497     0.408     -0.15   0.008   0.021
   50648.911    -0.264     0.507     0.411     -0.16   0.008   0.021
   50649.908    -0.265     0.503     0.404     -0.17   0.008   0.021
   50650.905    -0.262     0.488     0.417     -0.12   0.008   0.022
   50652.900    -0.262     0.492     0.425     -0.11   0.008   0.022
   50653.897    -0.265     0.498     0.433     -0.11   0.008   0.022
   50654.895    -0.263     0.483     0.424     -0.10   0.008   0.022
   50655.892    -0.264     0.477     0.424     -0.09   0.008   0.022
   50656.890    -0.262     0.483     0.424     -0.10   0.008   0.022
   50657.887    -0.265     0.491     0.425     -0.11   0.008   0.022
   50658.884    -0.267     0.496     0.429     -0.11   0.008   0.022
   50659.881    -0.263     0.507     0.433     -0.12   0.008   0.022
   50660.878    -0.267     0.508     0.420     -0.15   0.008   0.022
   50661.876    -0.267     0.517     0.440     -0.12   0.009   0.023
   50662.873    -0.265     0.522     0.453     -0.11   0.009   0.023
   50663.870    -0.264     0.522     0.445     -0.12   0.009   0.023
   50664.867    -0.265     0.525     0.461     -0.10   0.009   0.024
   50665.865    -0.261     0.518     0.455     -0.10   0.009   0.023
   50666.862    -0.263     0.517     0.456     -0.10   0.009   0.024
   50667.859    -0.262     0.512     0.447     -0.10   0.009   0.023
   50668.856    -0.263     0.497     0.446     -0.08   0.008   0.023
   50669.854    -0.265     0.485     0.434     -0.09   0.008   0.022
   50670.852    -0.263     0.499     0.449     -0.08   0.008   0.023
   50671.849    -0.263     0.497     0.441     -0.09   0.008   0.023
   50672.846    -0.264     0.511     0.465     -0.07   0.009   0.024
   50673.843    -0.264     0.514     0.406     -0.18   0.009   0.021
   50674.840    -0.264     0.519     0.447     -0.11   0.009   0.023
   50675.838    -0.263     0.287     0.454      0.35   0.006   0.023
   50676.835    -0.264     0.510     0.457     -0.08   0.008   0.024
   50677.832    -0.263     0.500     0.436     -0.10   0.008   0.023
   50678.829    -0.265     0.502     0.465     -0.06   0.008   0.024
   50679.826    -0.265     0.514     0.483     -0.05   0.009   0.025
   50680.823    -0.267     0.524     0.475     -0.08   0.009   0.024
   50681.821    -0.265     0.521     0.427     -0.15   0.009   0.022
   50682.818    -0.265     0.510     0.449     -0.10   0.008   0.023
   50683.815    -0.263     0.509     0.430     -0.13   0.008   0.022
   50684.812    -0.261     0.508     0.420     -0.15   0.008   0.022
   50685.811    -0.261     0.506     0.402     -0.18   0.008   0.021
   50687.805    -0.263     0.489     0.419     -0.12   0.008   0.022
   50688.802    -0.265     0.492     0.407     -0.14   0.008   0.021
   50689.799    -0.263     0.491     0.408     -0.14   0.008   0.021
   50690.797    -0.262     0.478     0.421     -0.10   0.008   0.022
   50691.794    -0.263     0.474     0.394     -0.14   0.008   0.021
   50692.791    -0.262     0.475     0.389     -0.15   0.008   0.020
   50694.785    -0.263     0.475     0.384     -0.16   0.008   0.020
   50697.777    -0.264     0.495     0.383     -0.20   0.008   0.020
   50698.774    -0.264     0.505     0.390     -0.20   0.008   0.020
   50699.771    -0.262     0.495     0.364     -0.23   0.008   0.019
   50701.767    -0.264     0.472     0.364     -0.20   0.008   0.019
   50702.764    -0.265     0.481     0.365     -0.21   0.008   0.019
   50703.761    -0.265     0.482     0.391     -0.16   0.008   0.020
   50704.758    -0.263     0.495     0.374     -0.22   0.008   0.020
   50705.756    -0.262     0.490     0.379     -0.20   0.008   0.020
   50706.753    -0.261     0.489     0.366     -0.22   0.008   0.019
   50708.747    -0.263     0.477     0.357     -0.22   0.008   0.019
   50709.744    -0.263     0.491     0.361     -0.24   0.008   0.019
   50710.742    -0.265     0.500     0.358     -0.26   0.008   0.019
   50711.739    -0.265     0.495     0.365     -0.23   0.008   0.019
   50712.736    -0.261     0.483     0.365     -0.22   0.008   0.019
   50713.733    -0.265     0.482     0.380     -0.18   0.008   0.020
   50715.729    -0.263     0.484     0.370     -0.21   0.008   0.019
   50716.726    -0.263     0.471     0.360     -0.21   0.008   0.019
   50717.723    -0.263     0.484     0.362     -0.22   0.008   0.019
   50718.720    -0.262     0.491     0.364     -0.23   0.008   0.019
   50719.718    -0.263     0.495     0.397     -0.17   0.008   0.021
   50720.715    -0.261     0.492     0.389     -0.18   0.008   0.020
   50721.712    -0.262     0.490     0.379     -0.20   0.008   0.020
   50722.709    -0.265     0.486     0.393     -0.16   0.008   0.020
   50723.706    -0.264     0.470     0.386     -0.15   0.008   0.020
   50724.703    -0.264     0.482     0.379     -0.18   0.008   0.020
   50725.701    -0.264     0.470     0.387     -0.15   0.008   0.020
   50726.698    -0.260     0.477     0.381     -0.17   0.008   0.020
   50727.695    -0.265     0.494     0.378     -0.20   0.008   0.020
   50729.690    -0.263     0.495     0.396     -0.17   0.008   0.021
   50730.688    -0.261     0.509     0.383     -0.22   0.008   0.020
   50731.685    -0.263     0.492     0.391     -0.18   0.008   0.020
   50732.682    -0.263     0.513     0.395     -0.20   0.009   0.021
   50733.679    -0.264     0.508     0.397     -0.19   0.008   0.021
   50734.677    -0.261     0.502     0.382     -0.21   0.008   0.020
   50736.671    -0.262     0.516     0.398     -0.20   0.009   0.021
   50737.668    -0.263     0.512     0.403     -0.18   0.009   0.021
   50738.665    -0.265     0.502     0.407     -0.16   0.008   0.021
   50739.663    -0.263     0.521     0.397     -0.21   0.009   0.021
   50740.660    -0.263     0.511     0.400     -0.19   0.009   0.021
   50741.657    -0.263     0.506     0.393     -0.19   0.008   0.020
   50743.651    -0.264     0.491     0.403     -0.15   0.008   0.021
   50744.649    -0.263     0.494     0.411     -0.14   0.008   0.021
   50745.646    -0.262     0.493     0.415     -0.13   0.008   0.022
   50746.644    -0.263     0.495     0.416     -0.13   0.008   0.022
   50747.641    -0.260     0.486     0.402     -0.14   0.008   0.021
   50748.638    -0.262     0.511     0.428     -0.14   0.009   0.022
   50749.636    -0.262     0.493     0.413     -0.14   0.008   0.021
   50750.633    -0.262     0.465     0.410     -0.10   0.008   0.021
   50751.630    -0.265     0.503     0.408     -0.16   0.008   0.021
   50752.627    -0.264     0.390     0.422      0.06   0.007   0.022
   50753.624    -0.265     0.507     0.301     -0.40   0.008   0.016
   50754.622    -0.264     0.522     0.404     -0.20   0.009   0.021
   50755.619    -0.263     0.532     0.418     -0.19   0.009   0.022
   50757.613    -0.265     0.448     0.420     -0.05   0.008   0.022
   50758.610    -0.265     0.289     0.433      0.31   0.006   0.022
   50759.608    -0.265     0.288     0.384      0.22   0.006   0.020
   50761.603    -0.265     0.295     0.415      0.26   0.006   0.022
   50762.600    -0.266     0.525     0.405     -0.20   0.009   0.021
   50764.595    -0.264     0.516     0.408     -0.18   0.009   0.021
   50765.592    -0.267     0.526     0.413     -0.19   0.009   0.021
   50766.589    -0.263     0.509     0.400     -0.19   0.008   0.021
   50767.586    -0.263     0.503     0.401     -0.17   0.008   0.021
   50768.583    -0.264     0.493     0.397     -0.17   0.008   0.021
   50769.581    -0.265     0.493     0.394     -0.17   0.008   0.021
   50771.575    -0.263     0.489     0.399     -0.16   0.008   0.021
   50772.572    -0.263     0.492     0.400     -0.16   0.008   0.021
   50773.570    -0.260     0.500     0.398     -0.17   0.008   0.021
   50774.567    -0.261     0.503     0.410     -0.16   0.008   0.021
   50775.564    -0.264     0.509     0.388     -0.21   0.008   0.020
   50776.562    -0.266     0.495     0.394     -0.17   0.008   0.021
   50777.559    -0.263     0.502     0.392     -0.19   0.008   0.020
   50778.556    -0.264     0.495     0.394     -0.17   0.008   0.021
   50780.551    -0.264     0.495     0.367     -0.23   0.008   0.019
   50781.548    -0.265     0.274     0.394      0.28   0.006   0.021
   50782.545    -0.263     0.519     0.387     -0.22   0.009   0.020
   50783.543    -0.260     0.516     0.400     -0.19   0.009   0.021
   50784.540    -0.263     0.539     0.408     -0.21   0.009   0.021
   50785.537    -0.267     0.515     0.394     -0.20   0.009   0.021
   50786.534    -0.263     0.272     0.387      0.27   0.006   0.020
   50787.531    -0.262     0.501     0.380     -0.21   0.008   0.020
   50788.528    -0.266     0.505     0.383     -0.21   0.008   0.020
   50789.526    -0.263     0.508     0.375     -0.23   0.008   0.020
   50790.523    -0.263     0.513     0.385     -0.22   0.009   0.020
   50791.521    -0.265     0.429     0.376     -0.10   0.007   0.020
   50792.518    -0.263     0.471     0.198     -0.66   0.008   0.011
   50793.516    -0.264     0.505     0.392     -0.19   0.008   0.020
   50794.513    -0.263     0.504     0.386     -0.20   0.008   0.020
   50795.510    -0.265     0.498     0.387     -0.19   0.008   0.020
   50796.507    -0.265     0.499     0.385     -0.20   0.008   0.020
   50797.504    -0.263     0.504     0.393     -0.19   0.008   0.020
   50798.502    -0.263     0.504     0.391     -0.19   0.008   0.020
   50799.499    -0.265     0.500     0.397     -0.18   0.008   0.021
   50800.496    -0.266     0.508     0.405     -0.17   0.008   0.021
   50801.493    -0.264     0.506     0.390     -0.20   0.008   0.020
   50802.490    -0.264     0.515     0.395     -0.20   0.009   0.021
   50803.488    -0.262     0.518     0.400     -0.20   0.009   0.021
   50804.485    -0.266     0.504     0.263     -0.50   0.008   0.014
   50805.482    -0.264     0.507     0.393     -0.19   0.008   0.020
   50806.479    -0.263     0.505     0.394     -0.19   0.008   0.021
   50810.469    -0.261     0.497     0.381     -0.20   0.008   0.020
   50811.466    -0.262     0.492     0.387     -0.18   0.008   0.020
   50813.461    -0.266     0.504     0.384     -0.21   0.008   0.020
   50816.452    -0.264     0.509     0.387     -0.21   0.008   0.020
   50817.450    -0.263     0.508     0.386     -0.21   0.008   0.020
   50818.447    -0.264     0.507     0.381     -0.22   0.008   0.020
   50819.444    -0.266     0.508     0.380     -0.22   0.008   0.020
   50820.441    -0.263     0.508     0.388     -0.21   0.008   0.020
   50821.439    -0.258     0.279     0.384      0.25   0.006   0.020
   50822.437    -0.264     0.493     0.338     -0.29   0.008   0.018
   50823.434    -0.261     0.504     0.385     -0.21   0.008   0.020
   50824.431    -0.264     0.496     0.384     -0.20   0.008   0.020
   50825.428    -0.260     0.483     0.390     -0.16   0.008   0.020
   50827.423    -0.264     0.482     0.388     -0.17   0.008   0.020
   50828.420    -0.266     0.271     0.360      0.22   0.005   0.019
   50829.417    -0.265     0.475     0.370     -0.19   0.008   0.019
   50830.414    -0.263     0.467     0.379     -0.16   0.008   0.020
   50831.411    -0.265     0.469     0.363     -0.20   0.008   0.019
   50832.409    -0.265     0.467     0.372     -0.17   0.008   0.019
   50833.406    -0.264     0.470     0.372     -0.18   0.008   0.019
   50834.403    -0.264     0.492     0.377     -0.20   0.008   0.020
   50835.400    -0.262     0.493     0.377     -0.21   0.008   0.020
   50837.396    -0.264     0.493     0.370     -0.22   0.008   0.019
   50838.393    -0.263     0.493     0.362     -0.24   0.008   0.019
   50839.390    -0.264     0.488     0.371     -0.21   0.008   0.019
   50840.387    -0.265     0.485     0.373     -0.20   0.008   0.020
   50842.382    -0.264     0.473     0.368     -0.19   0.008   0.019
   50843.379    -0.260     0.479     0.377     -0.18   0.008   0.020
   50844.376    -0.265     0.475     0.384     -0.16   0.008   0.020
   50845.373    -0.263     0.480     0.377     -0.19   0.008   0.020
   50846.371    -0.261     0.477     0.378     -0.18   0.008   0.020
   50847.368    -0.261     0.486     0.369     -0.21   0.008   0.019
   50849.362    -0.265     0.501     0.378     -0.22   0.008   0.020
   50850.359    -0.264     0.488     0.379     -0.19   0.008   0.020
   50851.357    -0.260     0.504     0.379     -0.22   0.008   0.020
   50852.354    -0.262     0.514     0.374     -0.24   0.009   0.020
   50853.352    -0.262     0.519     0.372     -0.25   0.009   0.019
   50854.349    -0.266     0.514     0.358     -0.28   0.009   0.019
   50855.346    -0.264     0.511     0.375     -0.24   0.009   0.020
   50856.343    -0.266     0.322     0.367      0.10   0.006   0.019
   50857.341    -0.263     0.487     0.355     -0.24   0.008   0.019
   50858.338    -0.263     0.484     0.353     -0.24   0.008   0.019
   50859.335    -0.266     0.479     0.355     -0.23   0.008   0.019
   50860.332    -0.263     0.470     0.356     -0.21   0.008   0.019
   50861.329    -0.263     0.473     0.366     -0.20   0.008   0.019
   50862.327    -0.264     0.472     0.361     -0.20   0.008   0.019
   50863.324    -0.265     0.471     0.354     -0.22   0.008   0.019
   50864.321    -0.265     0.466     0.366     -0.19   0.008   0.019
   50865.318    -0.261     0.461     0.363     -0.18   0.008   0.019
   50866.315    -0.266     0.471     0.369     -0.19   0.008   0.019
   50867.313    -0.266     0.468     0.348     -0.23   0.008   0.018
   50868.311    -0.265     0.461     0.330     -0.26   0.008   0.017
   50869.308    -0.266     0.457     0.321     -0.27   0.008   0.017
   50870.305    -0.265     0.472     0.360     -0.21   0.008   0.019
   50871.303    -0.265     0.470     0.341     -0.25   0.008   0.018
   50872.300    -0.266     0.461     0.347     -0.22   0.008   0.018
   50873.297    -0.266     0.462     0.359     -0.19   0.008   0.019
   50874.297    -0.264     0.464     0.338     -0.24   0.008   0.018
   50875.291    -0.266     0.458     0.354     -0.20   0.008   0.019
   50876.289    -0.262     0.457     0.352     -0.20   0.008   0.019
   50877.286    -0.260     0.456     0.341     -0.22   0.008   0.018
   50878.283    -0.264     0.463     0.344     -0.23   0.008   0.018
   50879.280    -0.261     0.447     0.341     -0.21   0.008   0.018
   50880.277    -0.263     0.455     0.359     -0.18   0.008   0.019
   50881.275    -0.261     0.253     0.318      0.17   0.005   0.017
   50882.272    -0.263     0.482     0.352     -0.24   0.008   0.019
   50883.270    -0.269     0.457     0.346     -0.21   0.008   0.018
   50884.267    -0.266     0.463     0.339     -0.24   0.008   0.018
   50885.264    -0.266     0.469     0.345     -0.23   0.008   0.018
   50886.261    -0.266     0.468     0.328     -0.27   0.008   0.017
   50887.259    -0.264     0.459     0.338     -0.23   0.008   0.018
   50888.256    -0.264     0.465     0.335     -0.25   0.008   0.018
   50889.253    -0.265     0.458     0.345     -0.22   0.008   0.018
   50890.250    -0.266     0.248     0.359      0.28   0.005   0.019
   50891.248    -0.262     0.248     0.343      0.25   0.005   0.018
   50892.245    -0.263     0.464     0.353     -0.21   0.008   0.019
   50893.242    -0.261     0.444     0.343     -0.20   0.008   0.018
   50894.239    -0.263     0.439     0.335     -0.21   0.008   0.018
   50895.236    -0.264     0.446     0.332     -0.23   0.008   0.018
   50896.234    -0.265     0.453     0.339     -0.22   0.008   0.018
   50897.231    -0.265     0.448     0.340     -0.21   0.008   0.018
   50898.229    -0.261     0.446     0.343     -0.20   0.008   0.018
   50899.226    -0.263     0.444     0.342     -0.20   0.008   0.018
   50900.223    -0.263     0.260     0.337      0.20   0.005   0.018
   50901.221    -0.266     0.461     0.341     -0.23   0.008   0.018
   50902.218    -0.260     0.448     0.331     -0.23   0.008   0.018
   50904.212    -0.260     0.454     0.348     -0.20   0.008   0.018
   50904.212    -0.259     0.447     0.340     -0.21   0.008   0.018
   50905.209    -0.264     0.449     0.320     -0.26   0.008   0.017
   50906.207    -0.266     0.462     0.331     -0.25   0.008   0.018
   50907.204    -0.265     0.458     0.346     -0.22   0.008   0.018
   50908.201    -0.260     0.472     0.327     -0.28   0.008   0.017
   50909.198    -0.264     0.473     0.322     -0.29   0.008   0.017
   50910.195    -0.264     0.464     0.321     -0.28   0.008   0.017
   50911.193    -0.263     0.465     0.330     -0.26   0.008   0.017
   50912.190    -0.263     0.463     0.338     -0.24   0.008   0.018
   50913.188    -0.261     0.456     0.321     -0.27   0.008   0.017
   50914.185    -0.259     0.466     0.324     -0.28   0.008   0.017
   50915.182    -0.264     0.476     0.317     -0.31   0.008   0.017
   50916.180    -0.264     0.474     0.319     -0.30   0.008   0.017
   50917.177    -0.264     0.473     0.318     -0.30   0.008   0.017
   50918.174    -0.266     0.461     0.327     -0.26   0.008   0.017
   50919.171    -0.263     0.461     0.301     -0.33   0.008   0.016
   50920.169    -0.264     0.464     0.336     -0.25   0.008   0.018
   50921.166    -0.262     0.456     0.322     -0.27   0.008   0.017
   50922.163    -0.265     0.459     0.320     -0.28   0.008   0.017
   50923.160    -0.266     0.460     0.306     -0.31   0.008   0.016
   50924.157    -0.263     0.455     0.317     -0.28   0.008   0.017
   50925.155    -0.263     0.464     0.328     -0.27   0.008   0.017
   50926.152    -0.266     0.471     0.323     -0.29   0.008   0.017
   50927.149    -0.265     0.467     0.319     -0.29   0.008   0.017
   50928.146    -0.266     0.473     0.338     -0.26   0.008   0.018
   50929.144    -0.263     0.468     0.326     -0.28   0.008   0.017
   50930.142    -0.260     0.464     0.320     -0.28   0.008   0.017
   50931.139    -0.263     0.454     0.305     -0.31   0.008   0.016
   50932.136    -0.266     0.468     0.315     -0.30   0.008   0.017
   50933.133    -0.262     0.458     0.325     -0.26   0.008   0.017
   50934.130    -0.265     0.462     0.312     -0.30   0.008   0.017
   50935.128    -0.263     0.473     0.314     -0.31   0.008   0.017
   50936.125    -0.261     0.473     0.324     -0.29   0.008   0.017
   50937.122    -0.259     0.476     0.307     -0.34   0.008   0.016
   50938.119    -0.263     0.472     0.310     -0.32   0.008   0.017
   50939.117    -0.261     0.467     0.313     -0.31   0.008   0.017
   50940.114    -0.261     0.473     0.307     -0.33   0.008   0.016
   50941.111    -0.266     0.473     0.307     -0.33   0.008   0.016
   50942.108    -0.263     0.471     0.306     -0.33   0.008   0.016
   50943.105    -0.263     0.472     0.307     -0.33   0.008   0.016
   50944.104    -0.261     0.456     0.301     -0.32   0.008   0.016
   50945.101    -0.266     0.451     0.296     -0.32   0.008   0.016
   50946.098    -0.262     0.453     0.307     -0.30   0.008   0.016
   50947.095    -0.266     0.340     0.293     -0.11   0.006   0.016
   50948.092    -0.264     0.375     0.301     -0.17   0.007   0.016
   50949.089    -0.264     0.443     0.306     -0.28   0.008   0.016
   50950.087    -0.259     0.261     0.322      0.16   0.005   0.017
   50951.084    -0.261     0.440     0.308     -0.27   0.008   0.016
   50952.081    -0.261     0.440     0.304     -0.28   0.008   0.016
   50953.078    -0.263     0.440     0.294     -0.31   0.008   0.016
   50954.076    -0.259     0.262     0.297      0.10   0.005   0.016
   50955.073    -0.264     0.433     0.299     -0.28   0.007   0.016
   50956.070    -0.263     0.437     0.304     -0.28   0.008   0.016
   50957.067    -0.264     0.436     0.308     -0.27   0.008   0.016
   50958.064    -0.264     0.252     0.295      0.12   0.005   0.016
   50959.062    -0.263     0.430     0.325     -0.21   0.007   0.017
   50960.060    -0.263     0.427     0.311     -0.24   0.007   0.017
   50961.057    -0.265     0.377     0.303     -0.17   0.007   0.016
   50962.054    -0.263     0.254     0.298      0.12   0.005   0.016
   50963.051    -0.263     0.428     0.303     -0.26   0.007   0.016
   50964.048    -0.266     0.422     0.300     -0.26   0.007   0.016
   50965.046    -0.263     0.432     0.297     -0.29   0.007   0.016
   50966.043    -0.261     0.434     0.300     -0.28   0.007   0.016
   50967.040    -0.261     0.413     0.253     -0.38   0.007   0.014
   50968.037    -0.261     0.432     0.298     -0.28   0.007   0.016
   50969.035    -0.259     0.430     0.320     -0.23   0.007   0.017
   50970.032    -0.262     0.433     0.325     -0.22   0.007   0.017
   50971.029    -0.266     0.436     0.310     -0.26   0.008   0.017
   50972.026    -0.263     0.431     0.299     -0.28   0.007   0.016
   50974.021    -0.263     0.433     0.299     -0.28   0.007   0.016
   50975.019    -0.266     0.425     0.292     -0.29   0.007   0.016
   50976.016    -0.262     0.426     0.307     -0.25   0.007   0.016
   50977.013    -0.262     0.443     0.302     -0.29   0.008   0.016
   50978.010    -0.265     0.427     0.277     -0.33   0.007   0.015
   50979.008    -0.266     0.437     0.302     -0.28   0.008   0.016
   50980.005    -0.262     0.439     0.287     -0.33   0.008   0.015
   50981.002    -0.260     0.425     0.293     -0.28   0.007   0.016
   50981.999    -0.259     0.422     0.289     -0.29   0.007   0.016
   50982.997    -0.259     0.418     0.274     -0.32   0.007   0.015
   50983.994    -0.259     0.424     0.283     -0.31   0.007   0.015
   50984.991    -0.261     0.421     0.298     -0.26   0.007   0.016
   50985.988    -0.262     0.370     0.297     -0.17   0.007   0.016
   50986.985    -0.263     0.436     0.296     -0.30   0.008   0.016
   50987.982    -0.262     0.441     0.297     -0.30   0.008   0.016
   50988.980    -0.263     0.434     0.286     -0.32   0.007   0.015
   50989.978    -0.263     0.439     0.296     -0.30   0.008   0.016
   50990.975    -0.263     0.449     0.268     -0.40   0.008   0.015
   50991.972    -0.262     0.439     0.298     -0.30   0.008   0.016
   50992.969    -0.264     0.448     0.298     -0.31   0.008   0.016
   50993.967    -0.264     0.445     0.322     -0.25   0.008   0.017
   50994.964    -0.263     0.442     0.242     -0.46   0.008   0.013
   50995.961    -0.264     0.441     0.311     -0.27   0.008   0.017
   50996.958    -0.265     0.437     0.300     -0.29   0.008   0.016
   50997.955    -0.264     0.436     0.304     -0.28   0.008   0.016
   50998.953    -0.260     0.430     0.333     -0.20   0.007   0.018
   50999.950    -0.263     0.437     0.324     -0.23   0.008   0.017
   51000.947    -0.263     0.443     0.324     -0.24   0.008   0.017
   51001.944    -0.265     0.437     0.334     -0.21   0.008   0.018
   51002.941    -0.263     0.436     0.323     -0.23   0.008   0.017
   51003.939    -0.263     0.436     0.317     -0.24   0.008   0.017
   51004.937    -0.263     0.444     0.329     -0.23   0.008   0.017
   51005.934    -0.263     0.456     0.319     -0.27   0.008   0.017
   51006.931    -0.264     0.446     0.334     -0.22   0.008   0.018
   51007.929    -0.261     0.463     0.329     -0.26   0.008   0.017
   51008.926    -0.263     0.461     0.312     -0.30   0.008   0.017
   51009.923    -0.266     0.438     0.322     -0.24   0.008   0.017
   51010.920    -0.266     0.448     0.343     -0.20   0.008   0.018
   51011.917    -0.264     0.457     0.333     -0.24   0.008   0.018
   51012.915    -0.260     0.458     0.319     -0.28   0.008   0.017
   51013.912    -0.266     0.441     0.328     -0.23   0.008   0.017
   51014.909    -0.266     0.445     0.336     -0.22   0.008   0.018
   51015.906    -0.264     0.446     0.338     -0.21   0.008   0.018
   51016.903    -0.265     0.459     0.332     -0.25   0.008   0.018
   51017.900    -0.266     0.444     0.179     -0.70   0.008   0.011
   51018.898    -0.265     0.433     0.334     -0.20   0.007   0.018
   51019.896    -0.265     0.437     0.275     -0.35   0.008   0.015
   51020.893    -0.262     0.450     0.318     -0.27   0.008   0.017
   51021.890    -0.265     0.437     0.314     -0.25   0.008   0.017
   51022.887    -0.265     0.430     0.336     -0.19   0.007   0.018
   51023.885    -0.263     0.441     0.334     -0.21   0.008   0.018
   51024.882    -0.265     0.429     0.322     -0.22   0.007   0.017
   51025.879    -0.263     0.439     0.327     -0.23   0.008   0.017
   51026.876    -0.263     0.438     0.319     -0.24   0.008   0.017
   51027.874    -0.262     0.446     0.311     -0.28   0.008   0.017
   51028.871    -0.263     0.441     0.313     -0.26   0.008   0.017
   51029.868    -0.265     0.441     0.312     -0.26   0.008   0.017
   51030.865    -0.266     0.454     0.310     -0.29   0.008   0.017
   51031.862    -0.265     0.459     0.306     -0.31   0.008   0.016
   51032.860    -0.265     0.440     0.310     -0.27   0.008   0.017
   51033.857    -0.262     0.450     0.328     -0.24   0.008   0.017
   51034.854    -0.262     0.442     0.326     -0.23   0.008   0.017
   51035.852    -0.262     0.440     0.325     -0.23   0.008   0.017
   51036.849    -0.265     0.444     0.333     -0.22   0.008   0.018
   51037.847    -0.262     0.442     0.323     -0.24   0.008   0.017
   51038.844    -0.263     0.441     0.327     -0.23   0.008   0.017
   51039.841    -0.265     0.445     0.305     -0.29   0.008   0.016
   51040.838    -0.265     0.351     0.277     -0.18   0.006   0.015
   51041.835    -0.263     0.439     0.355     -0.16   0.008   0.019
   51044.827    -0.263     0.430     0.343     -0.17   0.007   0.018
   51045.824    -0.262     0.437     0.367     -0.13   0.008   0.019
   51046.821    -0.263     0.442     0.296     -0.31   0.008   0.016
   51047.819    -0.261     0.452     0.346     -0.20   0.008   0.018
   51048.816    -0.263     0.436     0.273     -0.36   0.008   0.015
   51049.813    -0.263     0.437     0.254     -0.42   0.008   0.014
   51050.811    -0.263     0.431     0.203     -0.58   0.007   0.012
   51051.808    -0.265     0.445     0.342     -0.20   0.008   0.018
   51052.806    -0.264     0.439     0.322     -0.24   0.008   0.017
   51053.803    -0.267     0.458     0.322     -0.27   0.008   0.017
   51054.800    -0.265     0.450     0.321     -0.26   0.008   0.017
   51055.797    -0.260     0.451     0.316     -0.27   0.008   0.017
   51056.794    -0.264     0.454     0.305     -0.31   0.008   0.016
   51057.792    -0.264     0.452     0.325     -0.25   0.008   0.017
   51058.789    -0.263     0.471     0.335     -0.26   0.008   0.018
   51060.783    -0.266     0.468     0.324     -0.28   0.008   0.017
   51061.780    -0.264     0.468     0.333     -0.26   0.008   0.018
   51062.778    -0.263     0.448     0.307     -0.29   0.008   0.016
   51064.772    -0.263     0.444     0.307     -0.28   0.008   0.016
   51068.762    -0.259     0.424     0.313     -0.23   0.007   0.017
   51069.759    -0.262     0.438     0.310     -0.26   0.008   0.017
   51070.756    -0.266     0.475     0.373     -0.19   0.008   0.020
   51074.745    -0.265     0.410     0.322     -0.19   0.007   0.017
   51075.742    -0.261     0.449     0.316     -0.27   0.008   0.017
   51076.740    -0.265     0.442     0.320     -0.25   0.008   0.017
   51077.737    -0.262     0.453     0.322     -0.26   0.008   0.017
   51078.734    -0.263     0.443     0.315     -0.26   0.008   0.017
   51079.731    -0.266     0.439     0.305     -0.28   0.008   0.016
   51081.727    -0.262     0.428     0.308     -0.25   0.007   0.016
   51082.724    -0.262     0.393     0.316     -0.17   0.007   0.017
   51083.721    -0.262     0.423     0.296     -0.27   0.007   0.016
   51084.718    -0.262     0.420     0.296     -0.27   0.007   0.016
   51085.716    -0.261     0.447     0.337     -0.22   0.008   0.018
   51089.704    -0.263     0.410     0.305     -0.23   0.007   0.016
   51090.701    -0.265     0.426     0.300     -0.27   0.007   0.016
   51091.699    -0.263     0.365     0.292     -0.17   0.007   0.016
   51092.696    -0.266     0.420     0.232     -0.46   0.007   0.013
   51093.693    -0.264     0.415     0.313     -0.22   0.007   0.017
   51095.688    -0.264     0.407     0.286     -0.27   0.007   0.015
   51096.686    -0.265     0.078     0.042     -0.47   0.004   0.006
   51097.683    -0.264     0.434     0.286     -0.32   0.007   0.015
   51098.680    -0.264     0.432     0.296     -0.29   0.007   0.016
   51099.677    -0.264     0.446     0.299     -0.31   0.008   0.016
   51100.674    -0.264     0.433     0.293     -0.30   0.007   0.016
   51102.669    -0.261     0.442     0.312     -0.27   0.008   0.017
   51103.666    -0.263     0.439     0.293     -0.31   0.008   0.016
   51104.663    -0.261     0.438     0.301     -0.29   0.008   0.016
   51105.661    -0.262     0.438     0.300     -0.29   0.008   0.016
   51106.658    -0.262     0.435     0.296     -0.29   0.008   0.016
   51107.655    -0.262     0.442     0.307     -0.28   0.008   0.016
   51109.649    -0.266     0.436     0.299     -0.29   0.008   0.016
   51110.646    -0.264     0.439     0.304     -0.28   0.008   0.016
   51111.645    -0.263     0.435     0.309     -0.26   0.008   0.016
   51112.642    -0.266     0.438     0.308     -0.27   0.008   0.016
   51113.639    -0.262     0.416     0.295     -0.26   0.007   0.016
   51114.636    -0.264     0.432     0.302     -0.27   0.007   0.016
   51117.628    -0.264     0.418     0.291     -0.28   0.007   0.016
   51118.625    -0.266     0.411     0.311     -0.21   0.007   0.017
   51119.622    -0.261     0.422     0.322     -0.21   0.007   0.017
   51120.620    -0.262     0.390     0.284     -0.24   0.007   0.015
   51121.617    -0.266     0.417     0.305     -0.24   0.007   0.016
   51123.611    -0.263     0.407     0.291     -0.26   0.007   0.016
   51124.608    -0.266     0.414     0.308     -0.23   0.007   0.016
   51125.606    -0.264     0.395     0.322     -0.16   0.007   0.017
   51126.604    -0.265     0.439     0.310     -0.27   0.008   0.017
   51127.601    -0.266     0.424     0.312     -0.23   0.007   0.017
   51128.598    -0.263     0.431     0.295     -0.29   0.007   0.016
   51129.595    -0.266     0.413     0.318     -0.20   0.007   0.017
   51130.592    -0.267     0.417     0.300     -0.25   0.007   0.016
   51131.590    -0.264     0.416     0.298     -0.26   0.007   0.016
   51132.587    -0.264     0.428     0.316     -0.23   0.007   0.017
   51133.584    -0.265     0.399     0.313     -0.19   0.007   0.017
   51138.570    -0.264     0.439     0.334     -0.21   0.008   0.018
   51139.567    -0.269     0.372     0.191     -0.51   0.007   0.011
   51140.564    -0.269     0.377     0.180     -0.57   0.007   0.011
   51142.560    -0.265     0.400     0.185     -0.59   0.007   0.011
   51144.555    -0.262     0.439     0.319     -0.25   0.008   0.017
   51145.552    -0.263     0.430     0.330     -0.20   0.007   0.017
   51146.549    -0.263     0.413     0.331     -0.17   0.007   0.018
   51147.546    -0.263     0.421     0.327     -0.19   0.007   0.017
   51148.543    -0.266     0.409     0.309     -0.22   0.007   0.016
   51149.540    -0.263     0.366     0.184     -0.53   0.007   0.011
   51150.538    -0.265     0.414     0.313     -0.21   0.007   0.017
   51151.535    -0.264     0.414     0.327     -0.18   0.007   0.017
   51152.532    -0.266     0.415     0.319     -0.20   0.007   0.017
   51153.529    -0.265     0.413     0.327     -0.18   0.007   0.017
   51154.526    -0.264     0.412     0.330     -0.17   0.007   0.017
   51155.524    -0.263     0.419     0.342     -0.16   0.007   0.018
   51156.521    -0.263     0.393     0.337     -0.12   0.007   0.018
   51157.519    -0.266     0.383     0.184     -0.56   0.007   0.011
   51158.516    -0.265     0.407     0.317     -0.19   0.007   0.017
   51159.513    -0.264     0.398     0.333     -0.14   0.007   0.018
   51160.511    -0.265     0.422     0.264     -0.36   0.007   0.014
   51161.508    -0.265     0.396     0.263     -0.31   0.007   0.014
   51162.505    -0.268     0.354     0.182     -0.51   0.006   0.011
   51163.502    -0.265     0.397     0.225     -0.44   0.007   0.013
   51164.500    -0.264     0.420     0.308     -0.24   0.007   0.016
   51165.497    -0.265     0.413     0.289     -0.27   0.007   0.016
   51166.494    -0.266     0.400     0.270     -0.30   0.007   0.015
   51167.491    -0.266     0.429     0.319     -0.23   0.007   0.017
   51168.488    -0.264     0.438     0.328     -0.22   0.008   0.017
   51169.485    -0.266     0.460     0.306     -0.31   0.008   0.016
   51170.483    -0.267     0.380     0.185     -0.55   0.007   0.011
   51174.473    -0.264     0.277     0.181     -0.33   0.006   0.011
   51175.470    -0.264     0.261     0.187     -0.25   0.005   0.011
   51176.467    -0.266     0.453     0.308     -0.30   0.008   0.016
   51177.464    -0.263     0.450     0.326     -0.25   0.008   0.017
   51178.461    -0.269     0.433     0.326     -0.22   0.007   0.017
   51182.450    -0.267     0.426     0.335     -0.18   0.007   0.018
   51183.447    -0.263     0.430     0.346     -0.17   0.007   0.018
   51184.445    -0.266     0.405     0.305     -0.22   0.007   0.016
   51190.429    -0.267     0.426     0.335     -0.18   0.007   0.018
   51191.426    -0.265     0.440     0.365     -0.14   0.008   0.019
   51192.423    -0.264     0.432     0.348     -0.17   0.007   0.018
   51193.420    -0.265     0.449     0.359     -0.17   0.008   0.019
   51194.418    -0.263     0.441     0.348     -0.18   0.008   0.018
   51197.409    -0.263     0.287     0.336      0.12   0.006   0.018
   51198.407    -0.263     0.292     0.350      0.14   0.006   0.018
   51199.404    -0.267     0.297     0.333      0.09   0.006   0.018
   51200.401    -0.266     0.396     0.326     -0.15   0.007   0.017
   51201.398    -0.263     0.409     0.326     -0.17   0.007   0.017
   51202.396    -0.264     0.384     0.316     -0.15   0.007   0.017
   51204.391    -0.266     0.439     0.335     -0.21   0.008   0.018
   51205.388    -0.264     0.427     0.333     -0.19   0.007   0.018
   51206.385    -0.262     0.430     0.329     -0.20   0.007   0.017
   51207.382    -0.265     0.434     0.356     -0.15   0.007   0.019
