   50410.591    -0.451     5.541     2.228     -0.70   0.083   0.112
   50412.586    -0.450     5.776     2.153     -0.76   0.087   0.108
   50413.583    -0.452     5.559     2.243     -0.69   0.083   0.112
   50414.521    -1.867     5.536     2.075     -0.75   0.083   0.104
   50424.494    -1.867     5.515     2.144     -0.72   0.083   0.107
   50425.491    -1.868     5.502     2.048     -0.76   0.083   0.103
   50426.489    -1.865     5.523     2.038     -0.76   0.083   0.102
   50427.540    -0.558     5.591     2.208     -0.71   0.084   0.111
   50428.542    -0.454     5.550     2.188     -0.71   0.083   0.110
   50429.539    -0.453     5.582     2.228     -0.70   0.084   0.112
   50430.536    -0.453     5.573     2.277     -0.69   0.084   0.114
   50431.534    -0.451     5.553     2.177     -0.72   0.083   0.109
   50434.525    -0.451     5.569     2.174     -0.72   0.084   0.109
   50435.523    -0.451     5.560     2.186     -0.71   0.083   0.109
   50437.518    -0.450     5.549     2.206     -0.71   0.083   0.110
   50438.514    -0.481     5.575     2.161     -0.73   0.084   0.108
   50439.511    -0.481     5.652     2.168     -0.73   0.085   0.109
   50440.508    -0.485     5.543    -1.000    -10.00   0.083   0.000
   50441.505    -0.486     5.552     2.217     -0.70   0.083   0.111
   50444.497    -0.482     5.573     2.201     -0.71   0.084   0.110
   50446.492    -0.481     5.566     2.239     -0.70   0.084   0.112
   50447.489    -0.487     5.535     2.177     -0.71   0.083   0.109
   50455.467    -0.479     5.556     2.157     -0.73   0.083   0.108
   50456.465    -0.481     5.612     2.163     -0.73   0.084   0.108
   50457.462    -0.481     5.262    -1.000    -10.00   0.079   0.000
   50458.459    -0.479     5.565     2.202     -0.71   0.084   0.110
   50459.456    -0.484     5.626     2.105     -0.75   0.084   0.105
   50460.453    -0.482     5.590     2.191     -0.72   0.084   0.110
   50461.451    -0.482     5.600     2.168     -0.73   0.084   0.109
   50462.448    -0.482     5.604     2.165     -0.73   0.084   0.108
   50463.445    -0.486     5.614     2.157     -0.73   0.084   0.108
   50465.440    -0.478     5.594     2.169     -0.73   0.084   0.109
   50466.438    -0.479     5.572     2.170     -0.72   0.084   0.109
   50467.430    -0.605     5.643     2.182     -0.73   0.085   0.109
   50468.432    -0.483     5.575     2.166     -0.72   0.084   0.108
   50470.426    -0.487     5.588     2.200     -0.71   0.084   0.110
   50471.423    -0.487     5.558     2.228     -0.70   0.083   0.112
   50472.421    -0.481     5.550     2.159     -0.72   0.083   0.108
   50473.418    -0.483     5.540     2.156     -0.72   0.083   0.108
   50474.415    -0.485     5.586     2.191     -0.72   0.084   0.110
   50475.412    -0.483     5.555     2.171     -0.72   0.083   0.109
   50477.407    -0.487     5.554     2.185     -0.71   0.083   0.109
   50478.404    -0.480     5.560     2.169     -0.72   0.083   0.109
   50479.401    -0.487     5.563     2.161     -0.72   0.084   0.108
   50480.398    -0.483     5.576     2.177     -0.72   0.084   0.109
   50481.396    -0.487     5.598     2.187     -0.72   0.084   0.109
   50482.394    -0.486     5.580     2.183     -0.72   0.084   0.109
   50483.391    -0.487     5.559     2.173     -0.72   0.083   0.109
   50484.388    -0.482     5.543     2.244     -0.69   0.083   0.112
   50485.385    -0.485     5.555     2.210     -0.71   0.083   0.111
   50486.383    -0.485     5.548     2.188     -0.71   0.083   0.110
   50490.371    -0.485     5.593     2.228     -0.70   0.084   0.112
   50491.369    -0.483     5.586     2.200     -0.71   0.084   0.110
   50492.366    -0.483     5.600     2.169     -0.73   0.084   0.109
   50494.360    -0.481     5.598     2.167     -0.73   0.084   0.108
   50495.357    -0.484     5.598     2.159     -0.73   0.084   0.108
   50496.355    -0.482     5.592     2.184     -0.72   0.084   0.109
   50497.353    -0.483     5.583     2.170     -0.72   0.084   0.109
   50498.350    -0.483     5.574     2.158     -0.73   0.084   0.108
   50499.347    -0.484     5.594     2.186     -0.72   0.084   0.109
   50500.344    -0.486     5.587     2.187     -0.72   0.084   0.109
   50501.342    -0.482     5.564     2.201     -0.71   0.084   0.110
   50502.339    -0.488     5.587     2.188     -0.72   0.084   0.110
   50503.336    -0.487     5.569     2.169     -0.72   0.084   0.109
   50504.333    -0.486     5.584     2.139     -0.74   0.084   0.107
   50505.330    -0.486     5.606     2.218     -0.71   0.084   0.111
   50506.328    -0.483     5.580     2.246     -0.70   0.084   0.112
   50507.325    -0.481     5.610     2.215     -0.71   0.084   0.111
   50508.322    -0.483     5.554     2.125     -0.74   0.083   0.106
   50509.319    -0.484     5.599     2.197     -0.72   0.084   0.110
   50510.316    -0.487     5.556     2.228     -0.70   0.083   0.112
   50511.314    -0.480     5.559     2.165     -0.72   0.083   0.108
   50512.312    -0.485     5.604     2.237     -0.70   0.084   0.112
   50515.303    -0.485     5.599     2.168     -0.73   0.084   0.109
   50516.301    -0.482     5.620     2.208     -0.72   0.084   0.111
   50517.298    -0.485     5.559    -1.000    -10.00   0.083   0.000
   50518.295    -0.488     5.605     2.140     -0.74   0.084   0.107
   50520.290    -0.480     5.620     2.192     -0.72   0.084   0.110
   50521.287    -0.485     5.581     2.235     -0.70   0.084   0.112
   50522.284    -0.483     5.588     2.219     -0.71   0.084   0.111
   50523.281    -0.485     5.603     2.126     -0.74   0.084   0.106
   50524.278    -0.480     5.602     2.152     -0.73   0.084   0.108
   50525.275    -0.486     5.612     2.246     -0.70   0.084   0.112
   50526.273    -0.487     5.568     2.119     -0.74   0.084   0.106
   50527.271    -0.480     5.573     2.190     -0.72   0.084   0.110
   50528.268    -0.483     5.591     2.181     -0.72   0.084   0.109
   50529.265    -0.481     5.576     2.186     -0.72   0.084   0.109
   50530.263    -0.485     5.566     2.147     -0.73   0.084   0.108
   50533.254    -0.487     5.488     1.799     -0.85   0.082   0.090
   50535.249    -0.486     5.555     2.150     -0.73   0.083   0.108
   50536.246    -0.481     5.569     2.172     -0.72   0.084   0.109
   50537.243    -0.485     5.602     2.171     -0.73   0.084   0.109
   50538.240    -0.482     5.557     2.215     -0.70   0.083   0.111
   50539.237    -0.484     5.553     2.175     -0.72   0.083   0.109
   50540.235    -0.486     5.611     2.155     -0.73   0.084   0.108
   50541.232    -0.482     5.605     2.157     -0.73   0.084   0.108
   50542.229    -0.488     5.614     2.184     -0.72   0.084   0.109
   50543.227    -0.483     5.585     2.188     -0.72   0.084   0.110
   50544.225    -0.482     5.587     2.156     -0.73   0.084   0.108
   50545.222    -0.480     5.560     2.169     -0.72   0.083   0.109
   50546.219    -0.483     5.583     2.134     -0.74   0.084   0.107
   50547.216    -0.480     5.566     2.142     -0.73   0.084   0.107
   50549.211    -0.481     5.605     2.166     -0.73   0.084   0.108
   50550.208    -0.486     5.615     2.245     -0.70   0.084   0.112
   50551.205    -0.481     5.561     2.259     -0.69   0.083   0.113
   50553.199    -0.482     5.598     2.147     -0.73   0.084   0.108
   50555.194    -0.484     5.576     2.168     -0.72   0.084   0.109
   50556.191    -0.485     5.560     2.164     -0.72   0.083   0.108
   50557.188    -0.486     5.575     2.145     -0.73   0.084   0.107
   50558.186    -0.483     5.581     2.136     -0.74   0.084   0.107
   50559.184    -0.483     5.592     2.190     -0.72   0.084   0.110
   50560.181    -0.483     5.542     2.188     -0.71   0.083   0.110
   50562.175    -0.483     5.583     2.164     -0.73   0.084   0.108
   50563.172    -0.481     5.571     2.179     -0.72   0.084   0.109
   50564.170    -0.482     5.573     2.150     -0.73   0.084   0.108
   50565.167    -0.482     5.587     2.238     -0.70   0.084   0.112
   50566.164    -0.487     5.600     2.252     -0.70   0.084   0.113
   50567.161    -0.482     5.567     2.199     -0.71   0.084   0.110
   50569.156    -0.484     5.571     2.201     -0.71   0.084   0.110
   50570.153    -0.484     5.605     2.234     -0.70   0.084   0.112
   50571.150    -0.483     5.593     2.175     -0.72   0.084   0.109
   50572.147    -0.484     5.576     2.082     -0.75   0.084   0.104
   50573.145    -0.483     5.590     2.167     -0.73   0.084   0.108
   50574.142    -0.486     5.589     2.183     -0.72   0.084   0.109
   50575.140    -0.486     5.598     2.212     -0.71   0.084   0.111
   50576.137    -0.483     5.568     2.181     -0.72   0.084   0.109
   50577.134    -0.481     5.570     2.205     -0.71   0.084   0.110
   50578.131    -0.483     5.570     2.173     -0.72   0.084   0.109
   50579.129    -0.484     5.579     2.206     -0.71   0.084   0.110
   50580.126    -0.480     5.593     2.173     -0.72   0.084   0.109
   50581.123    -0.483     5.559     2.189     -0.71   0.083   0.110
   50582.120    -0.481     5.524     2.131     -0.73   0.083   0.107
   50583.117    -0.482     5.555     2.194     -0.71   0.083   0.110
   50584.115    -0.481     5.592     2.163     -0.73   0.084   0.108
   50585.112    -0.487     5.577     2.182     -0.72   0.084   0.109
   50587.106    -0.483     5.569     2.197     -0.71   0.084   0.110
   50589.102    -0.481     5.559     2.148     -0.73   0.083   0.108
   50590.099    -0.484     5.590     2.160     -0.73   0.084   0.108
   50591.096    -0.487     5.600     2.168     -0.73   0.084   0.109
   50592.093    -0.482     5.610     2.194     -0.72   0.084   0.110
   50593.091    -0.481     5.589     2.216     -0.71   0.084   0.111
   50594.088    -0.484     5.566     2.207     -0.71   0.084   0.110
   50595.085    -0.486     5.555     2.174     -0.72   0.083   0.109
   50596.082    -0.482     5.557     2.136     -0.73   0.083   0.107
   50597.079    -0.486     5.590     2.162     -0.73   0.084   0.108
   50598.077    -0.483     5.601     2.163     -0.73   0.084   0.108
   50599.074    -0.484     5.592     2.184     -0.72   0.084   0.109
   50600.071    -0.483     5.598     2.275     -0.69   0.084   0.114
   50601.068    -0.482     5.590     2.263     -0.69   0.084   0.113
   50602.065    -0.486     5.609     2.223     -0.71   0.084   0.111
   50603.062    -0.484     5.557     2.155     -0.73   0.083   0.108
   50604.061    -0.483     5.594     2.174     -0.72   0.084   0.109
   50605.058    -0.486     5.577     2.163     -0.73   0.084   0.108
   50606.055    -0.484     5.558     2.165     -0.72   0.083   0.108
   50607.052    -0.483     5.568     2.175     -0.72   0.084   0.109
   50608.050    -0.482     5.474     2.160     -0.71   0.082   0.108
   50609.047    -0.480     5.551     2.159     -0.72   0.083   0.108
   50610.044    -0.480     5.569     2.140     -0.73   0.084   0.107
   50611.041    -0.480     5.594     2.227     -0.71   0.084   0.111
   50612.038    -0.484     5.586     2.201     -0.71   0.084   0.110
   50613.035    -0.485     5.601     2.244     -0.70   0.084   0.112
   50614.033    -0.480     5.592     2.255     -0.70   0.084   0.113
   50615.030    -0.484     5.580     2.187     -0.72   0.084   0.109
   50616.027    -0.487     5.552     2.160     -0.72   0.083   0.108
   50617.024    -0.487     5.565     2.172     -0.72   0.084   0.109
   50618.022    -0.482     5.571     2.173     -0.72   0.084   0.109
   50619.020    -0.483     5.573     2.198     -0.71   0.084   0.110
   50620.017    -0.481     5.572     2.183     -0.72   0.084   0.109
   50621.014    -0.481     5.577     2.184     -0.72   0.084   0.109
   50622.011    -0.487     5.586     2.212     -0.71   0.084   0.111
   50623.009    -0.484     5.564     2.176     -0.72   0.084   0.109
   50624.006    -0.483     5.553     2.184     -0.71   0.083   0.109
   50625.003    -0.478     5.578     2.218     -0.71   0.084   0.111
   50626.998    -0.476     5.578     2.198     -0.71   0.084   0.110
   50627.995    -0.480     5.580     2.188     -0.72   0.084   0.110
   50628.992    -0.487     5.588     2.218     -0.71   0.084   0.111
   50631.983    -0.482     5.573     2.274     -0.69   0.084   0.114
   50632.980    -0.487     5.583     2.281     -0.69   0.084   0.114
   50633.979    -0.481     5.569     2.222     -0.70   0.084   0.111
   50634.976    -0.487     5.563     2.169     -0.72   0.084   0.109
   50635.973    -0.482     5.555     2.194     -0.71   0.083   0.110
   50636.970    -0.482     5.514     2.171     -0.71   0.083   0.109
   50637.968    -0.485     5.542     2.184     -0.71   0.083   0.109
   50638.965    -0.483     5.563     2.177     -0.72   0.084   0.109
   50639.962    -0.486     5.544     2.191     -0.71   0.083   0.110
   50640.959    -0.481     5.516     2.174     -0.71   0.083   0.109
   50641.956    -0.482     5.525     2.173     -0.71   0.083   0.109
   50642.954    -0.480     5.513     2.162     -0.72   0.083   0.108
   50643.951    -0.480     5.533     2.172     -0.72   0.083   0.109
   50644.948    -0.485     5.548     2.205     -0.71   0.083   0.110
   50645.945    -0.482     5.554     2.181     -0.72   0.083   0.109
   50646.942    -0.485     5.555     2.227     -0.70   0.083   0.111
   50647.940    -0.485     5.547     2.215     -0.70   0.083   0.111
   50648.938    -0.484     5.541     2.188     -0.71   0.083   0.110
   50649.935    -0.483     5.537     2.173     -0.72   0.083   0.109
   50650.932    -0.480     5.538     2.188     -0.71   0.083   0.110
   50651.930    -0.483     5.567    -1.000    -10.00   0.084   0.000
   50652.927    -0.484     5.568     2.158     -0.73   0.084   0.108
   50654.921    -0.486     5.522     2.167     -0.72   0.083   0.108
   50655.918    -0.480     5.526     2.169     -0.72   0.083   0.109
   50656.916    -0.484     5.537     2.201     -0.71   0.083   0.110
   50657.913    -0.486     5.511     2.086     -0.74   0.083   0.104
   50658.910    -0.483     5.557     2.165     -0.72   0.083   0.108
   50659.907    -0.484     5.545     2.158     -0.72   0.083   0.108
   50660.904    -0.481     5.530     2.169     -0.72   0.083   0.109
   50661.902    -0.480     5.533     2.174     -0.72   0.083   0.109
   50662.899    -0.484     5.540     2.165     -0.72   0.083   0.108
   50663.896    -0.484     5.518     2.155     -0.72   0.083   0.108
   50664.894    -0.480     5.543     2.206     -0.71   0.083   0.110
   50665.892    -0.480     5.542     2.170     -0.72   0.083   0.109
   50666.889    -0.481     5.519     2.166     -0.72   0.083   0.108
   50667.886    -0.483     5.519     2.180     -0.71   0.083   0.109
   50668.883    -0.481     5.521     2.158     -0.72   0.083   0.108
   50669.880    -0.481     5.534     2.144     -0.73   0.083   0.107
   50670.877    -0.482     5.540     2.178     -0.71   0.083   0.109
   50671.875    -0.485     5.498     2.047     -0.76   0.083   0.103
   50672.872    -0.480     5.347     2.173     -0.69   0.080   0.109
   50673.869    -0.486     5.588     2.184     -0.72   0.084   0.109
   50674.866    -0.481     5.555     2.207     -0.71   0.083   0.110
   50675.864    -0.480     5.537     2.184     -0.71   0.083   0.109
   50676.861    -0.485     5.549     2.196     -0.71   0.083   0.110
   50677.858    -0.483     5.541     2.151     -0.73   0.083   0.108
   50678.855    -0.481     5.570     2.233     -0.70   0.084   0.112
   50679.853    -0.483     5.560     2.260     -0.69   0.083   0.113
   50680.850    -0.481     5.531     2.018     -0.77   0.083   0.101
   50681.848    -0.481     5.530     2.232     -0.69   0.083   0.112
   50682.845    -0.481     5.558     2.192     -0.71   0.083   0.110
   50683.842    -0.481     5.543     2.156     -0.72   0.083   0.108
   50684.839    -0.483     5.513     2.132     -0.73   0.083   0.107
   50685.836    -0.485     5.536     2.183     -0.71   0.083   0.109
   50686.834    -0.484     5.523     2.206     -0.70   0.083   0.110
   50687.831    -0.486     5.522     2.116     -0.74   0.083   0.106
   50688.828    -0.484     5.541     2.220     -0.70   0.083   0.111
   50689.825    -0.485     5.529     2.161     -0.72   0.083   0.108
   50690.823    -0.480     5.537     2.213     -0.70   0.083   0.111
   50691.820    -0.483     5.524     2.177     -0.71   0.083   0.109
   50692.817    -0.482     5.512     2.188     -0.71   0.083   0.110
   50693.814    -0.484     5.509     2.205     -0.70   0.083   0.110
   50694.812    -0.484     5.549     2.210     -0.70   0.083   0.111
   50697.804    -0.481     5.529     2.194     -0.71   0.083   0.110
   50698.801    -0.482     5.513     2.187     -0.71   0.083   0.109
   50699.798    -0.482     5.522     2.188     -0.71   0.083   0.110
   50701.793    -0.480     5.548     2.173     -0.72   0.083   0.109
   50702.790    -0.483     5.535     2.216     -0.70   0.083   0.111
   50703.787    -0.480     5.516     2.181     -0.71   0.083   0.109
   50704.784    -0.481     5.508     2.194     -0.70   0.083   0.110
   50705.781    -0.485     5.493     2.167     -0.71   0.082   0.108
   50706.779    -0.480     5.525     2.180     -0.71   0.083   0.109
   50708.773    -0.484     5.525     2.088     -0.75   0.083   0.105
   50709.771    -0.484     5.522     2.165     -0.72   0.083   0.108
   50710.769    -0.482     5.515     2.189     -0.71   0.083   0.110
   50711.766    -0.483     5.517     2.168     -0.72   0.083   0.109
   50712.763    -0.480     5.533     2.181     -0.71   0.083   0.109
   50713.760    -0.482     5.531     2.175     -0.71   0.083   0.109
   50715.755    -0.484     5.556     2.205     -0.71   0.083   0.110
   50716.752    -0.481     5.524     2.152     -0.72   0.083   0.108
   50717.749    -0.483     5.495     2.168     -0.71   0.083   0.109
   50718.746    -0.482     5.539     2.179     -0.71   0.083   0.109
   50719.743    -0.482     5.564     2.025     -0.77   0.084   0.101
   50720.741    -0.479     5.581     2.230     -0.70   0.084   0.112
   50721.738    -0.482     5.567     2.224     -0.70   0.084   0.111
   50722.735    -0.485     5.606     2.192     -0.72   0.084   0.110
   50723.732    -0.485     5.520     2.120     -0.73   0.083   0.106
   50724.729    -0.482     5.524     2.162     -0.72   0.083   0.108
   50725.728    -0.482     5.484     2.131     -0.72   0.082   0.107
   50726.725    -0.481     5.507     2.122     -0.73   0.083   0.106
   50727.722    -0.481     5.489     2.105     -0.73   0.082   0.105
   50729.716    -0.486     5.540     2.145     -0.73   0.083   0.107
   50730.714    -0.483     5.544     2.181     -0.71   0.083   0.109
   50731.711    -0.483     5.537     2.214     -0.70   0.083   0.111
   50732.708    -0.483     5.502     2.097     -0.74   0.083   0.105
   50733.705    -0.483     5.516     2.140     -0.73   0.083   0.107
   50734.702    -0.483     5.523     2.144     -0.73   0.083   0.107
   50736.697    -0.481     5.521     2.164     -0.72   0.083   0.108
   50737.694    -0.486     5.549     2.188     -0.71   0.083   0.110
   50738.691    -0.485     5.541     2.134     -0.73   0.083   0.107
   50739.688    -0.482     5.532     2.176     -0.71   0.083   0.109
   50740.687    -0.481     5.538     2.171     -0.72   0.083   0.109
   50741.684    -0.483     5.536     2.203     -0.71   0.083   0.110
   50743.678    -0.481     5.534     2.156     -0.72   0.083   0.108
   50744.675    -0.483     5.538     2.145     -0.73   0.083   0.107
   50745.673    -0.487     5.568     2.185     -0.72   0.084   0.109
   50746.670    -0.483     5.541     2.180     -0.71   0.083   0.109
   50747.667    -0.485     5.596     2.174     -0.72   0.084   0.109
   50748.664    -0.484     5.561     2.237     -0.70   0.083   0.112
   50749.661    -0.486     5.518     2.184     -0.71   0.083   0.109
   50750.659    -0.486     5.498     2.093     -0.74   0.083   0.105
   50751.656    -0.479     5.498     2.124     -0.73   0.083   0.106
   50752.653    -0.483     5.528     2.128     -0.73   0.083   0.107
   50753.650    -0.482     5.554     2.141     -0.73   0.083   0.107
   50754.648    -0.480     5.557     2.249     -0.69   0.083   0.113
   50755.646    -0.485     5.483     2.162     -0.71   0.082   0.108
   50757.640    -0.487     5.566     2.175     -0.72   0.084   0.109
   50759.634    -0.486     5.604     2.220     -0.71   0.084   0.111
   50761.629    -0.483     5.542     2.185     -0.71   0.083   0.109
   50762.626    -0.481     5.552     2.204     -0.71   0.083   0.110
   50764.621    -0.481     5.569     2.204     -0.71   0.084   0.110
   50765.618    -0.482     5.565     2.200     -0.71   0.084   0.110
   50766.615    -0.483     5.559     2.250     -0.69   0.083   0.113
   50767.612    -0.480     5.579     2.197     -0.71   0.084   0.110
   50768.609    -0.482     5.576     2.203     -0.71   0.084   0.110
   50769.607    -0.481     5.468    -1.000    -10.00   0.082   0.000
   50771.602    -0.483     5.544     2.181     -0.71   0.083   0.109
   50772.599    -0.481     5.524     2.168     -0.72   0.083   0.109
   50773.596    -0.482     5.543     2.213     -0.70   0.083   0.111
   50774.594    -0.483     5.552     2.175     -0.72   0.083   0.109
   50775.591    -0.482     5.567     2.212     -0.71   0.084   0.111
   50776.588    -0.485     5.576     2.203     -0.71   0.084   0.110
   50777.585    -0.483     5.556     2.170     -0.72   0.083   0.109
   50778.583    -0.481     5.541     2.141     -0.73   0.083   0.107
   50780.577    -0.484     5.551     2.197     -0.71   0.083   0.110
   50781.574    -0.481     5.563     2.171     -0.72   0.084   0.109
   50782.571    -0.482     5.554     2.113     -0.74   0.083   0.106
   50783.568    -0.484     5.594     2.224     -0.71   0.084   0.111
   50785.563    -0.486     5.568     2.192     -0.71   0.084   0.110
   50786.561    -0.473     5.571     2.236     -0.70   0.084   0.112
   50787.558    -0.482     5.574     2.199     -0.71   0.084   0.110
   50788.556    -0.481     5.581     2.175     -0.72   0.084   0.109
   50789.553    -0.482     5.577     2.175     -0.72   0.084   0.109
   50790.550    -0.480     5.597     2.190     -0.72   0.084   0.110
   50791.547    -0.482     5.606     2.194     -0.72   0.084   0.110
   50792.544    -0.486     5.493    -1.000    -10.00   0.082   0.000
   50793.541    -0.483     5.589     2.234     -0.70   0.084   0.112
   50794.539    -0.481     5.560     2.193     -0.71   0.083   0.110
   50795.536    -0.484     5.613     2.173     -0.73   0.084   0.109
   50796.533    -0.484     5.570     2.161     -0.73   0.084   0.108
   50797.530    -0.482     5.596     2.183     -0.72   0.084   0.109
   50798.528    -0.482     5.580     2.165     -0.73   0.084   0.108
   50799.525    -0.485     5.608     2.176     -0.73   0.084   0.109
   50800.522    -0.485     5.609     2.172     -0.73   0.084   0.109
   50801.520    -0.482     5.579     2.176     -0.72   0.084   0.109
   50802.517    -0.482     5.579     2.176     -0.72   0.084   0.109
   50803.515    -0.484     5.619     2.156     -0.73   0.084   0.108
   50804.512    -0.482     5.540    -1.000    -10.00   0.083   0.000
   50805.509    -0.481     5.544     2.191     -0.71   0.083   0.110
   50806.506    -0.478     5.573     2.181     -0.72   0.084   0.109
   50810.495    -0.484     5.588     2.237     -0.70   0.084   0.112
   50811.492    -0.481     5.552     2.145     -0.73   0.083   0.107
   50813.487    -0.483     5.565     2.189     -0.71   0.084   0.110
   50816.479    -0.483     5.583     2.176     -0.72   0.084   0.109
   50817.477    -0.480     5.573     2.166     -0.72   0.084   0.108
   50818.474    -0.482     5.612     2.154     -0.73   0.084   0.108
   50819.471    -0.480     5.564     2.205     -0.71   0.084   0.110
   50820.468    -0.480     5.569     2.194     -0.71   0.084   0.110
   50821.465    -0.480     5.529     2.187     -0.71   0.083   0.109
   50822.462    -0.481     5.554     2.283     -0.68   0.083   0.114
   50823.460    -0.484     5.588     2.175     -0.72   0.084   0.109
   50824.457    -0.486     5.605     2.176     -0.73   0.084   0.109
   50825.454    -0.483     5.547     2.156     -0.72   0.083   0.108
   50827.448    -0.487     5.622     2.177     -0.73   0.084   0.109
   50828.443    -0.537     5.555     2.202     -0.71   0.083   0.110
   50829.443    -0.486     5.568     2.171     -0.72   0.084   0.109
   50830.440    -0.484     5.570     2.191     -0.71   0.084   0.110
   50831.438    -0.484     5.599     2.189     -0.72   0.084   0.110
   50832.435    -0.482     5.578     2.172     -0.72   0.084   0.109
   50833.433    -0.482     5.580     2.179     -0.72   0.084   0.109
   50834.430    -0.484     5.640     2.186     -0.73   0.085   0.109
   50835.427    -0.481     5.578     2.202     -0.71   0.084   0.110
   50837.421    -0.483     5.562     2.176     -0.72   0.084   0.109
   50838.419    -0.485     5.567     2.173     -0.72   0.084   0.109
   50839.416    -0.483     5.617     2.169     -0.73   0.084   0.109
   50840.413    -0.485     5.548     2.157     -0.72   0.083   0.108
   50842.407    -0.486     5.594     2.180     -0.72   0.084   0.109
   50843.405    -0.485     5.561     2.162     -0.72   0.083   0.108
   50844.402    -0.482     5.577     2.198     -0.71   0.084   0.110
   50845.399    -0.484     5.634     2.134     -0.74   0.085   0.107
   50846.396    -0.483     5.614     2.167     -0.73   0.084   0.108
   50847.394    -0.486     5.561     2.168     -0.72   0.083   0.109
   50850.386    -0.483     5.579     2.156     -0.73   0.084   0.108
   50851.383    -0.482     5.581     2.149     -0.73   0.084   0.108
   50852.381    -0.483     5.568     2.173     -0.72   0.084   0.109
   50853.378    -0.484     5.602     2.142     -0.74   0.084   0.107
   50854.375    -0.484     5.588     2.131     -0.74   0.084   0.107
   50855.372    -0.482     5.591     2.177     -0.72   0.084   0.109
   50856.369    -0.482     5.582     2.278     -0.69   0.084   0.114
   50857.367    -0.480     5.581     2.228     -0.70   0.084   0.112
   50858.364    -0.486     5.586     2.159     -0.73   0.084   0.108
   50859.361    -0.485     5.630     2.134     -0.74   0.085   0.107
   50860.358    -0.485     5.604     2.173     -0.73   0.084   0.109
   50861.355    -0.485     5.585     2.177     -0.72   0.084   0.109
   50862.354    -0.481     5.577     2.168     -0.72   0.084   0.109
   50863.351    -0.483     5.578     2.186     -0.72   0.084   0.109
   50864.348    -0.481     5.579     2.227     -0.70   0.084   0.111
   50865.345    -0.485     5.581     2.215     -0.71   0.084   0.111
   50866.342    -0.483     5.572     2.202     -0.71   0.084   0.110
   50867.340    -0.484     5.544     2.155     -0.72   0.083   0.108
   50868.337    -0.484     5.506     2.097     -0.74   0.083   0.105
   50869.334    -0.486     5.549     2.167     -0.72   0.083   0.108
   50870.331    -0.483     5.609     2.130     -0.74   0.084   0.107
   50871.328    -0.485     5.600     2.149     -0.73   0.084   0.108
   50872.326    -0.483     5.584     2.131     -0.74   0.084   0.107
   50873.323    -0.486     5.593     2.164     -0.73   0.084   0.108
   50874.323    -0.485     5.556     2.117     -0.74   0.083   0.106
   50875.317    -0.482     5.567     2.129     -0.74   0.084   0.107
   50876.314    -0.485     5.572     2.126     -0.74   0.084   0.106
   50877.312    -0.482     5.534     2.106     -0.74   0.083   0.105
   50878.310    -0.482     5.627     2.122     -0.75   0.084   0.106
   50879.307    -0.484     5.584     2.161     -0.73   0.084   0.108
   50880.304    -0.482     5.550     2.122     -0.74   0.083   0.106
   50881.302    -0.482     5.571     2.186     -0.72   0.084   0.109
   50882.299    -0.484     5.747     2.208     -0.73   0.086   0.111
   50883.296    -0.482     5.606     2.201     -0.72   0.084   0.110
   50884.293    -0.483     5.611     2.152     -0.73   0.084   0.108
   50885.290    -0.481     5.644     2.188     -0.73   0.085   0.110
   50886.287    -0.488     5.595     2.153     -0.73   0.084   0.108
   50887.285    -0.482     5.610     2.186     -0.72   0.084   0.109
   50888.282    -0.487     5.623     2.148     -0.74   0.084   0.108
   50889.279    -0.482     5.615     2.143     -0.74   0.084   0.107
   50890.276    -0.485     5.581     2.177     -0.72   0.084   0.109
   50891.273    -0.485     5.605     2.176     -0.73   0.084   0.109
   50892.271    -0.484     5.660     2.221     -0.72   0.085   0.111
   50893.269    -0.485     5.557     2.177     -0.72   0.083   0.109
   50894.266    -0.484     5.576     2.172     -0.72   0.084   0.109
   50895.263    -0.482     5.586     2.163     -0.73   0.084   0.108
   50896.260    -0.484     5.631     2.156     -0.74   0.085   0.108
   50897.258    -0.482     5.628     2.166     -0.73   0.085   0.108
   50898.255    -0.482     5.598     2.156     -0.73   0.084   0.108
   50899.252    -0.486     5.580     2.155     -0.73   0.084   0.108
   50900.249    -0.483     5.573     2.176     -0.72   0.084   0.109
   50901.247    -0.481     5.611     2.154     -0.73   0.084   0.108
   50902.244    -0.481     5.621     2.163     -0.73   0.084   0.108
   50903.241    -0.484     5.572     2.174     -0.72   0.084   0.109
   50904.238    -0.483     5.555     2.122     -0.74   0.083   0.106
   50905.235    -0.482     5.579     2.132     -0.74   0.084   0.107
   50906.233    -0.482     5.586     2.130     -0.74   0.084   0.107
   50907.230    -0.482     5.530     1.938     -0.80   0.083   0.097
   50908.228    -0.485     5.575     2.140     -0.73   0.084   0.107
   50909.225    -0.484     5.586     2.112     -0.75   0.084   0.106
   50910.222    -0.487     5.571     2.114     -0.74   0.084   0.106
   50911.220    -0.482     5.601     2.184     -0.72   0.084   0.109
   50913.214    -0.484     5.559     2.132     -0.73   0.083   0.107
   50913.214    -0.481     5.551     2.142     -0.73   0.083   0.107
   50914.211    -0.483     5.612     2.129     -0.74   0.084   0.107
   50915.208    -0.483     5.623     2.120     -0.75   0.084   0.106
   50916.206    -0.481     5.629     2.151     -0.74   0.085   0.108
   50917.203    -0.486     5.608     2.155     -0.73   0.084   0.108
   50918.200    -0.483     5.594     2.201     -0.71   0.084   0.110
   50919.197    -0.487     5.592     2.206     -0.71   0.084   0.110
   50920.194    -0.483     5.609     2.199     -0.72   0.084   0.110
   50921.192    -0.485     5.586     2.130     -0.74   0.084   0.107
   50922.189    -0.481     5.559     2.136     -0.73   0.083   0.107
   50923.187    -0.482     5.565     2.035     -0.77   0.084   0.102
   50924.184    -0.482     5.588     2.176     -0.72   0.084   0.109
   50925.181    -0.483     5.600     2.177     -0.72   0.084   0.109
   50926.179    -0.485     5.576     2.129     -0.74   0.084   0.107
   50927.176    -0.484     5.579     2.157     -0.73   0.084   0.108
   50928.173    -0.482     5.592     2.197     -0.72   0.084   0.110
   50929.170    -0.481     5.591     2.179     -0.72   0.084   0.109
   50930.167    -0.485     5.554     2.038     -0.77   0.083   0.102
   50931.165    -0.486     5.608     2.144     -0.74   0.084   0.107
   50932.162    -0.484     5.589     2.147     -0.73   0.084   0.108
   50933.159    -0.481     5.550     2.144     -0.73   0.083   0.107
   50934.156    -0.482     5.530     2.127     -0.73   0.083   0.107
   50935.153    -0.485     5.559     2.092     -0.75   0.083   0.105
   50936.151    -0.481     5.623     2.195     -0.72   0.084   0.110
   50937.148    -0.482     5.619     2.134     -0.74   0.084   0.107
   50938.146    -0.481     5.581     2.135     -0.74   0.084   0.107
   50939.143    -0.484     5.594     2.143     -0.74   0.084   0.107
   50940.141    -0.482     5.563     2.128     -0.74   0.084   0.107
   50941.138    -0.484     5.554     2.139     -0.73   0.083   0.107
   50942.135    -0.481     5.577     2.187     -0.72   0.084   0.109
   50943.132    -0.487     5.586     2.173     -0.72   0.084   0.109
   50944.129    -0.483     5.576     2.156     -0.73   0.084   0.108
   50945.126    -0.486     5.589     2.188     -0.72   0.084   0.110
   50946.124    -0.485     5.590     2.191     -0.72   0.084   0.110
   50947.121    -0.483     5.562     2.142     -0.73   0.084   0.107
   50948.118    -0.485     5.561     2.132     -0.73   0.083   0.107
   50949.115    -0.484     5.572     2.159     -0.73   0.084   0.108
   50950.113    -0.483     5.551     2.162     -0.72   0.083   0.108
   50951.110    -0.482     5.588     2.207     -0.71   0.084   0.110
   50952.107    -0.482     5.585     2.144     -0.73   0.084   0.107
   50953.104    -0.487     5.589     2.170     -0.73   0.084   0.109
   50954.102    -0.482     5.548     2.149     -0.73   0.083   0.108
   50955.100    -0.483     5.557     2.175     -0.72   0.083   0.109
   50956.097    -0.485     5.601     2.192     -0.72   0.084   0.110
   50957.094    -0.483     5.556     2.184     -0.71   0.083   0.109
   50958.091    -0.485     5.506     2.138     -0.73   0.083   0.107
   50959.088    -0.481     5.576     2.205     -0.71   0.084   0.110
   50960.085    -0.487     5.576     2.193     -0.71   0.084   0.110
   50961.083    -0.485     5.547     2.173     -0.72   0.083   0.109
   50962.080    -0.484     5.554     2.140     -0.73   0.083   0.107
   50963.077    -0.485     5.584     2.179     -0.72   0.084   0.109
   50964.074    -0.483     5.583     2.153     -0.73   0.084   0.108
   50965.072    -0.484     5.567     2.124     -0.74   0.084   0.106
   50966.069    -0.483     5.612     2.166     -0.73   0.084   0.108
   50967.066    -0.484     5.564     2.137     -0.73   0.084   0.107
   50968.063    -0.483     5.568     2.151     -0.73   0.084   0.108
   50969.061    -0.483     5.552     2.207     -0.71   0.083   0.110
   50970.059    -0.484     5.546     2.135     -0.73   0.083   0.107
   50971.056    -0.481     5.573     2.193     -0.71   0.084   0.110
   50972.053    -0.484     5.601     2.194     -0.72   0.084   0.110
   50974.047    -0.485     5.588     2.225     -0.70   0.084   0.111
   50975.045    -0.486     5.537     2.152     -0.72   0.083   0.108
   50976.042    -0.483     5.607     2.246     -0.70   0.084   0.112
   50977.039    -0.482     5.627     2.156     -0.74   0.084   0.108
   50978.036    -0.484     5.596     2.227     -0.71   0.084   0.111
   50979.033    -0.484     5.590     2.218     -0.71   0.084   0.111
   50980.031    -0.484     5.586     2.328     -0.67   0.084   0.117
   50981.028    -0.483     5.558     2.252     -0.69   0.083   0.113
   50982.025    -0.483     5.538     2.153     -0.72   0.083   0.108
   50983.022    -0.481     5.532     2.154     -0.72   0.083   0.108
   50984.020    -0.486     5.545     2.251     -0.69   0.083   0.113
   50985.018    -0.482     5.572     2.206     -0.71   0.084   0.110
   50986.015    -0.483     5.572     2.192     -0.71   0.084   0.110
   50987.012    -0.482     5.589     2.217     -0.71   0.084   0.111
   50988.009    -0.482     5.588     2.209     -0.71   0.084   0.111
   50989.006    -0.485     5.551     2.262     -0.69   0.083   0.113
   50990.004    -0.481     5.582     2.252     -0.69   0.084   0.113
   50991.001    -0.479     5.717     2.231     -0.72   0.086   0.112
   50991.998    -0.479     5.598     2.289     -0.69   0.084   0.115
   50992.995    -0.482     5.610     2.248     -0.70   0.084   0.113
   50993.993    -0.480     5.606     2.256     -0.70   0.084   0.113
   50994.990    -0.478     5.612     2.193     -0.72   0.084   0.110
   50995.987    -0.483     5.571     2.204     -0.71   0.084   0.110
   50996.984    -0.486     5.559     2.194     -0.71   0.083   0.110
   50997.981    -0.483     5.598     2.188     -0.72   0.084   0.110
   50998.979    -0.485     5.572     2.159     -0.73   0.084   0.108
   50999.977    -0.481     5.611     2.250     -0.70   0.084   0.113
   51000.974    -0.484     5.612     2.263     -0.70   0.084   0.113
   51001.971    -0.483     5.587     2.207     -0.71   0.084   0.110
   51002.968    -0.486     5.594     2.262     -0.69   0.084   0.113
   51003.966    -0.481     5.560     2.183     -0.72   0.083   0.109
   51004.963    -0.487     5.562     2.098     -0.75   0.084   0.105
   51005.960    -0.482     5.586     2.204     -0.71   0.084   0.110
   51006.957    -0.485     5.559     2.247     -0.69   0.083   0.112
   51007.954    -0.484     5.573     2.238     -0.70   0.084   0.112
   51008.952    -0.482     5.592     2.204     -0.71   0.084   0.110
   51009.949    -0.487     5.577     2.259     -0.69   0.084   0.113
   51010.946    -0.482     5.587     2.223     -0.71   0.084   0.111
   51011.943    -0.484     5.609     2.259     -0.70   0.084   0.113
   51012.940    -0.483     5.590     2.250     -0.70   0.084   0.113
   51013.938    -0.482     5.595     2.278     -0.69   0.084   0.114
   51014.936    -0.484     5.593     2.277     -0.69   0.084   0.114
   51015.933    -0.482     5.589     2.231     -0.70   0.084   0.112
   51016.930    -0.484     5.611     2.289     -0.69   0.084   0.115
   51017.928    -0.480     5.576     2.192     -0.71   0.084   0.110
   51018.925    -0.484     5.579     2.245     -0.70   0.084   0.112
   51019.922    -0.484     5.588     2.284     -0.69   0.084   0.114
   51020.919    -0.480     5.558     2.188     -0.71   0.083   0.110
   51021.916    -0.481     5.602     2.186     -0.72   0.084   0.109
   51022.913    -0.482     5.623     2.273     -0.69   0.084   0.114
   51023.911    -0.486     5.606     2.286     -0.69   0.084   0.114
   51024.908    -0.484     5.599     2.180     -0.72   0.084   0.109
   51025.905    -0.485     5.601     2.233     -0.70   0.084   0.112
   51026.902    -0.483     5.576     2.202     -0.71   0.084   0.110
   51027.899    -0.482     5.573     2.199     -0.71   0.084   0.110
   51028.897    -0.482     5.536     2.182     -0.71   0.083   0.109
   51029.895    -0.485     5.543     2.184     -0.71   0.083   0.109
   51030.892    -0.486     5.577     2.176     -0.72   0.084   0.109
   51031.889    -0.483     5.527     2.156     -0.72   0.083   0.108
   51032.887    -0.482     5.566     2.183     -0.72   0.084   0.109
   51033.884    -0.480     5.600     2.269     -0.69   0.084   0.114
   51034.881    -0.483     5.584     2.226     -0.70   0.084   0.111
   51035.878    -0.482     5.590     2.190     -0.72   0.084   0.110
   51036.875    -0.483     5.581     2.284     -0.68   0.084   0.114
   51037.873    -0.482     5.560     2.228     -0.70   0.083   0.112
   51038.870    -0.485     5.604     2.264     -0.69   0.084   0.113
   51039.867    -0.480     5.599     2.164     -0.73   0.084   0.108
   51041.861    -0.482     5.571     2.242     -0.70   0.084   0.112
   51044.854    -0.484     5.582     2.232     -0.70   0.084   0.112
   51045.851    -0.481     5.612     2.273     -0.69   0.084   0.114
   51046.848    -0.483     5.538    -1.000    -10.00   0.083   0.000
   51047.846    -0.480     5.570     2.079     -0.75   0.084   0.104
   51048.843    -0.482     5.579     2.252     -0.69   0.084   0.113
   51049.840    -0.486     5.580     2.236     -0.70   0.084   0.112
   51050.837    -0.480     5.590     2.247     -0.70   0.084   0.112
   51051.834    -0.481     5.618     2.383     -0.66   0.084   0.119
   51052.832    -0.483     5.564     2.213     -0.71   0.084   0.111
   51053.829    -0.488     5.571     2.210     -0.71   0.084   0.111
   51054.826    -0.484     5.608     2.258     -0.70   0.084   0.113
   51055.823    -0.483     5.575     2.235     -0.70   0.084   0.112
   51056.820    -0.481     5.579     2.186     -0.72   0.084   0.109
   51057.817    -0.487     5.553     2.204     -0.71   0.083   0.110
   51058.815    -0.483     5.583     2.269     -0.69   0.084   0.114
   51059.813    -0.462     5.589     2.245     -0.70   0.084   0.112
   51060.810    -0.483     5.593     2.216     -0.71   0.084   0.111
   51061.807    -0.481     5.587     2.199     -0.71   0.084   0.110
   51062.805    -0.481     5.556     2.202     -0.71   0.083   0.110
   51064.799    -0.487     5.607     2.209     -0.71   0.084   0.111
   51067.791    -0.473     5.589     2.208     -0.71   0.084   0.111
   51068.788    -0.482     5.530     2.195     -0.71   0.083   0.110
   51069.785    -0.480     5.535     2.148     -0.73   0.083   0.108
   51070.782    -0.480     5.717     2.289     -0.70   0.086   0.115
   51074.771    -0.483     5.623     2.284     -0.69   0.084   0.114
   51075.769    -0.481     5.598     2.251     -0.70   0.084   0.113
   51076.766    -0.484     5.587     2.192     -0.72   0.084   0.110
   51077.764    -0.486     5.621     2.264     -0.70   0.084   0.113
   51078.761    -0.485     5.598     2.198     -0.72   0.084   0.110
   51079.758    -0.483     5.576     2.225     -0.70   0.084   0.111
   51081.752    -0.483     5.579     2.267     -0.69   0.084   0.113
   51082.750    -0.481     5.583     2.277     -0.69   0.084   0.114
   51083.747    -0.482     5.582     2.242     -0.70   0.084   0.112
   51084.744    -0.485     5.600     2.261     -0.69   0.084   0.113
   51085.741    -0.480     5.846     2.521     -0.64   0.088   0.126
   51089.730    -0.484     5.611     2.224     -0.71   0.084   0.111
   51090.728    -0.482     5.575     2.241     -0.70   0.084   0.112
   51091.725    -0.484     5.596     2.225     -0.71   0.084   0.111
   51092.723    -0.485     5.670     2.002     -0.80   0.085   0.100
   51093.720    -0.480     5.590     2.473     -0.62   0.084   0.124
   51095.714    -0.485     5.672     2.237     -0.71   0.085   0.112
   51097.709    -0.482     5.562     2.198     -0.71   0.084   0.110
   51098.706    -0.483     5.547     2.216     -0.70   0.083   0.111
   51099.703    -0.481     5.587     2.219     -0.71   0.084   0.111
   51100.700    -0.483     5.565     2.190     -0.71   0.084   0.110
   51102.695    -0.482     5.568     2.174     -0.72   0.084   0.109
   51103.692    -0.481     5.555     2.188     -0.71   0.083   0.110
   51104.689    -0.481     5.550     2.218     -0.70   0.083   0.111
   51105.687    -0.483     5.571     2.234     -0.70   0.084   0.112
   51106.685    -0.483     5.570     2.219     -0.70   0.084   0.111
   51107.682    -0.486     5.589     2.211     -0.71   0.084   0.111
   51109.676    -0.485     5.569     2.200     -0.71   0.084   0.110
   51110.673    -0.486     5.493     2.180     -0.71   0.082   0.109
   51111.671    -0.483     5.486     2.192     -0.70   0.082   0.110
   51112.668    -0.486     5.505     2.198     -0.70   0.083   0.110
   51113.665    -0.482     5.575     2.199     -0.71   0.084   0.110
   51114.662    -0.486     5.626     2.233     -0.71   0.084   0.112
   51117.654    -0.483     5.576     2.190     -0.72   0.084   0.110
   51118.651    -0.486     5.429     2.200     -0.69   0.082   0.110
   51119.648    -0.478     5.675     2.074     -0.77   0.085   0.104
   51120.646    -0.482     5.618     2.240     -0.70   0.084   0.112
   51121.644    -0.483     5.573     2.230     -0.70   0.084   0.112
   51123.638    -0.483     5.584     2.197     -0.71   0.084   0.110
   51124.635    -0.486     5.575     2.199     -0.71   0.084   0.110
   51125.632    -0.485     5.525     2.217     -0.70   0.083   0.111
   51126.630    -0.486     5.655     2.207     -0.72   0.085   0.110
   51127.627    -0.481     5.596     2.177     -0.72   0.084   0.109
   51128.624    -0.485     5.584     2.116     -0.74   0.084   0.106
   51129.621    -0.488     5.529     2.164     -0.72   0.083   0.108
   51130.618    -0.484     5.567     2.198     -0.71   0.084   0.110
   51131.616    -0.486     5.593     2.247     -0.70   0.084   0.112
   51132.613    -0.484     5.574     2.245     -0.70   0.084   0.112
   51133.610    -0.488     5.554     2.174     -0.72   0.083   0.109
   51138.597    -0.480     5.486     2.204     -0.70   0.082   0.110
   51139.594    -0.483     5.584     2.201     -0.71   0.084   0.110
   51140.591    -0.484     5.538     2.170     -0.72   0.083   0.109
   51142.586    -0.483     5.484     2.134     -0.72   0.082   0.107
   51144.580    -0.486     5.538     2.124     -0.73   0.083   0.106
   51145.578    -0.482     5.564     2.170     -0.72   0.084   0.109
   51146.575    -0.484     5.539     2.152     -0.72   0.083   0.108
   51147.572    -0.484     5.541     2.177     -0.72   0.083   0.109
   51148.569    -0.484     5.567     2.230     -0.70   0.084   0.112
   51149.566    -0.485     5.561     2.227     -0.70   0.083   0.111
   51150.563    -0.484     5.533     2.247     -0.69   0.083   0.112
   51151.562    -0.487     5.589     2.193     -0.72   0.084   0.110
   51152.559    -0.486     5.617     2.245     -0.70   0.084   0.112
   51153.556    -0.484     5.597     2.287     -0.69   0.084   0.114
   51154.553    -0.483     5.589     2.256     -0.69   0.084   0.113
   51155.551    -0.483     5.583     2.342     -0.67   0.084   0.117
   51156.548    -0.482     5.555     2.335     -0.66   0.083   0.117
   51157.545    -0.482     5.495     2.238     -0.69   0.083   0.112
   51158.542    -0.481     5.678     2.233     -0.71   0.085   0.112
   51159.539    -0.482     5.546     2.098     -0.75   0.083   0.105
   51160.537    -0.484     5.542     2.256     -0.69   0.083   0.113
   51161.534    -0.487     5.565     2.224     -0.70   0.084   0.111
   51162.531    -0.481     5.504     2.228     -0.69   0.083   0.112
   51163.528    -0.482     5.499     2.219     -0.69   0.083   0.111
   51164.525    -0.484     5.687     2.240     -0.71   0.085   0.112
   51165.522    -0.487     5.545     2.261     -0.69   0.083   0.113
   51166.521    -0.483     5.491     2.239     -0.69   0.082   0.112
   51167.518    -0.482     5.600     2.236     -0.70   0.084   0.112
   51168.515    -0.488     5.607     2.237     -0.70   0.084   0.112
   51169.512    -0.487     5.419     2.226     -0.68   0.081   0.111
   51170.510    -0.483     5.581     2.204     -0.71   0.084   0.110
   51174.498    -0.486     5.629     2.217     -0.71   0.085   0.111
   51175.496    -0.482     5.588     2.193     -0.72   0.084   0.110
   51176.493    -0.487     5.651     2.186     -0.73   0.085   0.109
   51177.490    -0.483     5.683     2.201     -0.73   0.085   0.110
   51178.487    -0.481     5.597     2.213     -0.71   0.084   0.111
   51182.477    -0.482     5.653     2.071     -0.77   0.085   0.104
   51183.474    -0.485     5.755     2.239     -0.72   0.086   0.112
   51184.472    -0.481     5.275     1.947     -0.76   0.079   0.098
   51190.455    -0.487     5.497     2.135     -0.73   0.083   0.107
   51191.452    -0.484     5.290     2.176     -0.68   0.079   0.109
   51192.449    -0.483     5.501     2.198     -0.70   0.083   0.110
   51193.446    -0.484     5.482     2.151     -0.72   0.082   0.108
   51194.443    -0.485     5.452     2.130     -0.72   0.082   0.107
   51197.436    -0.486     5.279     1.932     -0.77   0.079   0.097
   51198.433    -0.488     5.489     2.178     -0.71   0.082   0.109
   51199.430    -0.485     5.364     2.176     -0.69   0.081   0.109
   51200.428    -0.482     5.362     2.176     -0.69   0.081   0.109
   51201.425    -0.483     5.258     2.110     -0.70   0.079   0.106
   51202.422    -0.484     4.988     2.085     -0.67   0.075   0.104
   51204.416    -0.486     5.602     2.182     -0.72   0.084   0.109
   51205.414    -0.485     5.627     2.186     -0.72   0.084   0.109
   51206.411    -0.484     5.582     2.198     -0.71   0.084   0.110
   51207.408    -0.483     5.634     2.249     -0.70   0.085   0.113
   51208.405    -0.485     5.575     2.189     -0.72   0.084   0.110
   51209.403    -0.484     5.484     2.174     -0.71   0.082   0.109
   51210.400    -0.482     5.594     2.220     -0.71   0.084   0.111
   51211.397    -0.486     5.594     2.234     -0.70   0.084   0.112
   51212.395    -0.484     5.586     2.239     -0.70   0.084   0.112
   51213.392    -0.484     5.632     2.204     -0.72   0.085   0.110
   51214.390    -0.484     5.757     2.194     -0.74   0.086   0.110
   51215.387    -0.482     5.552     2.186     -0.71   0.083   0.109
   51216.384    -0.486     5.706     2.222     -0.72   0.086   0.111
   51217.381    -0.483     5.596     2.220     -0.71   0.084   0.111
   51218.378    -0.485     5.468     2.215     -0.69   0.082   0.111
   51219.376    -0.482     5.610     2.171     -0.73   0.084   0.109
   51221.370    -0.484     5.590     2.184     -0.72   0.084   0.109
   51222.367    -0.485     5.561     2.185     -0.72   0.083   0.109
   51223.364    -0.483     5.563     2.209     -0.71   0.084   0.111
   51224.361    -0.488     5.529     2.179     -0.71   0.083   0.109
   51225.359    -0.485    -1.000    -1.000    -10.00   0.000   0.000
   51226.356    -0.488     5.609     2.188     -0.72   0.084   0.110
   51227.354    -0.483     5.583     2.195     -0.71   0.084   0.110
   51228.351    -0.488     5.621     2.169     -0.73   0.084   0.109
   51229.349    -0.482     5.492     2.154     -0.72   0.082   0.108
   51230.346    -0.483     5.552     2.215     -0.70   0.083   0.111
   51231.343    -0.483     5.618     2.178     -0.73   0.084   0.109
   51232.340    -0.485     5.628     2.154     -0.74   0.085   0.108
   51233.337    -0.487     5.566     2.030     -0.77   0.084   0.102
   51236.329    -0.485     5.612     2.117     -0.75   0.084   0.106
   51237.326    -0.482     5.508     2.075     -0.75   0.083   0.104
   51239.321    -0.487     5.404     2.123     -0.72   0.081   0.106
   51240.318    -0.486     5.500     2.107     -0.74   0.083   0.106
   51243.310    -0.485     5.559     2.119     -0.74   0.083   0.106
   51244.308    -0.488     5.542     2.170     -0.72   0.083   0.109
   51245.305    -0.482     5.638     2.151     -0.74   0.085   0.108
   51246.302    -0.482     5.592     2.156     -0.73   0.084   0.108
   51248.297    -0.484     5.626     2.163     -0.73   0.084   0.108
   51249.294    -0.487     5.608     2.142     -0.74   0.084   0.107
   51250.291    -0.484     5.637     2.086     -0.76   0.085   0.104
   51251.288    -0.489     5.566     2.114     -0.74   0.084   0.106
   51253.282    -0.486     5.609     2.191     -0.72   0.084   0.110
   51254.280    -0.487     5.553     2.166     -0.72   0.083   0.108
   51255.277    -0.482     5.584     2.215     -0.71   0.084   0.111
   51256.274    -0.482     5.624     2.215     -0.71   0.084   0.111
   51257.271    -0.483     5.685     2.137     -0.75   0.085   0.107
   51258.270    -0.481     5.675     2.172     -0.74   0.085   0.109
   51259.267    -0.486     5.625     2.191     -0.72   0.084   0.110
   51260.264    -0.484     5.511     2.174     -0.71   0.083   0.109
   51261.261    -0.482     5.626     2.265     -0.70   0.084   0.113
   51262.258    -0.485     5.593     2.199     -0.71   0.084   0.110
   51263.256    -0.482     5.611     2.147     -0.74   0.084   0.108
   51264.253    -0.483     5.621     2.150     -0.74   0.084   0.108
   51265.250    -0.482     5.499     2.155     -0.72   0.083   0.108
   51266.247    -0.485     5.450     2.170     -0.70   0.082   0.109
   51267.244    -0.482     5.610     2.156     -0.73   0.084   0.108
   51268.242    -0.482     5.648     2.143     -0.74   0.085   0.107
   51269.239    -0.483     5.601     2.161     -0.73   0.084   0.108
   51270.236    -0.486     5.590     2.204     -0.71   0.084   0.110
   51271.233    -0.483     5.620     2.170     -0.73   0.084   0.109
   51272.231    -0.483     5.606     2.196     -0.72   0.084   0.110
   51273.229    -0.488     5.577     2.125     -0.74   0.084   0.106
   51274.226    -0.488     5.676     2.170     -0.74   0.085   0.109
   51275.223    -0.482     5.674     2.113     -0.76   0.085   0.106
   51276.220    -0.480     5.585     2.139     -0.74   0.084   0.107
   51277.215    -0.483     5.597     2.213     -0.71   0.084   0.111
   51278.215    -0.482     5.636     2.256     -0.70   0.085   0.113
   51279.212    -0.479     5.688     2.194     -0.73   0.085   0.110
   51280.209    -0.482     5.636     2.209     -0.72   0.085   0.111
   51281.206    -0.482     5.513     2.185     -0.71   0.083   0.109
   51282.204    -0.481     5.632     2.174     -0.73   0.085   0.109
   51283.201    -0.479     5.585     2.144     -0.73   0.084   0.107
   51284.198    -0.482     5.566     2.171     -0.72   0.084   0.109
   51285.195    -0.481     5.609     2.126     -0.74   0.084   0.106
   51286.192    -0.487     5.603     2.177     -0.72   0.084   0.109
   51287.190    -0.482     5.598     2.205     -0.71   0.084   0.110
   51288.188    -0.488     5.602     2.160     -0.73   0.084   0.108
   51289.185    -0.488     5.689     2.179     -0.74   0.085   0.109
   51290.182    -0.489     5.572     2.160     -0.73   0.084   0.108
   51291.179    -0.486     5.591     2.271     -0.69   0.084   0.114
   51292.176    -0.488     5.593     2.303     -0.68   0.084   0.115
   51293.174    -0.483     5.683     2.130     -0.75   0.085   0.107
   51294.171    -0.483     5.614     2.142     -0.74   0.084   0.107
   51295.168    -0.483     5.559     2.133     -0.73   0.083   0.107
   51296.165    -0.483     5.607     2.184     -0.72   0.084   0.109
   51297.163    -0.481     5.583     2.150     -0.73   0.084   0.108
   51298.160    -0.488     5.513     2.086     -0.75   0.083   0.104
   51299.157    -0.482     5.586     2.145     -0.73   0.084   0.107
   51300.154    -0.483     5.603     2.160     -0.73   0.084   0.108
   51301.151    -0.482     5.636     2.154     -0.74   0.085   0.108
   51302.149    -0.484     5.634     2.143     -0.74   0.085   0.107
   51303.146    -0.482     5.633     2.163     -0.73   0.085   0.108
   51304.144    -0.488     5.593     2.148     -0.73   0.084   0.108
   51305.141    -0.483     5.566     2.154     -0.73   0.084   0.108
   51306.138    -0.481     5.619     2.072     -0.76   0.084   0.104
   51307.136    -0.483     5.623     2.177     -0.73   0.084   0.109
   51308.133    -0.487     5.615     2.094     -0.76   0.084   0.105
   51309.130    -0.481     5.615     2.211     -0.71   0.084   0.111
   51310.127    -0.482     5.630     2.151     -0.74   0.085   0.108
   51311.125    -0.480     5.619     1.683     -0.92   0.084   0.084
   51313.119    -0.483     5.623     2.264     -0.70   0.084   0.113
   51316.110    -0.485     5.564     2.164     -0.72   0.084   0.108
   51317.108    -0.485     5.631     2.178     -0.73   0.085   0.109
   51318.105    -0.489     5.573     2.149     -0.73   0.084   0.108
   51319.103    -0.485     5.587     2.206     -0.71   0.084   0.110
   51320.100    -0.481     5.643     2.175     -0.73   0.085   0.109
   51323.092    -0.489    -1.000    -1.000    -10.00   0.000   0.000
   51327.081    -0.486     5.559     2.178     -0.72   0.083   0.109
   51328.078    -0.487     5.585     2.199     -0.71   0.084   0.110
   51329.075    -0.481     5.617     2.193     -0.72   0.084   0.110
   51330.072    -0.483     5.617     2.204     -0.72   0.084   0.110
   51331.070    -0.483     5.628     2.104     -0.75   0.085   0.105
   51332.067    -0.484     5.605     2.231     -0.71   0.084   0.112
   51333.064    -0.483     5.565     2.188     -0.71   0.084   0.110
   51334.062    -0.481     5.613     2.211     -0.71   0.084   0.111
   51335.059    -0.485     5.637     2.227     -0.71   0.085   0.111
   51336.056    -0.485     5.546     2.201     -0.71   0.083   0.110
   51337.054    -0.482     5.568     2.212     -0.71   0.084   0.111
   51338.051    -0.481     5.569     2.237     -0.70   0.084   0.112
   51339.048    -0.485     5.529     2.164     -0.72   0.083   0.108
   51340.045    -0.484     5.578     2.241     -0.70   0.084   0.112
   51341.043    -0.482     5.619     2.344     -0.67   0.084   0.117
   51342.040    -0.485     5.592     2.232     -0.70   0.084   0.112
   51343.037    -0.486     5.838     2.321     -0.71   0.088   0.116
   51344.034    -0.482     5.634     2.326     -0.68   0.085   0.116
   51345.031    -0.488     5.634     2.263     -0.70   0.085   0.113
   51346.028    -0.486     5.591     2.259     -0.69   0.084   0.113
   51347.026    -0.486     5.569     2.211     -0.71   0.084   0.111
   51348.023    -0.481     5.623     2.235     -0.71   0.084   0.112
   51349.021    -0.482     5.609     2.257     -0.70   0.084   0.113
   51350.018    -0.486     5.599     2.270     -0.69   0.084   0.114
   51351.015    -0.486     5.595     2.247     -0.70   0.084   0.112
   51352.013    -0.484     5.584     2.256     -0.69   0.084   0.113
   51353.010    -0.487     5.632     2.213     -0.72   0.085   0.111
   51354.007    -0.486     5.536     2.175     -0.72   0.083   0.109
   51355.004    -0.481     5.550     2.275     -0.68   0.083   0.114
   51356.002    -0.485     5.708     2.255     -0.71   0.086   0.113
   51356.999    -0.481     5.736     2.308     -0.70   0.086   0.116
   51357.996    -0.481     5.731     2.318     -0.69   0.086   0.116
   51358.993    -0.480     5.616     2.320     -0.68   0.084   0.116
   51359.990    -0.483     5.614     2.290     -0.69   0.084   0.115
   51360.988    -0.480     5.588     2.307     -0.68   0.084   0.115
   51361.985    -0.484     5.722     2.310     -0.69   0.086   0.116
   51366.972    -0.485     5.623     2.232     -0.71   0.084   0.112
   51367.969    -0.483     5.777     2.205     -0.74   0.087   0.110
   51368.967    -0.465     5.693    -1.000    -10.00   0.085   0.000
   51369.963    -0.482     5.592     2.221     -0.71   0.084   0.111
   51370.961    -0.484     5.682     2.258     -0.71   0.085   0.113
   51371.958    -0.489    -1.000     2.305    -10.00   0.000   0.115
   51372.955    -0.486     5.686     2.336     -0.68   0.085   0.117
   51373.952    -0.484     5.597     2.128     -0.74   0.084   0.107
   51375.947    -0.484     5.662     2.192     -0.73   0.085   0.110
   51376.944    -0.483     5.596     2.275     -0.69   0.084   0.114
   51377.941    -0.484     5.737     2.276     -0.71   0.086   0.114
   51378.938    -0.483     5.602     2.535     -0.61   0.084   0.127
   51379.936    -0.486     5.761     2.452     -0.65   0.086   0.123
   51380.934    -0.487     5.777     2.325     -0.70   0.087   0.116
   51381.931    -0.484     5.802     2.423     -0.67   0.087   0.121
   51382.928    -0.484     5.620     2.436     -0.64   0.084   0.122
   51383.925    -0.485     5.793     2.361     -0.69   0.087   0.118
   51384.923    -0.484     5.764     2.331     -0.69   0.087   0.117
   51387.914    -0.486     5.639     2.419     -0.65   0.085   0.121
   51388.911    -0.488     5.749     2.425     -0.66   0.086   0.121
   51389.909    -0.482     5.763     2.419     -0.67   0.087   0.121
   51390.906    -0.487     5.594     2.384     -0.65   0.084   0.119
   51391.903    -0.486     5.631     2.447     -0.64   0.085   0.122
   51392.900    -0.486     5.587     2.289     -0.68   0.084   0.115
   51393.897    -0.488     5.552     2.279     -0.68   0.083   0.114
   51394.896    -0.482     5.409     2.307     -0.65   0.081   0.115
   51395.893    -0.484     5.565     2.344     -0.66   0.084   0.117
   51396.890    -0.483     5.572     2.302     -0.68   0.084   0.115
   51397.887    -0.483     5.658     2.262     -0.70   0.085   0.113
   51398.884    -0.484     5.633     2.276     -0.69   0.085   0.114
   51399.882    -0.481     5.691     2.356     -0.68   0.085   0.118
   51400.879    -0.481     5.561     2.298     -0.68   0.083   0.115
   51401.876    -0.482     5.561     2.291     -0.68   0.083   0.115
   51402.873    -0.487     5.571     2.233     -0.70   0.084   0.112
   51403.870    -0.482     5.578     2.293     -0.68   0.084   0.115
   51404.867    -0.486     5.615     2.343     -0.67   0.084   0.117
   51405.865    -0.483     5.513     2.211     -0.70   0.083   0.111
   51406.862    -0.482     5.735     2.350     -0.68   0.086   0.118
   51407.859    -0.486     5.747     2.316     -0.70   0.086   0.116
   51408.856    -0.485     5.598     2.277     -0.69   0.084   0.114
   51409.854    -0.484     5.740     2.319     -0.69   0.086   0.116
   51410.852    -0.487     5.632     2.631     -0.58   0.085   0.132
   51411.849    -0.482     5.602     2.320     -0.68   0.084   0.116
   51413.843    -0.483     5.653    -1.000    -10.00   0.085   0.000
   51414.844    -0.401     5.608     2.338     -0.67   0.084   0.117
   51415.841    -0.402     5.599     2.319     -0.68   0.084   0.116
   51416.838    -0.402     5.582     2.327     -0.67   0.084   0.116
   51417.836    -0.401     5.578     2.275     -0.69   0.084   0.114
   51418.833    -0.399     5.531     2.433     -0.63   0.083   0.122
   51419.830    -0.403     5.546     2.223     -0.70   0.083   0.111
   51420.827    -0.404     5.580     2.271     -0.69   0.084   0.114
   51421.824    -0.405     5.540     2.236     -0.69   0.083   0.112
   51422.822    -0.403     5.533     2.283     -0.68   0.083   0.114
   51423.824    -0.291     5.698     2.266     -0.71   0.086   0.113
   51424.816    -0.403     5.427     2.250     -0.68   0.081   0.113
   51425.813    -0.403     5.587     2.375     -0.65   0.084   0.119
   51426.812    -0.403     5.611     2.137     -0.74   0.084   0.107
   51427.809    -0.404     5.587     2.389     -0.65   0.084   0.120
   51428.806    -0.401     5.559     2.575     -0.59   0.083   0.129
   51429.803    -0.402     5.551     2.328     -0.67   0.083   0.117
   51431.799    -0.371     5.576     2.293     -0.68   0.084   0.115
   51432.796    -0.371     5.553     2.284     -0.68   0.083   0.114
   51433.793    -0.370     5.498     2.169     -0.71   0.083   0.109
   51434.791    -0.369     5.567     2.334     -0.67   0.084   0.117
   51435.788    -0.372     5.533     2.358     -0.65   0.083   0.118
   51436.785    -0.372     5.582     2.325     -0.67   0.084   0.116
   51438.778    -0.400     5.573     2.288     -0.68   0.084   0.115
   51439.775    -0.399     5.545     2.248     -0.69   0.083   0.113
   51440.772    -0.403     5.578     2.284     -0.68   0.084   0.114
   51441.771    -0.403     5.584     2.229     -0.70   0.084   0.112
   51442.768    -0.403     5.577     2.297     -0.68   0.084   0.115
   51443.765    -0.403     5.567     2.274     -0.69   0.084   0.114
   51445.759    -0.403     5.548     2.265     -0.69   0.083   0.113
   51446.757    -0.398     5.538     2.245     -0.69   0.083   0.112
   51447.754    -0.401     5.511     2.203     -0.70   0.083   0.110
   51453.737    -0.400     5.589     2.223     -0.71   0.084   0.111
   51454.734    -0.404     5.581     2.230     -0.70   0.084   0.112
   51456.729    -0.400     5.589     2.296     -0.68   0.084   0.115
   51457.727    -0.404     5.561     2.237     -0.70   0.083   0.112
   51459.721    -0.404     5.607     2.236     -0.70   0.084   0.112
   51460.718    -0.402     5.696     2.347     -0.68   0.086   0.117
   51461.716    -0.404     5.598     2.222     -0.71   0.084   0.111
   51462.713    -0.400     5.595     2.262     -0.69   0.084   0.113
   51463.710    -0.401     5.591     2.257     -0.69   0.084   0.113
   51464.707    -0.404     5.582     2.269     -0.69   0.084   0.114
   51466.702    -0.398     5.558     2.246     -0.69   0.083   0.112
   51467.699    -0.399     5.566     2.249     -0.69   0.084   0.113
   51468.696    -0.401     5.503     2.221     -0.69   0.083   0.111
   51469.693    -0.401     5.526     2.304     -0.67   0.083   0.115
   51470.691    -0.401     5.579     2.260     -0.69   0.084   0.113
   51471.688    -0.399     5.570     2.316     -0.67   0.084   0.116
   51474.680    -0.401     5.599     2.051     -0.77   0.084   0.103
   51475.678    -0.400     5.574     2.295     -0.68   0.084   0.115
   51476.675    -0.398     5.542     2.243     -0.69   0.083   0.112
   51477.672    -0.405     5.507     2.205     -0.70   0.083   0.110
   51478.669    -0.402     5.548     2.220     -0.70   0.083   0.111
   51480.664    -0.401     5.552     2.146     -0.73   0.083   0.107
   51484.652    -0.401     5.730     2.166     -0.75   0.086   0.108
   51485.649    -0.405     5.600     2.069     -0.76   0.084   0.104
   51487.645    -0.402     5.591     2.223     -0.71   0.084   0.111
   51488.642    -0.400     5.613     2.249     -0.70   0.084   0.113
   51489.639    -0.402     5.530     2.237     -0.69   0.083   0.112
   51490.637    -0.402     5.557     2.233     -0.70   0.083   0.112
   51491.634    -0.402     5.557     2.257     -0.69   0.083   0.113
   51492.631    -0.401     5.646     2.291     -0.69   0.085   0.115
   51494.626    -0.398     5.589     2.264     -0.69   0.084   0.113
   51495.623    -0.401     5.518     2.248     -0.69   0.083   0.113
   51496.620    -0.400     5.562     2.194     -0.71   0.084   0.110
   51497.617    -0.399     5.581     2.301     -0.68   0.084   0.115
   51498.614    -0.402     5.534     2.279     -0.68   0.083   0.114
   51499.611    -0.402     5.561     2.216     -0.70   0.083   0.111
   51500.609    -0.402     5.527     2.291     -0.68   0.083   0.115
   51501.606    -0.404     5.480     2.257     -0.68   0.082   0.113
   51502.604    -0.400     5.563     2.208     -0.71   0.084   0.111
   51503.601    -0.402     5.564     2.251     -0.69   0.084   0.113
   51504.599    -0.399     5.562     2.244     -0.69   0.084   0.112
   51505.596    -0.404     5.570     2.271     -0.69   0.084   0.114
   51506.593    -0.400     5.466     2.232     -0.69   0.082   0.112
   51508.587    -0.399     5.579     2.128     -0.74   0.084   0.107
   51509.585    -0.400     5.568     2.270     -0.69   0.084   0.114
   51510.582    -0.399     5.546     2.220     -0.70   0.083   0.111
   51511.579    -0.400     5.538     2.196     -0.71   0.083   0.110
   51512.576    -0.401     5.602     2.225     -0.71   0.084   0.111
   51513.573    -0.399     5.584     2.232     -0.70   0.084   0.112
   51515.568    -0.400     5.490     2.278     -0.67   0.082   0.114
   51516.565    -0.399     5.532     2.166     -0.72   0.083   0.108
   51517.562    -0.398     5.579     2.255     -0.69   0.084   0.113
   51518.560    -0.405     5.553     2.246     -0.69   0.083   0.112
   51519.557    -0.403     5.515     2.226     -0.69   0.083   0.111
   51520.555    -0.405     5.559     2.243     -0.69   0.083   0.112
   51521.552    -0.398     5.558     2.223     -0.70   0.083   0.111
   51522.549    -0.404     5.551     2.113     -0.74   0.083   0.106
   51526.538    -0.401     5.594     2.316     -0.68   0.084   0.116
   51527.535    -0.399     5.610     2.272     -0.69   0.084   0.114
   51528.532    -0.402     5.601     2.226     -0.71   0.084   0.111
   51529.530    -0.400     5.614     2.307     -0.68   0.084   0.115
   51530.527    -0.402     5.606     1.997     -0.79   0.084   0.100
   51531.524    -0.403     5.617     2.313     -0.68   0.084   0.116
   51532.521    -0.405     5.589     2.252     -0.70   0.084   0.113
   51533.520    -0.398     5.614     2.216     -0.71   0.084   0.111
   51534.517    -0.402     5.580     2.169     -0.72   0.084   0.109
   51535.492    -0.903     5.565     2.195     -0.71   0.084   0.110
   51541.497    -0.402     5.579     2.156     -0.73   0.084   0.108
   51542.494    -0.399     5.610     2.226     -0.71   0.084   0.111
   51543.492    -0.399     5.545     2.143     -0.73   0.083   0.107
   51547.492    -0.399     5.514     2.139     -0.73   0.083   0.107
   51548.476    -0.402     5.624     2.270     -0.69   0.084   0.114
   51549.476    -0.402     5.557     2.245     -0.69   0.083   0.112
   51550.473    -0.404     5.535     2.250     -0.69   0.083   0.113
   51551.470    -0.402     5.552     2.269     -0.69   0.083   0.114
   51552.467    -0.404     5.581     2.250     -0.70   0.084   0.113
   51553.464    -0.404     5.613     2.253     -0.70   0.084   0.113
   51554.462    -0.403     5.583     2.207     -0.71   0.084   0.110
   51558.450    -0.403     5.563     2.371     -0.65   0.084   0.119
   51559.448    -0.401     5.669     2.161     -0.74   0.085   0.108
   51560.445    -0.399     5.621     2.429     -0.64   0.084   0.122
   51561.442    -0.401     5.608     2.134     -0.74   0.084   0.107
   51562.439    -0.403     5.591     2.179     -0.72   0.084   0.109
   51565.432    -0.399     5.644     2.256     -0.70   0.085   0.113
   51566.429    -0.403     5.553     2.176     -0.72   0.083   0.109
   51570.418    -0.402     5.620     2.267     -0.70   0.084   0.113
   51571.415    -0.400     5.623     2.085     -0.76   0.084   0.104
   51572.412    -0.400     5.627     1.893     -0.83   0.084   0.095
   51575.404    -0.403     5.586     2.210     -0.71   0.084   0.111
   51576.401    -0.400     5.617     2.304     -0.68   0.084   0.115
   51577.399    -0.398     5.563     2.289     -0.68   0.084   0.115
   51578.396    -0.402     5.538     2.336     -0.66   0.083   0.117
   51580.391    -0.401     5.694     2.247     -0.71   0.085   0.112
   51581.388    -0.405     5.572     2.214     -0.71   0.084   0.111
   51582.385    -0.402     5.597     2.182     -0.72   0.084   0.109
   51583.383    -0.400     5.643     2.262     -0.70   0.085   0.113
   51584.380    -0.401     5.557     2.211     -0.71   0.083   0.111
   51585.377    -0.405     5.511     2.196     -0.70   0.083   0.110
   51586.374    -0.404     5.628     2.201     -0.72   0.085   0.110
   51587.371    -0.401     5.658     2.173     -0.73   0.085   0.109
   51588.369    -0.405     5.592     2.201     -0.71   0.084   0.110
   51589.366    -0.404     5.533     2.240     -0.69   0.083   0.112
   51590.363    -0.402     5.304     2.154     -0.69   0.080   0.108
   51591.360    -0.406     5.577     2.202     -0.71   0.084   0.110
   51592.357    -0.402     5.534    -1.000    -10.00   0.083   0.000
   51598.342    -0.400     5.630     2.226     -0.71   0.085   0.111
   51599.339    -0.399     5.632     2.231     -0.71   0.085   0.112
   51600.336    -0.403     5.615     2.221     -0.71   0.084   0.111
   51601.333    -0.402     5.604     2.311     -0.68   0.084   0.116
   51602.330    -0.403     5.573     2.300     -0.68   0.084   0.115
   51603.325    -0.404     5.568     2.210     -0.71   0.084   0.111
   51604.325    -0.404     5.539     2.227     -0.70   0.083   0.111
   51605.322    -0.401     5.598     2.241     -0.70   0.084   0.112
   51606.319    -0.404     5.573     2.235     -0.70   0.084   0.112
   51607.316    -0.406     5.400     2.104     -0.72   0.081   0.105
   51610.309    -0.399     5.760     2.309     -0.70   0.086   0.116
   51612.304    -0.399     5.612     2.289     -0.69   0.084   0.115
   51613.301    -0.399     5.608     2.229     -0.71   0.084   0.112
   51614.298    -0.404     5.629     2.199     -0.72   0.085   0.110
   51615.295    -0.402     5.612     2.182     -0.72   0.084   0.109
   51616.292    -0.401     5.619     2.206     -0.72   0.084   0.110
   51617.289    -0.406     5.628     2.189     -0.72   0.085   0.110
   51618.287    -0.403     5.610     2.201     -0.72   0.084   0.110
   51619.284    -0.399     5.637     2.346     -0.67   0.085   0.117
   51620.281    -0.404     5.572     2.280     -0.69   0.084   0.114
   51621.279    -0.399     5.678     2.169     -0.74   0.085   0.109
   51622.275    -0.404     5.623     2.195     -0.72   0.084   0.110
   51623.273    -0.403     5.633     2.268     -0.70   0.085   0.114
   51625.268    -0.405     5.604     2.230     -0.71   0.084   0.112
   51626.265    -0.403     5.573     2.205     -0.71   0.084   0.110
   51627.263    -0.399     5.595     2.193     -0.72   0.084   0.110
   51628.260    -0.403     5.630     2.246     -0.70   0.085   0.112
   51629.257    -0.400     5.601     2.203     -0.71   0.084   0.110
   51630.254    -0.405     5.630     2.267     -0.70   0.085   0.113
   51631.251    -0.405     5.451    -1.000    -10.00   0.082   0.000
   51633.246    -0.399     5.616     2.180     -0.73   0.084   0.109
   51638.232    -0.402     5.595     2.291     -0.68   0.084   0.115
   51639.229    -0.401     5.609     2.257     -0.70   0.084   0.113
   51640.227    -0.404     5.632     2.229     -0.71   0.085   0.112
   51646.210    -0.403     5.582     2.173     -0.72   0.084   0.109
   51647.208    -0.402     5.607     2.190     -0.72   0.084   0.110
   51648.205    -0.402     5.572     2.209     -0.71   0.084   0.111
   51649.202    -0.405     5.542     2.284     -0.68   0.083   0.114
   51650.199    -0.404     5.596     2.229     -0.70   0.084   0.112
   51651.197    -0.401     5.573     2.015     -0.78   0.084   0.101
   51652.194    -0.402     5.616     2.329     -0.67   0.084   0.117
   51653.191    -0.399     5.616     2.280     -0.69   0.084   0.114
   51654.188    -0.401     5.542     2.187     -0.71   0.083   0.109
   51659.175    -0.404     5.595     2.039     -0.77   0.084   0.102
   51660.172    -0.401     5.601     2.261     -0.69   0.084   0.113
   51661.170    -0.399     5.594     2.190     -0.72   0.084   0.110
   51662.167    -0.401     5.572     2.214     -0.71   0.084   0.111
   51663.164    -0.404     5.654     2.260     -0.70   0.085   0.113
   51664.161    -0.404     5.611     2.238     -0.70   0.084   0.112
   51665.158    -0.401     5.516     2.122     -0.73   0.083   0.106
   51799.784    -0.536     5.512     2.337     -0.66   0.083   0.117
   51800.782    -0.533     5.445     2.080     -0.74   0.082   0.104
   51801.821     0.485     5.797     2.295     -0.71   0.087   0.115
   51802.776    -0.537     5.632     2.493     -0.62   0.085   0.125
   51803.773    -0.539     5.565     2.329     -0.67   0.084   0.117
   51806.766    -0.532     5.590     2.479     -0.62   0.084   0.124
   51807.763    -0.532     5.578     2.510     -0.61   0.084   0.126
   51809.757    -0.537     5.601     2.445     -0.63   0.084   0.122
   51810.754    -0.537     5.549     2.441     -0.63   0.083   0.122
   51812.749    -0.540     5.578     2.404     -0.64   0.084   0.120
   51813.746    -0.535     5.564     2.385     -0.65   0.084   0.119
   51814.743    -0.533     5.535     2.231     -0.70   0.083   0.112
   51815.740    -0.538     5.563     2.216     -0.70   0.084   0.111
   51816.738    -0.539     5.556     2.202     -0.71   0.083   0.110
   51817.735    -0.540     5.636     2.374     -0.66   0.085   0.119
   51818.732    -0.538     5.667     2.230     -0.71   0.085   0.112
   51819.729    -0.537     5.608     2.369     -0.66   0.084   0.119
   51820.728    -0.530     5.603     2.380     -0.66   0.084   0.119
   51821.725    -0.533     5.538     2.302     -0.67   0.083   0.115
