6.23	0.00033 0.000033
9.95	0.00048 0.000064
13.2	0.00041 0.000047
13.59	0.00036 0.000031
18.77	0.00077 0.000054
20.2	0.00135 0.000055
22.5	0.00074 0.000046
23.09	0.00055 0.000043
24.39	0.00065 0.000044
25	0.00054 0.000046
26.04	0.00053 0.000051
28.07	0.00085 0.000036
31.84	0.00047 0.000038
35.09	0.00064 0.000043
36.83	0.00059 0.000069
40.02	0.0004 0.000049
41.06	0.00064 0.000055
42.96	0.00055 0.000036
45.03	0.000425 0.000043
48.73	0.00061 0.00007
50.78	0.0005 0.000034
54.46	0.000805 0.000038
56.69	0.000605 0.00005
63.2	0.00063 0.000032
66.71	0.000585 0.000048
67.43	0.00055 0.000031
70.54	0.000505 0.000062
70.74	0.000535 0.000043
74.65	0.000385 0.000051
82.56	0.00036 0.00007
87.11	0.00037 0.000038
88.45	0.00055 0.000061
90.33	0.000515 0.000037
94.36	0.000615 0.000037
98.23	0.00077 0.000057
99.72	0.00061 0.000055
102.05	0.0005 0.000042
105.6	0.00071 0.000052
117.55	0.000425 0.000057
126.74	0.0004 0.000041
140.46	0.00038 0.00004
148.72	0.00042 0.000044
157.33	0.00035 0.00004
165.5	0.0003 0.000034
170.66	0.00028 0.000031
181.29	0.000385 0.000032
194.25	0.000325 0.000037
214.24	0.00018 0.000035
238.18	0.00022 0.000035
255	0.000275 0.000053
257.08	0.000235 0.000041
263.87	0.00022 0.00005
275.14	0.0002 0.000024
309.19	0.000165 0.000017
369.62	0.000125 0.000028
408.93	0.000104 0.000044
