   50631.431     1.979     0.012     0.005     -0.69   0.004   0.006
   50632.429     1.977     0.011     0.012      0.05   0.004   0.006
   50633.426     1.980     0.009     0.006     -0.34   0.004   0.006
   50634.423     1.979     0.008     0.013      0.36   0.004   0.006
   50635.420     1.977     0.012     0.008     -0.33   0.004   0.006
   50636.418     1.982     0.009     0.009     -0.03   0.004   0.006
   50637.415     1.980     0.011     0.010     -0.04   0.004   0.006
   50638.412     1.977     0.009     0.004     -0.68   0.004   0.006
   50638.481     3.644     0.004     0.006      0.33   0.004   0.006
   50639.409     1.980     0.019     0.010     -0.48   0.004   0.006
   50639.479     3.648     0.005     0.009      0.47   0.004   0.006
   50640.406     1.977     0.010     0.008     -0.17   0.004   0.006
   50640.476     3.648     0.010     0.002     -1.09   0.004   0.006
   50641.403     1.980     0.008     0.011      0.27   0.004   0.006
   50641.473     3.646     0.010     0.011      0.05   0.004   0.006
   50642.401     1.980     0.009     0.011      0.17   0.004   0.006
   50642.470     3.645     0.010     0.015      0.27   0.004   0.006
   50643.398     1.980     0.010     0.003     -0.93   0.004   0.006
   50643.468     3.647     0.014     0.006     -0.67   0.004   0.006
   50644.396     1.978     0.007     0.005     -0.23   0.004   0.006
   50644.465     3.646     0.007     0.018      0.80   0.004   0.006
   50645.393     1.977     0.006     0.016      0.74   0.004   0.006
   50645.462     3.644     0.006     0.010      0.34   0.004   0.006
   50646.390     1.978     0.012     0.006     -0.53   0.004   0.006
   50646.445     3.315     0.010     0.008     -0.19   0.004   0.006
   50647.388     1.978     0.008     0.008      0.00   0.004   0.006
   50647.442     3.313     0.009     0.003     -0.75   0.004   0.006
   50648.385     1.981     0.007     0.009      0.18   0.004   0.006
   50648.440     3.313     0.007     0.017      0.64   0.004   0.006
   50649.382     1.980     0.010     0.009     -0.08   0.004   0.006
   50649.438     3.312     0.007     0.010      0.28   0.004   0.006
   50650.379     1.977     0.009     0.011      0.16   0.004   0.006
   50650.435     3.313     0.011     0.013      0.17   0.004   0.006
   50651.376     1.978     0.005     0.006      0.07   0.004   0.006
   50651.432     3.312     0.007     0.006     -0.10   0.004   0.006
   50652.374     1.978     0.012     0.002     -1.25   0.004   0.006
   50652.430     3.314     0.014     0.002     -1.37   0.004   0.006
   50653.371     1.977     0.007     0.013      0.41   0.004   0.006
   50653.427     3.311     0.011     0.009     -0.15   0.004   0.006
   50654.368     1.981     0.004     0.007      0.31   0.004   0.006
   50654.424     3.313     0.009     0.007     -0.16   0.004   0.006
   50656.363     1.980     0.012     0.009     -0.18   0.004   0.006
   50656.418     3.314     0.011     0.005     -0.62   0.004   0.006
   50657.360     1.980     0.008     0.010      0.17   0.004   0.006
   50657.415     3.312     0.006     0.013      0.65   0.004   0.006
   50658.357     1.979     0.004     0.009      0.76   0.004   0.006
   50658.413     3.316     0.008     0.007     -0.08   0.004   0.006
   50659.354     1.980     0.007     0.003     -0.71   0.004   0.006
   50659.410     3.311     0.013     0.007     -0.50   0.004   0.006
   50660.352     1.977     0.007     0.004     -0.55   0.004   0.006
   50662.347     1.978     0.007     0.006     -0.02   0.004   0.006
   50662.401     3.310     0.010     0.006     -0.39   0.004   0.006
   50663.344     1.977     0.012     0.009     -0.19   0.004   0.006
   50663.399     3.314     0.008     0.013      0.40   0.004   0.006
   50664.341     1.981     0.004     0.005      0.32   0.004   0.006
   50664.396     3.312     0.008     0.004     -0.45   0.004   0.006
   50665.338     1.979     0.013     0.006     -0.54   0.004   0.006
   50665.394     3.314     0.005     0.008      0.35   0.004   0.006
   50666.336     1.981     0.007     0.007     -0.01   0.004   0.006
   50666.391     3.310     0.011     0.009     -0.18   0.004   0.006
   50667.333     1.979     0.008     0.015      0.48   0.004   0.006
   50667.388     3.313     0.007     0.009      0.19   0.004   0.006
   50668.330     1.979     0.008     0.012      0.30   0.004   0.006
   50668.386     3.311     0.010     0.016      0.37   0.004   0.006
   50670.324     1.979     0.007     0.005     -0.28   0.004   0.006
   50670.380     3.312     0.010     0.009     -0.09   0.004   0.006
   50671.322     1.979     0.010     0.010     -0.02   0.004   0.006
   50671.377     3.314     0.006     0.004     -0.21   0.004   0.006
   50672.319     1.980     0.004     0.008      0.57   0.004   0.006
   50672.375     3.314     0.008     0.007     -0.15   0.004   0.006
   50673.316     1.981     0.007     0.003     -0.63   0.004   0.006
   50673.372     3.311     0.011     0.010     -0.08   0.004   0.006
   50674.313     1.977     0.004     0.007      0.47   0.004   0.006
   50674.369     3.311     0.008     0.005     -0.37   0.004   0.006
   50675.311     1.981     0.002     0.004      0.47   0.004   0.006
   50675.366     3.310     0.009     0.007     -0.21   0.004   0.006
   50676.309     1.979     0.013     0.007     -0.46   0.004   0.006
   50676.363     3.311     0.008     0.014      0.38   0.004   0.006
   50678.303     1.979     0.004     0.006      0.34   0.004   0.006
   50678.358     3.312     0.007     0.006     -0.13   0.004   0.006
   50679.300     1.980     0.010     0.007     -0.34   0.004   0.006
   50679.355     3.312     0.009     0.007     -0.17   0.004   0.006
   50680.297     1.981     0.018     0.012     -0.31   0.004   0.006
   50680.353     3.311     0.013     0.011     -0.12   0.004   0.006
   50681.295     1.981     0.011     0.007     -0.35   0.004   0.006
   50681.350     3.311     0.012     0.004     -0.86   0.004   0.006
   50682.292     1.977     0.006     0.008      0.28   0.004   0.006
   50682.347     3.311     0.023     0.006     -0.98   0.004   0.006
   50683.289     1.979     0.022     0.007     -0.95   0.004   0.006
   50683.345     3.311     0.014     0.008     -0.43   0.004   0.006
   50684.286     1.979     0.015     0.003     -1.31   0.004   0.006
   50684.342     3.312     0.010     0.010      0.00   0.004   0.006
   50685.283     1.979     0.011     0.007     -0.32   0.004   0.006
   50685.339     3.311     0.009     0.008     -0.13   0.004   0.006
   50686.281     1.979     0.012     0.009     -0.26   0.004   0.006
   50686.336     3.312     0.013     0.015      0.15   0.004   0.006
   50687.278     1.977     0.014     0.009     -0.28   0.004   0.006
   50687.333     3.311     0.012     0.010     -0.09   0.004   0.006
   50688.275     1.978     0.010     0.011      0.09   0.004   0.006
   50688.331     3.313     0.014     0.013     -0.05   0.004   0.006
   50689.272     1.979     0.013     0.007     -0.50   0.004   0.006
   50689.328     3.313     0.015     0.003     -1.21   0.004   0.006
   50690.270     1.978     0.025     0.011     -0.60   0.004   0.006
   50690.325     3.316     0.009     0.012      0.21   0.004   0.006
   50691.268     1.981     0.013     0.010     -0.24   0.004   0.006
   50691.322     3.314     0.009     0.007     -0.19   0.004   0.006
   50692.265     1.979     0.009     0.011      0.16   0.004   0.006
   50692.320     3.312     0.011     0.007     -0.32   0.004   0.006
   50693.262     1.980     0.008     0.004     -0.49   0.004   0.006
   50693.317     3.314     0.016     0.014     -0.12   0.004   0.006
   50694.259     1.980     0.007     0.007     -0.05   0.004   0.006
   50694.314     3.313     0.017     0.008     -0.57   0.004   0.006
   50697.251     1.978     0.006     0.009      0.34   0.004   0.006
   50697.307     3.311     0.014     0.011     -0.19   0.004   0.006
   50698.248     1.978     0.006     0.004     -0.32   0.004   0.006
   50698.304     3.310     0.003     0.006      0.46   0.004   0.006
   50699.245     1.982     0.011     0.006     -0.41   0.004   0.006
   50699.301     3.314     0.007     0.006     -0.21   0.004   0.006
   50700.242     1.978     0.008     0.003     -0.80   0.004   0.006
   50700.298     3.312     0.015     0.009     -0.38   0.004   0.006
   50701.240     1.980     0.010     0.003     -0.94   0.004   0.006
   50701.295     3.312     0.012     0.004     -0.83   0.004   0.006
   50702.237     1.979     0.007     0.009      0.23   0.004   0.006
   50702.293     3.312     0.014     0.004     -0.87   0.004   0.006
   50703.234     1.979     0.007     0.012      0.45   0.004   0.006
   50703.290     3.314     0.015     0.004     -0.96   0.004   0.006
   50704.231     1.982     0.014     0.006     -0.73   0.004   0.006
   50704.287     3.313     0.021     0.009     -0.64   0.004   0.006
   50705.229     1.978     0.005     0.005      0.03   0.004   0.006
   50705.284     3.311     0.009     0.003     -0.84   0.004   0.006
   50706.227     1.980     0.009     0.009      0.08   0.004   0.006
   50706.281     3.311     0.013     0.011     -0.14   0.004   0.006
   50707.224     1.976     0.012     0.006     -0.47   0.004   0.006
   50707.279     3.312     0.010     0.007     -0.26   0.004   0.006
   50708.221     1.978     0.010     0.015      0.34   0.004   0.006
   50708.276     3.311     0.007     0.009      0.15   0.004   0.006
   50709.218     1.980     0.007     0.010      0.24   0.004   0.006
   50709.273     3.313     0.008     0.004     -0.48   0.004   0.006
   50710.216     1.980     0.006     0.004     -0.29   0.004   0.006
   50710.271     3.314     0.018     0.010     -0.42   0.004   0.006
   50711.213     1.980     0.005     0.006      0.12   0.004   0.006
   50711.268     3.312     0.012     0.008     -0.30   0.004   0.006
   50712.210     1.977     0.005     0.002     -0.58   0.004   0.006
   50712.266     3.314     0.006     0.008      0.21   0.004   0.006
   50713.207     1.979     0.009     0.009     -0.06   0.004   0.006
   50713.263     3.313     0.010     0.006     -0.39   0.004   0.006
   50714.204     1.980     0.006     0.004     -0.38   0.004   0.006
   50714.260     3.311     0.009     0.013      0.25   0.004   0.006
   50715.202     1.979     0.011     0.002     -1.18   0.004   0.006
   50715.257     3.313     0.015     0.005     -0.85   0.004   0.006
   50716.199     1.979     0.009     0.008     -0.09   0.004   0.006
   50716.254     3.311     0.010     0.003     -0.82   0.004   0.006
   50718.193     1.978     0.008     0.010      0.20   0.004   0.006
   50718.249     3.310     0.010     0.005     -0.43   0.004   0.006
   50719.190     1.982     0.008     0.008      0.05   0.004   0.006
   50719.246     3.313     0.005     0.004     -0.17   0.004   0.006
   50720.188     1.978     0.006     0.006      0.00   0.004   0.006
   50720.243     3.316     0.012     0.011     -0.05   0.004   0.006
   50721.186     1.978     0.010     0.008     -0.16   0.004   0.006
   50721.241     3.315     0.013     0.007     -0.50   0.004   0.006
   50722.183     1.980     0.005     0.006      0.23   0.004   0.006
   50722.238     3.313     0.009     0.007     -0.19   0.004   0.006
   50723.180     1.979     0.010     0.011      0.04   0.004   0.006
   50723.235     3.311     0.008     0.005     -0.26   0.004   0.006
   50724.177     1.979     0.008     0.006     -0.29   0.004   0.006
   50724.232     3.314     0.009     0.007     -0.22   0.004   0.006
   50725.175     1.979     0.006     0.002     -1.04   0.004   0.006
   50725.229     3.312     0.008     0.007     -0.14   0.004   0.006
   50726.172     1.980     0.011     0.005     -0.60   0.004   0.006
   50726.228     3.314     0.013     0.005     -0.69   0.004   0.006
   50727.169     1.980     0.009     0.006     -0.35   0.004   0.006
   50727.225     3.313     0.015     0.003     -1.25   0.004   0.006
   50728.166     1.983     0.009     0.004     -0.57   0.004   0.006
   50728.222     3.311     0.008     0.009      0.10   0.004   0.006
   50729.163     1.980     0.011     0.006     -0.48   0.004   0.006
   50730.161     1.978     0.010     0.009     -0.10   0.004   0.006
   50731.158     1.978     0.011     0.012      0.09   0.004   0.006
   50732.155     1.980     0.008     0.005     -0.37   0.004   0.006
   50733.152     1.982     0.010     0.005     -0.46   0.004   0.006
   50734.150     1.981     0.005     0.007      0.21   0.004   0.006
   50735.147     1.980     0.013     0.005     -0.65   0.004   0.006
   50736.145     1.979     0.006     0.010      0.40   0.004   0.006
   50737.142     1.980     0.006     0.009      0.34   0.004   0.006
   50738.139     1.979     0.004     0.008      0.41   0.004   0.006
   50739.137     1.981     0.008     0.007     -0.19   0.004   0.006
   50740.134     1.980     0.006     0.004     -0.31   0.004   0.006
   50741.131     1.980     0.008     0.008     -0.04   0.004   0.006
   50742.128     1.979     0.005     0.013      0.69   0.004   0.006
   50743.125     1.981     0.003     0.007      0.64   0.004   0.006
   50744.122     1.980     0.006     0.009      0.39   0.004   0.006
   50745.119     1.976     0.010     0.004     -0.73   0.004   0.006
   50746.117     1.982     0.015     0.009     -0.38   0.004   0.006
   50747.114     1.979     0.008     0.007     -0.14   0.004   0.006
   50748.111     1.980     0.009     0.009      0.05   0.004   0.006
   50749.109     1.982     0.013     0.005     -0.73   0.004   0.006
   50750.106     1.977     0.006     0.011      0.46   0.004   0.006
   50751.104     1.977     0.008     0.006     -0.19   0.004   0.006
   50752.101     1.980     0.009     0.007     -0.28   0.004   0.006
   50753.098     1.981     0.010     0.013      0.20   0.004   0.006
   50754.096     1.981     0.005     0.007      0.21   0.004   0.006
   50755.093     1.980     0.012     0.004     -0.77   0.004   0.006
   50756.090     1.981     0.008     0.004     -0.51   0.004   0.006
   50757.087     1.979     0.011     0.004     -0.80   0.004   0.006
   50758.084     1.980     0.005     0.002     -0.55   0.004   0.006
   50759.081     1.979     0.004     0.007      0.48   0.004   0.006
   50760.079     1.980     0.005     0.001     -1.08   0.004   0.006
   50761.076     1.979     0.005     0.009      0.39   0.004   0.006
   50762.073     1.977     0.004     0.009      0.69   0.004   0.006
   50763.070     1.979     0.005     0.008      0.31   0.004   0.006
   50764.068     1.981     0.007     0.008      0.19   0.004   0.006
   50765.065     1.980     0.004     0.004     -0.13   0.004   0.006
   50766.062     1.980     0.004     0.015      0.92   0.004   0.006
   50767.060     1.979     0.005     0.009      0.53   0.004   0.006
   50768.057     1.981     0.011     0.007     -0.34   0.004   0.006
   50769.055     1.978     0.011     0.011     -0.01   0.004   0.006
   50770.052     1.978     0.010     0.005     -0.62   0.004   0.006
   50771.049     1.981     0.007     0.009      0.11   0.004   0.006
   50772.046     1.979     0.013     0.008     -0.39   0.004   0.006
   50773.043     1.981     0.008     0.006     -0.21   0.004   0.006
   50774.041     1.981     0.010     0.004     -0.80   0.004   0.006
   50775.038     1.979     0.011     0.004     -0.66   0.004   0.006
   50776.035     1.980     0.008     0.009      0.14   0.004   0.006
   50777.032     1.981     0.008     0.007     -0.03   0.004   0.006
   50778.029     1.978     0.006     0.007      0.18   0.004   0.006
   50781.021     1.980     0.005     0.007      0.31   0.004   0.006
   50782.019     1.979     0.003     0.005      0.23   0.004   0.006
   50783.016     1.978     0.009     0.005     -0.49   0.004   0.006
   50784.014     1.978     0.006     0.005     -0.18   0.004   0.006
   50785.011     1.980     0.008     0.011      0.27   0.004   0.006
   50786.008     1.981     0.004     0.010      0.60   0.004   0.006
   50787.005     1.976     0.012     0.003     -0.94   0.004   0.006
   50788.002     1.981     0.006     0.007      0.10   0.004   0.006
   50789.000     1.985     0.008     0.006     -0.23   0.004   0.006
   50789.997     1.983     0.009     0.003     -0.80   0.004   0.006
   50790.994     1.984     0.008     0.011      0.26   0.004   0.006
   50791.991     1.979     0.004     0.010      0.62   0.004   0.006
   50792.988     1.980     0.006     0.005     -0.23   0.004   0.006
   50793.986     1.978     0.007     0.006     -0.09   0.004   0.006
   50794.983     1.982     0.009     0.008     -0.04   0.004   0.006
   50795.980     1.979     0.004     0.003     -0.22   0.004   0.006
   50796.978     1.978     0.005     0.009      0.50   0.004   0.006
   50797.975     1.978     0.006     0.006      0.07   0.004   0.006
   50798.973     1.978     0.015     0.005     -0.90   0.004   0.006
   50799.970     1.981     0.007     0.006     -0.17   0.004   0.006
   50800.967     1.979     0.005     0.009      0.41   0.004   0.006
   50801.964     1.981     0.004     0.005      0.12   0.004   0.006
   50802.962     1.981     0.019     0.006     -0.83   0.004   0.006
   50803.959     1.978     0.008     0.006     -0.19   0.004   0.006
   50804.956     1.979     0.006     0.005     -0.14   0.004   0.006
   50805.953     1.979     0.010     0.003     -1.07   0.004   0.006
   50809.942     1.979     0.007     0.008      0.03   0.004   0.006
   50810.939     1.981     0.007     0.006     -0.18   0.004   0.006
   50812.934     1.976     0.010     0.006     -0.47   0.004   0.006
   50815.926     1.980     0.007     0.008      0.10   0.004   0.006
   50816.923     1.978     0.006     0.009      0.35   0.004   0.006
   50817.921     1.982     0.004     0.007      0.40   0.004   0.006
   50818.918     1.978     0.010     0.005     -0.49   0.004   0.006
   50819.915     1.980     0.007     0.009      0.17   0.004   0.006
   50820.912     1.981     0.008     0.007     -0.09   0.004   0.006
   50821.909     1.978     0.009     0.007     -0.21   0.004   0.006
   50822.907     1.979     0.009     0.007     -0.18   0.004   0.006
   50823.904     1.978     0.004     0.012      0.81   0.004   0.006
   50824.901     1.978     0.006     0.003     -0.65   0.004   0.006
   50825.898     1.976     0.005     0.009      0.46   0.004   0.006
   50826.896     1.980     0.005     0.005     -0.05   0.004   0.006
   50827.894     1.980     0.004     0.007      0.41   0.004   0.006
   50828.891     1.981     0.008     0.010      0.20   0.004   0.006
   50829.888     1.978     0.009     0.009      0.01   0.004   0.006
   50830.885     1.981     0.010     0.002     -1.21   0.004   0.006
   50831.882     1.979     0.006     0.007      0.13   0.004   0.006
   50832.880     1.978     0.003     0.011      1.08   0.004   0.006
   50833.877     1.978     0.004     0.007      0.31   0.004   0.006
   50834.874     1.981     0.002     0.010      1.31   0.004   0.006
   50835.871     1.978     0.006     0.008      0.26   0.004   0.006
   50836.868     1.979     0.007     0.009      0.26   0.004   0.006
   50838.863     1.981     0.008     0.007     -0.07   0.004   0.006
   50839.860     1.978     0.006     0.003     -0.44   0.004   0.006
   50841.855     1.981     0.009     0.008     -0.10   0.004   0.006
   50843.850     1.978     0.007     0.011      0.34   0.004   0.006
   50844.847     1.980     0.006     0.003     -0.52   0.004   0.006
   50845.844     1.978     0.008     0.005     -0.34   0.004   0.006
   50846.841     1.979     0.002     0.004      0.35   0.004   0.006
   50847.839     1.981     0.016     0.005     -0.87   0.004   0.006
   50849.833     1.979     0.012     0.007     -0.37   0.004   0.006
   50850.830     1.978     0.009     0.010      0.09   0.004   0.006
   50851.827     1.978     0.011     0.008     -0.20   0.004   0.006
   50852.825     1.981     0.007     0.007     -0.08   0.004   0.006
   50853.822     1.978     0.007     0.004     -0.35   0.004   0.006
   50855.816     1.978     0.007     0.008      0.10   0.004   0.006
   50856.813     1.978     0.006     0.012      0.51   0.004   0.006
   50857.812     1.979     0.010     0.005     -0.46   0.004   0.006
   50858.809     1.980     0.009     0.003     -0.73   0.004   0.006
   50859.806     1.981     0.013     0.005     -0.79   0.004   0.006
   50860.803     1.978     0.010     0.003     -0.88   0.004   0.006
   50861.801     1.981     0.005     0.007      0.22   0.004   0.006
   50862.798     1.979     0.004     0.009      0.63   0.004   0.006
   50863.795     1.981     0.003     0.007      0.81   0.004   0.006
   50864.792     1.980     0.009     0.007     -0.26   0.004   0.006
   50865.789     1.980     0.008     0.009      0.07   0.004   0.006
   50866.787     1.979     0.004     0.006      0.32   0.004   0.006
   50869.778     1.978     0.005     0.004     -0.28   0.004   0.006
   50870.775     1.978     0.004     0.005      0.15   0.004   0.006
   50871.773     1.980     0.005     0.004     -0.24   0.004   0.006
   50872.771     1.981     0.004     0.007      0.43   0.004   0.006
   50873.768     1.979     0.005     0.009      0.43   0.004   0.006
   50874.768     1.981     0.004     0.002     -0.64   0.004   0.006
   50875.762     1.979     0.002     0.007      0.91   0.004   0.006
   50876.760     1.981     0.006     0.011      0.53   0.004   0.006
   50878.754     1.978     0.014     0.005     -0.74   0.004   0.006
   50879.751     1.983     0.013     0.007     -0.51   0.004   0.006
   50880.748     1.981     0.006     0.006      0.09   0.004   0.006
   50881.746     1.983     0.009     0.009      0.06   0.004   0.006
   50882.743     1.978     0.010     0.012      0.13   0.004   0.006
   50885.734     1.978     0.009     0.005     -0.45   0.004   0.006
   50886.732     1.978     0.009     0.005     -0.51   0.004   0.006
   50887.729     1.980     0.010     0.007     -0.28   0.004   0.006
   50888.727     1.981     0.003     0.004      0.21   0.004   0.006
   50889.724     1.980     0.015     0.004     -0.98   0.004   0.006
   50890.721     1.980     0.006     0.005     -0.01   0.004   0.006
   50892.716     1.980     0.003     0.009      0.78   0.004   0.006
   50893.713     1.980     0.009     0.005     -0.48   0.004   0.006
   50894.710     1.982     0.012     0.009     -0.17   0.004   0.006
   50895.708     1.980     0.010     0.002     -1.34   0.004   0.006
   50896.705     1.978     0.005     0.007      0.23   0.004   0.006
   50897.702     1.981     0.007     0.012      0.44   0.004   0.006
   50899.696     1.980     0.006     0.006      0.03   0.004   0.006
   50900.694     1.981     0.008     0.003     -0.87   0.004   0.006
   50901.691     1.980     0.004     0.005      0.22   0.004   0.006
   50902.688     1.978     0.009     0.009     -0.01   0.004   0.006
   50903.686     1.981     0.009     0.006     -0.33   0.004   0.006
   50904.684     2.006     0.011     0.007     -0.35   0.004   0.006
   50906.679     2.005     0.013     0.014      0.08   0.004   0.006
   50907.675     1.979     0.010     0.014      0.29   0.004   0.006
   50908.672     1.980     0.009     0.009      0.02   0.004   0.006
   50909.669     1.979     0.003     0.006      0.48   0.004   0.006
   50910.667     1.980     0.009     0.006     -0.28   0.004   0.006
   50911.664     1.981     0.013     0.008     -0.36   0.004   0.006
   50913.658     1.984     0.006     0.008      0.14   0.004   0.006
   50914.655     1.980     0.004     0.013      0.80   0.004   0.006
   50915.653     1.980     0.010     0.006     -0.38   0.004   0.006
   50916.650     1.981     0.014     0.008     -0.44   0.004   0.006
   50917.647     1.979     0.013     0.007     -0.53   0.004   0.006
   50918.645     1.978     0.007     0.009      0.27   0.004   0.006
   50920.640     1.978     0.007     0.007      0.03   0.004   0.006
   50921.637     1.980     0.011     0.007     -0.27   0.004   0.006
   50922.634     1.982     0.011     0.008     -0.20   0.004   0.006
   50923.631     1.978     0.002     0.009      1.07   0.004   0.006
   50924.628     1.979     0.004     0.007      0.53   0.004   0.006
   50925.626     1.979     0.004     0.004      0.05   0.004   0.006
   50927.620     1.977     0.010     0.009     -0.10   0.004   0.006
   50928.617     1.979     0.007     0.008      0.12   0.004   0.006
   50929.614     1.979     0.005     0.011      0.60   0.004   0.006
   50930.612     1.980     0.004     0.013      0.84   0.004   0.006
   50931.609     1.981     0.013     0.009     -0.30   0.004   0.006
   50932.606     1.982     0.008     0.007     -0.11   0.004   0.006
   50934.601     1.980     0.013     0.014      0.06   0.004   0.006
   50935.599     1.981     0.016     0.007     -0.69   0.004   0.006
   50936.596     1.983     0.007     0.011      0.38   0.004   0.006
   50937.593     1.982     0.011     0.008     -0.29   0.004   0.006
   50939.587     1.977     0.007     0.012      0.38   0.004   0.006
   50941.582     1.978     0.007     0.014      0.50   0.004   0.006
   50942.579     1.981     0.009     0.011      0.18   0.004   0.006
   50943.576     1.982     0.011     0.005     -0.64   0.004   0.006
   50944.573     1.978     0.009     0.005     -0.41   0.004   0.006
   50945.571     1.981     0.014     0.002     -1.32   0.004   0.006
   50946.568     1.978     0.005     0.007      0.21   0.004   0.006
   50948.562     1.979     0.014     0.007     -0.47   0.004   0.006
   50949.560     1.979     0.009     0.004     -0.55   0.004   0.006
   50950.558     1.982     0.011     0.012      0.08   0.004   0.006
   50951.555     1.979     0.006     0.010      0.44   0.004   0.006
   50952.552     1.978     0.002     0.007      0.93   0.004   0.006
   50953.549     1.980     0.010     0.011      0.06   0.004   0.006
   50955.544     1.981     0.011     0.015      0.22   0.004   0.006
   50956.541     1.978     0.004     0.005      0.23   0.004   0.006
   50957.538     1.982     0.005     0.010      0.55   0.004   0.006
   50958.535     1.982     0.011     0.009     -0.17   0.004   0.006
   50959.532     1.978     0.007     0.007     -0.01   0.004   0.006
   50960.530     1.978     0.007     0.002     -0.95   0.004   0.006
   50962.524     1.979     0.004     0.006      0.24   0.004   0.006
   50963.521     1.981     0.006     0.003     -0.54   0.004   0.006
   50964.520     1.982     0.007     0.012      0.48   0.004   0.006
   50965.517     1.978     0.010     0.005     -0.46   0.004   0.006
   50966.509     1.869     0.018     0.025      0.24   0.004   0.006
   50967.511     1.980     0.007     0.003     -0.80   0.004   0.006
   50969.506     1.979     0.011     0.011     -0.02   0.004   0.006
   50970.503     1.977     0.010     0.007     -0.29   0.004   0.006
   50971.500     1.978     0.007     0.010      0.28   0.004   0.006
   50972.497     1.983     0.009     0.007     -0.23   0.004   0.006
   50974.492     1.979     0.008     0.007     -0.07   0.004   0.006
   50975.489     1.980     0.007     0.008      0.12   0.004   0.006
   50976.486     1.978     0.008     0.006     -0.23   0.004   0.006
   50977.483     1.980     0.008     0.011      0.23   0.004   0.006
   50978.480     1.979     0.004     0.010      0.78   0.004   0.006
   50979.479     1.977     0.005     0.009      0.45   0.004   0.006
   50980.476     1.977     0.005     0.009      0.51   0.004   0.006
   50981.473     1.980     0.010     0.008     -0.19   0.004   0.006
   50982.470     1.980     0.008     0.016      0.58   0.004   0.006
   50983.468     1.984     0.010     0.008     -0.12   0.004   0.006
   50984.465     1.977     0.010     0.012      0.10   0.004   0.006
   50985.462     1.980     0.006     0.009      0.31   0.004   0.006
   50986.459     1.982     0.012     0.013      0.06   0.004   0.006
   50987.456     1.979     0.015     0.014     -0.03   0.004   0.006
   50988.453     1.977     0.008     0.008      0.06   0.004   0.006
   50989.451     1.981     0.011     0.016      0.30   0.004   0.006
   50991.445     1.979     0.008     0.012      0.30   0.004   0.006
   50992.443     1.984     0.011     0.008     -0.23   0.004   0.006
   50993.440     1.980     0.008     0.008     -0.02   0.004   0.006
   50994.438     1.979     0.008     0.016      0.51   0.004   0.006
   50995.435     1.983     0.014     0.012     -0.12   0.004   0.006
   50996.432     1.980     0.025     0.005     -1.15   0.004   0.006
   50997.429     1.978     0.003     0.006      0.49   0.004   0.006
   50998.426     1.979     0.010     0.014      0.20   0.004   0.006
   50999.424     1.978     0.016     0.007     -0.67   0.004   0.006
   51000.421     1.980     0.016     0.014     -0.11   0.004   0.006
   51001.418     1.978     0.008     0.006     -0.29   0.004   0.006
   51008.398     1.977     0.018     0.006     -0.82   0.004   0.006
   51009.396     1.980     0.007     0.006     -0.18   0.004   0.006
   51010.394     1.979     0.012     0.010     -0.13   0.004   0.006
   51011.391     1.981     0.026     0.006     -1.15   0.004   0.006
   51012.388     1.979     0.011     0.011      0.02   0.004   0.006
   51013.386     1.980     0.015     0.006     -0.70   0.004   0.006
   51014.383     1.982     0.008     0.004     -0.62   0.004   0.006
   51015.380     1.979     0.010     0.004     -0.68   0.004   0.006
   51016.377     1.977     0.012     0.012      0.01   0.004   0.006
   51017.374     1.980     0.021     0.009     -0.62   0.004   0.006
   51018.372     1.978     0.023     0.008     -0.82   0.004   0.006
   51019.369     1.977     0.011     0.006     -0.44   0.004   0.006
   51020.366     1.978     0.015     0.016      0.04   0.004   0.006
   51021.363     1.979     0.009     0.011      0.17   0.004   0.006
   51022.361     1.983     0.010     0.009     -0.09   0.004   0.006
   51023.358     1.979     0.006     0.006     -0.08   0.004   0.006
   51024.355     1.979     0.007     0.007      0.02   0.004   0.006
   51025.353     1.979     0.015     0.009     -0.38   0.004   0.006
   51026.350     1.979     0.008     0.006     -0.18   0.004   0.006
   51027.347     1.979     0.013     0.006     -0.59   0.004   0.006
   51028.345     1.979     0.015     0.010     -0.31   0.004   0.006
   51029.342     1.979     0.005     0.014      0.80   0.004   0.006
   51030.339     1.978     0.006     0.009      0.35   0.004   0.006
   51031.336     1.981     0.015     0.006     -0.65   0.004   0.006
   51032.333     1.978     0.014     0.010     -0.24   0.004   0.006
   51033.331     1.980     0.009     0.006     -0.28   0.004   0.006
   51034.328     1.980     0.005     0.015      0.82   0.004   0.006
   51035.325     1.980     0.012     0.008     -0.27   0.004   0.006
   51036.322     1.982     0.003     0.012      1.02   0.004   0.006
   51037.320     1.980     0.004     0.012      0.80   0.004   0.006
   51038.317     1.980     0.005     0.009      0.38   0.004   0.006
   51039.314     1.978     0.013     0.006     -0.64   0.004   0.006
   51040.312     1.981     0.005     0.013      0.65   0.004   0.006
   51041.309     1.980     0.032     0.018     -0.43   0.004   0.006
   51042.307     1.980     0.016     0.019      0.14   0.004   0.006
   51044.301     1.978     0.016     0.007     -0.68   0.004   0.006
   51045.298     1.977     0.008     0.013      0.34   0.004   0.006
   51046.295     1.980     0.008     0.010      0.16   0.004   0.006
   51047.292     1.979     0.010     0.003     -0.92   0.004   0.006
   51048.290     1.979     0.011     0.013      0.14   0.004   0.006
   51049.287     1.980     0.010     0.005     -0.49   0.004   0.006
   51050.284     1.979     0.008     0.020      0.71   0.004   0.006
   51051.281     1.980     0.007     0.011      0.34   0.004   0.006
   51053.276     1.979     0.007     0.010      0.30   0.004   0.006
   51054.273     1.978     0.008     0.007     -0.09   0.004   0.006
   51055.271     1.978     0.008     0.006     -0.30   0.004   0.006
   51056.268     1.979     0.009     0.005     -0.39   0.004   0.006
   51057.266     1.979     0.012     0.012     -0.03   0.004   0.006
   51058.263     1.978     0.013     0.016      0.17   0.004   0.006
   51059.260     1.979     0.007     0.010      0.33   0.004   0.006
   51060.257     1.980     0.009     0.011      0.11   0.004   0.006
   51061.254     1.981     0.013     0.012     -0.06   0.004   0.006
   51062.252     1.980     0.013     0.005     -0.70   0.004   0.006
   51064.246     1.977     0.015     0.010     -0.35   0.004   0.006
   51065.243     1.980     0.010     0.009     -0.12   0.004   0.006
   51068.235     1.977     0.006     0.007      0.14   0.004   0.006
   51069.232     1.980     0.012     0.009     -0.27   0.004   0.006
   51070.229     1.979     0.018     0.009     -0.47   0.004   0.006
   51071.228     1.983     0.016     0.017      0.07   0.004   0.006
   51074.219     1.979     0.013     0.009     -0.27   0.004   0.006
   51075.216     1.979     0.015     0.012     -0.17   0.004   0.006
   51076.213     1.977     0.005     0.012      0.68   0.004   0.006
   51077.211     1.979     0.005     0.009      0.37   0.004   0.006
   51078.208     1.979     0.019     0.008     -0.64   0.004   0.006
   51079.205     1.980     0.004     0.007      0.31   0.004   0.006
   51080.202     1.979     0.018     0.007     -0.73   0.004   0.006
   51081.199     1.979     0.011     0.005     -0.59   0.004   0.006
   51082.197     1.980     0.005     0.009      0.37   0.004   0.006
   51083.194     1.981     0.007     0.011      0.38   0.004   0.006
   51084.191     1.978     0.010     0.011      0.05   0.004   0.006
   51085.188     1.979     0.008     0.008      0.05   0.004   0.006
   51086.186     1.977     0.008     0.016      0.50   0.004   0.006
   51089.178     1.978     0.008     0.003     -0.67   0.004   0.006
   51090.175     1.979     0.009     0.007     -0.21   0.004   0.006
   51091.172     1.978     0.005     0.007      0.35   0.004   0.006
   51092.170     1.979     0.016     0.008     -0.55   0.004   0.006
   51093.167     1.979     0.009     0.008     -0.12   0.004   0.006
   51094.164     1.978     0.020     0.008     -0.71   0.004   0.006
   51095.161     1.978     0.005     0.005      0.11   0.004   0.006
   51096.158     1.978     0.014     0.010     -0.25   0.004   0.006
   51097.156     1.978     0.009     0.012      0.26   0.004   0.006
   51098.153     1.980     0.014     0.004     -0.94   0.004   0.006
   51099.150     1.980     0.013     0.006     -0.57   0.004   0.006
   51100.147     1.981     0.014     0.011     -0.20   0.004   0.006
   51101.146     1.981     0.015     0.005     -0.85   0.004   0.006
   51102.143     1.977     0.010     0.008     -0.18   0.004   0.006
   51103.140     1.981     0.009     0.003     -0.83   0.004   0.006
   51104.137     1.982     0.005     0.003     -0.41   0.004   0.006
   51105.134     1.981     0.014     0.009     -0.37   0.004   0.006
   51106.132     1.979     0.011     0.006     -0.41   0.004   0.006
   51107.129     1.977     0.009     0.010      0.11   0.004   0.006
   51108.126     1.979     0.012     0.007     -0.43   0.004   0.006
   51109.123     1.975     0.004     0.006      0.20   0.004   0.006
   51110.120     1.979     0.010     0.009     -0.12   0.004   0.006
   51111.117     1.977     0.017     0.012     -0.27   0.004   0.006
   51112.115     1.977     0.009     0.009     -0.01   0.004   0.006
   51113.112     1.980     0.015     0.005     -0.85   0.004   0.006
   51114.109     1.979     0.006     0.010      0.40   0.004   0.006
   51115.106     1.978     0.009     0.010      0.02   0.004   0.006
   51116.104     1.978     0.005     0.006      0.11   0.004   0.006
   51117.102     1.985     0.012     0.014      0.13   0.004   0.006
   51118.099     1.984     0.003     0.006      0.56   0.004   0.006
   51119.096     1.981     0.008     0.017      0.61   0.004   0.006
   51120.094     1.984     0.008     0.006     -0.21   0.004   0.006
   51121.091     1.979     0.017     0.006     -0.81   0.004   0.006
   51122.088     1.977     0.020     0.002     -1.99   0.004   0.006
   51123.085     1.976     0.019     0.014     -0.26   0.004   0.006
   51124.082     1.977     0.010     0.012      0.14   0.004   0.006
   51125.079     1.979     0.012     0.009     -0.17   0.004   0.006
   51126.077     1.978     0.007     0.004     -0.36   0.004   0.006
   51127.074     1.977     0.012     0.007     -0.42   0.004   0.006
   51128.071     1.979     0.015     0.008     -0.53   0.004   0.006
   51129.068     1.977     0.009     0.001     -1.57   0.004   0.006
   51130.065     1.979     0.008     0.007     -0.03   0.004   0.006
   51131.063     1.977     0.011     0.013      0.14   0.004   0.006
   51132.061     1.977     0.017     0.017      0.00   0.004   0.006
   51133.058     1.979     0.004     0.006      0.21   0.004   0.006
   51134.055     1.979     0.016     0.014     -0.09   0.004   0.006
   51138.044     1.981     0.012     0.011     -0.06   0.004   0.006
   51139.041     1.980     0.016     0.004     -1.05   0.004   0.006
   51140.038     1.979     0.015     0.007     -0.55   0.004   0.006
   51142.033     1.982     0.011     0.012      0.06   0.004   0.006
   51145.025     1.980     0.015     0.011     -0.27   0.004   0.006
   51146.022     1.980     0.011     0.006     -0.52   0.004   0.006
   51147.020     1.978     0.017     0.005     -0.99   0.004   0.006
   51148.017     1.980     0.016     0.011     -0.28   0.004   0.006
   51149.014     1.981     0.003     0.010      0.91   0.004   0.006
   51150.011     1.978     0.011     0.008     -0.29   0.004   0.006
   51151.009     1.979     0.008     0.007     -0.14   0.004   0.006
   51152.006     1.984     0.010     0.008     -0.13   0.004   0.006
   51153.003     1.982     0.010     0.010      0.01   0.004   0.006
   51154.001     1.985     0.018     0.016     -0.08   0.004   0.006
   51154.998     1.985     0.036     0.011     -0.94   0.004   0.006
   51155.995     1.989     0.009     0.013      0.28   0.004   0.006
   51156.992     1.985     0.011     0.006     -0.47   0.004   0.006
   51157.989     1.981     0.014     0.011     -0.14   0.004   0.006
   51158.986     1.980     0.009     0.010      0.03   0.004   0.006
   51159.983     1.977     0.012     0.011     -0.05   0.004   0.006
   51160.981     1.979     0.010     0.008     -0.20   0.004   0.006
   51161.979     1.981     0.033     0.011     -0.84   0.004   0.006
   51162.976     1.979     0.007     0.007     -0.01   0.004   0.006
   51163.973     1.980     0.007     0.012      0.40   0.004   0.006
   51165.968     1.979     0.011     0.007     -0.38   0.004   0.006
   51166.965     1.978     0.008     0.012      0.30   0.004   0.006
   51167.962     1.978     0.005     0.012      0.69   0.004   0.006
   51168.959     1.979     0.021     0.011     -0.50   0.004   0.006
   51169.957     1.981     0.006     0.006      0.04   0.004   0.006
   51173.945     1.977     0.009     0.009      0.00   0.004   0.006
   51174.943     1.977     0.008     0.004     -0.50   0.004   0.006
   51176.938     1.978     0.010     0.004     -0.68   0.004   0.006
   51177.935     1.977     0.050     0.010     -1.24   0.004   0.006
   51180.927     1.980     0.006     0.009      0.35   0.004   0.006
   51181.924     1.979     0.009     0.008     -0.11   0.004   0.006
   51182.921     1.980     0.005     0.013      0.77   0.004   0.006
   51183.921     2.029     0.024     0.034      0.27   0.004   0.006
   51189.901     1.975     0.018     0.041      0.64   0.004   0.006
   51190.900     2.007     0.021     0.047      0.63   0.004   0.006
   51191.896     1.980     0.010     0.045      1.18   0.004   0.006
   51192.894     1.979     0.039     0.013     -0.82   0.004   0.006
   51193.891     1.975     0.019     0.020      0.02   0.004   0.006
   51196.883     1.977     0.019     0.038      0.55   0.004   0.006
   51198.877     1.976     0.006     0.012      0.54   0.004   0.006
   51199.875     1.980     0.011     0.007     -0.38   0.004   0.006
   51201.869     1.979     0.023     0.024      0.06   0.004   0.006
   51202.866     1.980     0.005     0.014      0.80   0.004   0.006
   51203.863     1.978     0.012     0.005     -0.66   0.004   0.006
   51204.861     1.976     0.014     0.007     -0.48   0.004   0.006
   51205.858     1.981     0.006     0.016      0.81   0.004   0.006
   51206.855     1.979     0.018     0.010     -0.46   0.004   0.006
   51207.853     1.978     0.013     0.006     -0.57   0.004   0.006
   51208.851     1.979     0.004     0.009      0.51   0.004   0.006
   51209.848     1.977     0.028     0.011     -0.69   0.004   0.006
   51210.845     1.981     0.021     0.015     -0.25   0.004   0.006
   51211.842     1.978     0.014     0.007     -0.46   0.004   0.006
   51212.839     1.977     0.006     0.010      0.46   0.004   0.006
   51213.838     2.012     0.025     0.017     -0.31   0.004   0.006
   51214.835     2.011     0.029     0.013     -0.63   0.004   0.006
   51215.832     2.014     0.031     0.004     -1.66   0.004   0.006
   51216.829     2.011     0.038     0.011     -0.94   0.004   0.006
   51217.827     2.007     0.023     0.014     -0.41   0.004   0.006
   51218.824     2.008     0.021     0.004     -1.35   0.004   0.006
   51221.815     2.009     0.012     0.012     -0.03   0.004   0.006
   51222.813     2.009     0.034     0.013     -0.75   0.004   0.006
   51223.811     2.009     0.023     0.011     -0.55   0.004   0.006
   51224.808     2.011     0.028     0.010     -0.80   0.004   0.006
   51225.805     2.014     0.021     0.006     -0.95   0.004   0.006
   51226.803     2.013     0.026     0.015     -0.41   0.004   0.006
   51228.797     2.006     0.016     0.008     -0.53   0.004   0.006
   51229.794     2.007     0.034     0.012     -0.78   0.004   0.006
   51230.791     2.010     0.020     0.010     -0.57   0.004   0.006
   51231.789     2.009     0.018     0.017     -0.04   0.004   0.006
   51232.786     2.011     0.016     0.008     -0.53   0.004   0.006
   51233.783     2.009     0.021     0.017     -0.16   0.004   0.006
   51235.777     2.011     0.020     0.020      0.01   0.004   0.006
   51236.775     2.009     0.035     0.015     -0.62   0.004   0.006
   51237.772     2.009     0.028     0.023     -0.14   0.004   0.006
   51240.764     2.008     0.026     0.010     -0.77   0.004   0.006
   51244.752     1.979     0.012     0.012      0.00   0.004   0.006
   51245.749     1.978     0.003     0.010      0.94   0.004   0.006
   51246.746     1.978     0.014     0.018      0.22   0.004   0.006
   51247.743     1.978     0.012     0.014      0.09   0.004   0.006
   51249.738     1.977     0.005     0.008      0.26   0.004   0.006
   51250.735     1.979     0.022     0.006     -1.06   0.004   0.006
   51252.729     1.978     0.007     0.015      0.65   0.004   0.006
   51253.728     1.978     0.014     0.007     -0.53   0.004   0.006
   51254.725     1.979     0.016     0.011     -0.27   0.004   0.006
   51256.719     1.977     0.005     0.013      0.72   0.004   0.006
   51257.717     1.980     0.029     0.010     -0.78   0.004   0.006
   51258.714     1.979     0.020     0.010     -0.56   0.004   0.006
   51259.711     1.978     0.013     0.010     -0.17   0.004   0.006
   51260.708     1.980     0.013     0.009     -0.28   0.004   0.006
   51261.705     1.980     0.018     0.011     -0.37   0.004   0.006
   51262.705     2.047     0.022     0.025      0.11   0.004   0.006
   51263.700     1.977     0.012     0.005     -0.68   0.004   0.006
   51264.697     1.980     0.019     0.007     -0.73   0.004   0.006
   51265.694     1.980     0.023     0.009     -0.72   0.004   0.006
   51266.691     1.980     0.010     0.010      0.01   0.004   0.006
   51267.689     1.981     0.014     0.014     -0.04   0.004   0.006
   51268.687     1.980     0.012     0.009     -0.21   0.004   0.006
   51270.681     1.978     0.005     0.013      0.73   0.004   0.006
   51271.678     1.978     0.009     0.007     -0.17   0.004   0.006
   51272.676     1.981     0.014     0.007     -0.46   0.004   0.006
   51273.673     1.979     0.008     0.014      0.41   0.004   0.006
   51274.670     1.980     0.006     0.008      0.16   0.004   0.006
   51275.667     1.979     0.010     0.007     -0.31   0.004   0.006
   51277.662     1.981     0.007     0.013      0.44   0.004   0.006
   51278.659     1.981     0.012     0.007     -0.41   0.004   0.006
   51280.653     1.977     0.015     0.009     -0.41   0.004   0.006
   51281.650     1.980     0.004     0.012      0.73   0.004   0.006
   51282.648     1.980     0.009     0.005     -0.52   0.004   0.006
   51284.643     1.981     0.009     0.004     -0.57   0.004   0.006
   51285.640     1.978     0.008     0.005     -0.31   0.004   0.006
   51286.637     1.979     0.013     0.015      0.12   0.004   0.006
   51287.635     1.979     0.008     0.005     -0.38   0.004   0.006
   51288.632     1.978     0.011     0.007     -0.38   0.004   0.006
   51289.629     1.980     0.012     0.008     -0.27   0.004   0.006
   51291.623     1.977     0.009     0.010      0.12   0.004   0.006
   51292.621     1.977     0.016     0.011     -0.31   0.004   0.006
   51293.618     1.977     0.004     0.013      0.90   0.004   0.006
   51294.615     1.978     0.019     0.006     -0.85   0.004   0.006
   51295.612     1.981     0.014     0.003     -1.14   0.004   0.006
   51296.609     1.979     0.010     0.007     -0.36   0.004   0.006
   51298.604     1.981     0.007     0.012      0.35   0.004   0.006
   51299.602     1.978     0.010     0.006     -0.34   0.004   0.006
   51300.599     1.979     0.010     0.018      0.44   0.004   0.006
   51301.597     1.980     0.011     0.011      0.05   0.004   0.006
   51302.594     1.978     0.011     0.008     -0.23   0.004   0.006
   51303.591     1.982     0.014     0.005     -0.74   0.004   0.006
   51304.586     1.924     0.010     0.003     -0.87   0.004   0.006
   51305.585     1.980     0.011     0.010     -0.01   0.004   0.006
   51306.582     1.977     0.009     0.013      0.23   0.004   0.006
   51307.580     1.979     0.007     0.013      0.40   0.004   0.006
   51308.577     1.979     0.013     0.010     -0.15   0.004   0.006
   51310.571     1.978     0.018     0.011     -0.35   0.004   0.006
   51311.569     1.978     0.009     0.014      0.33   0.004   0.006
   51312.566     1.977     0.012     0.013      0.07   0.004   0.006
   51313.563     1.977     0.014     0.008     -0.38   0.004   0.006
   51316.556     1.980     0.018     0.013     -0.27   0.004   0.006
   51317.553     1.979     0.007     0.012      0.35   0.004   0.006
   51319.547     1.979     0.010     0.013      0.14   0.004   0.006
   51320.544     1.979     0.011     0.003     -0.98   0.004   0.006
   51322.539     1.980    -1.000    -1.000    -10.00   0.000   0.000
   51323.536     1.981    -1.000    -1.000    -10.00   0.000   0.000
   51327.525     1.978     0.017     0.009     -0.48   0.004   0.006
   51328.522     1.981     0.007     0.008      0.08   0.004   0.006
   51329.520     1.981     0.012     0.006     -0.54   0.004   0.006
   51330.517     1.978     0.007     0.007      0.11   0.004   0.006
   51331.515     1.976     0.020     0.014     -0.28   0.004   0.006
   51332.512     1.978     0.014     0.010     -0.20   0.004   0.006
   51333.509     1.978     0.013     0.015      0.09   0.004   0.006
   51334.506     1.978     0.010     0.012      0.10   0.004   0.006
   51335.503     1.978     0.016     0.014     -0.10   0.004   0.006
   51336.501     1.979     0.019     0.011     -0.38   0.004   0.006
   51337.498     1.976     0.011     0.013      0.13   0.004   0.006
   51338.495     1.979     0.009     0.010      0.12   0.004   0.006
   51339.492     1.979     0.005     0.015      0.82   0.004   0.006
   51340.489     1.976     0.013     0.011     -0.14   0.004   0.006
   51341.487     1.979     0.013     0.005     -0.75   0.004   0.006
   51342.484     1.979     0.012     0.007     -0.48   0.004   0.006
   51343.481     1.982     0.013     0.015      0.14   0.004   0.006
   51344.479     1.977     0.005     0.014      0.84   0.004   0.006
   51345.477     1.981     0.013     0.008     -0.35   0.004   0.006
   51346.474     1.979     0.007     0.011      0.29   0.004   0.006
   51347.471     1.977     0.011     0.016      0.30   0.004   0.006
   51348.468     1.979     0.018     0.008     -0.59   0.004   0.006
   51349.465     1.979     0.010     0.006     -0.40   0.004   0.006
   51350.463     1.979     0.012     0.017      0.27   0.004   0.006
   51351.460     1.980     0.017     0.011     -0.36   0.004   0.006
   51352.457     1.977     0.018     0.004     -1.19   0.004   0.006
   51353.454     1.979     0.007     0.014      0.48   0.004   0.006
   51354.451     1.977     0.007     0.011      0.35   0.004   0.006
   51355.449     1.979     0.010     0.013      0.18   0.004   0.006
   51356.446     1.980     0.013     0.004     -0.90   0.004   0.006
   51357.443     1.979     0.015     0.010     -0.26   0.004   0.006
   51358.440     1.976     0.009     0.015      0.45   0.004   0.006
   51359.438     1.978     0.013     0.004     -0.93   0.004   0.006
   51360.436     1.981     0.006     0.011      0.44   0.004   0.006
   51361.433     1.978     0.013     0.014      0.02   0.004   0.006
   51362.430     1.977     0.007     0.009      0.19   0.004   0.006
   51363.427     1.982     0.014     0.014      0.01   0.004   0.006
   51364.424     1.980     0.022     0.014     -0.36   0.004   0.006
   51365.422     1.979     0.012     0.011     -0.10   0.004   0.006
   51367.416     1.979     0.013     0.010     -0.18   0.004   0.006
   51368.413     1.980     0.012     0.013      0.09   0.004   0.006
   51370.408     1.977     0.013     0.007     -0.47   0.004   0.006
   51371.405     1.978     0.014     0.006     -0.66   0.004   0.006
   51372.402     1.979     0.021     0.007     -0.80   0.004   0.006
   51373.399     1.977     0.012     0.014      0.13   0.004   0.006
   51374.396     1.978     0.010     0.015      0.31   0.004   0.006
   51375.395     1.980     0.020     0.013     -0.36   0.004   0.006
   51376.392     1.979     0.015     0.018      0.12   0.004   0.006
   51377.389     1.977     0.012     0.009     -0.19   0.004   0.006
   51378.386     1.979     0.008     0.004     -0.45   0.004   0.006
   51379.383     1.979     0.008     0.007     -0.07   0.004   0.006
   51380.381     1.979     0.010     0.014      0.22   0.004   0.006
   51381.378     1.979     0.012     0.011     -0.06   0.004   0.006
   51382.375     1.976     0.014     0.012     -0.13   0.004   0.006
   51383.372     1.978     0.018     0.018      0.02   0.004   0.006
   51384.369     1.978     0.011     0.005     -0.64   0.004   0.006
   51385.367     1.978     0.010     0.011      0.07   0.004   0.006
   51388.358     1.978     0.009     0.017      0.44   0.004   0.006
   51389.356     1.980     0.015     0.009     -0.39   0.004   0.006
   51390.354     1.980     0.007     0.007      0.00   0.004   0.006
   51391.351     1.976     0.002     0.019      1.54   0.004   0.006
   51392.348     1.981     0.013     0.009     -0.32   0.004   0.006
   51393.345     1.976     0.006     0.015      0.74   0.004   0.006
   51394.342     1.977     0.013     0.012     -0.10   0.004   0.006
   51395.340     1.977     0.009     0.011      0.13   0.004   0.006
   51396.337     1.979     0.021     0.013     -0.38   0.004   0.006
   51397.334     1.977     0.010     0.007     -0.28   0.004   0.006
   51398.331     1.977     0.008     0.010      0.14   0.004   0.006
   51399.331     2.045     0.020     0.010     -0.55   0.004   0.006
   51400.326     1.978     0.006     0.003     -0.58   0.004   0.006
   51401.323     1.979     0.014     0.013     -0.05   0.004   0.006
   51402.320     1.978     0.016     0.008     -0.57   0.004   0.006
   51403.317     1.980     0.013     0.015      0.10   0.004   0.006
   51404.315     1.978     0.015     0.020      0.23   0.004   0.006
   51405.312     1.977     0.006     0.009      0.27   0.004   0.006
   51406.310     1.977     0.009     0.016      0.48   0.004   0.006
   51407.307     1.978     0.009     0.008     -0.13   0.004   0.006
   51408.304     1.976     0.010     0.018      0.41   0.004   0.006
   51409.302     1.980     0.016     0.013     -0.15   0.004   0.006
   51410.299     1.979     0.009     0.011      0.18   0.004   0.006
   51411.296     1.981     0.012     0.015      0.20   0.004   0.006
   51412.293     1.981     0.012     0.008     -0.27   0.004   0.006
   51414.288     1.978     0.008     0.006     -0.17   0.004   0.006
   51415.285     1.979     0.007     0.009      0.21   0.004   0.006
   51416.282     1.979     0.005     0.009      0.43   0.004   0.006
   51417.279     1.980     0.008     0.009      0.11   0.004   0.006
   51418.276     1.977     0.004     0.005      0.20   0.004   0.006
   51419.274     1.980     0.011     0.013      0.15   0.004   0.006
   51420.271     1.977     0.014     0.010     -0.27   0.004   0.006
   51421.269     1.977     0.011     0.012      0.09   0.004   0.006
   51422.266     1.977     0.011     0.014      0.16   0.004   0.006
   51423.263     1.980     0.011     0.007     -0.43   0.004   0.006
   51424.261     1.980     0.012     0.018      0.33   0.004   0.006
   51425.258     1.979     0.014     0.004     -1.03   0.004   0.006
   51426.255     1.979     0.014     0.010     -0.21   0.004   0.006
   51427.252     1.980     0.004     0.010      0.71   0.004   0.006
   51428.249     1.979     0.008     0.008     -0.05   0.004   0.006
   51429.247     1.979     0.012     0.021      0.44   0.004   0.006
   51430.244     1.977     0.013     0.004     -1.00   0.004   0.006
   51431.241     1.980     0.021     0.004     -1.18   0.004   0.006
   51432.238     1.979     0.008     0.008      0.03   0.004   0.006
   51433.235     1.976     0.018     0.006     -0.79   0.004   0.006
   51434.233     1.977     0.008     0.010      0.22   0.004   0.006
   51435.230     1.980     0.013     0.017      0.21   0.004   0.006
   51436.228     1.976     0.017     0.011     -0.33   0.004   0.006
   51437.225     1.979     0.008     0.019      0.67   0.004   0.006
   51438.223     1.980     0.014     0.006     -0.69   0.004   0.006
   51439.220     1.977     0.006     0.014      0.67   0.004   0.006
   51440.217     1.976     0.009     0.006     -0.30   0.004   0.006
   51441.214     1.979     0.015     0.012     -0.21   0.004   0.006
   51442.211     1.978     0.005     0.027      1.34   0.004   0.006
   51443.208     1.978     0.014     0.014     -0.02   0.004   0.006
   51444.206     1.977     0.013     0.015      0.08   0.004   0.006
   51445.203     1.976     0.009     0.018      0.51   0.004   0.006
   51446.200     1.979     0.018     0.022      0.15   0.004   0.006
   51447.197     1.979     0.015     0.018      0.11   0.004   0.006
   51448.195     1.980     0.006     0.016      0.68   0.004   0.006
   51453.181     1.976     0.012     0.012      0.02   0.004   0.006
   51454.179     1.976     0.017     0.025      0.32   0.004   0.006
   51455.176     1.976     0.008     0.011      0.25   0.004   0.006
   51456.173     1.978     0.015     0.015      0.00   0.004   0.006
   51457.170     1.979     0.016     0.029      0.46   0.004   0.006
   51458.168     1.979     0.018     0.015     -0.14   0.004   0.006
   51459.165     1.980     0.019     0.024      0.18   0.004   0.006
   51460.162     1.977     0.016     0.023      0.27   0.004   0.006
   51461.159     1.977     0.012     0.041      0.93   0.004   0.006
   51462.156     1.980     0.006     0.015      0.69   0.004   0.006
   51463.154     1.977     0.006     0.025      1.06   0.004   0.006
   51464.151     1.981     0.015     0.014     -0.08   0.004   0.006
   51465.148     1.976     0.004     0.010      0.71   0.004   0.006
   51466.146     1.980     0.006     0.009      0.29   0.004   0.006
   51467.143     1.980     0.017     0.021      0.14   0.004   0.006
   51468.141     1.978     0.022     0.020     -0.06   0.004   0.006
   51469.138     1.982     0.015     0.009     -0.43   0.004   0.006
   51470.135     1.976     0.008     0.021      0.76   0.004   0.006
   51471.132     1.976     0.012     0.016      0.20   0.004   0.006
   51472.129     1.976     0.022     0.007     -0.88   0.004   0.006
   51474.124     1.977     0.016     0.009     -0.48   0.004   0.006
   51475.121     1.978     0.010     0.012      0.08   0.004   0.006
   51476.118     1.977     0.011     0.011     -0.01   0.004   0.006
   51477.115     1.978     0.007     0.018      0.74   0.004   0.006
   51478.113     1.979     0.007     0.019      0.76   0.004   0.006
   51479.110     1.979     0.004     0.025      1.32   0.004   0.006
   51480.107     1.980     0.010     0.019      0.44   0.004   0.006
   51484.097     1.978     0.004     0.019      1.09   0.004   0.006
   51485.094     1.980     0.016     0.018      0.08   0.004   0.006
   51486.091     1.975     0.011     0.015      0.27   0.004   0.006
   51487.088     1.978     0.006     0.021      0.95   0.004   0.006
   51488.086     1.976     0.010     0.003     -1.01   0.004   0.006
   51489.083     1.977     0.010     0.022      0.62   0.004   0.006
   51490.080     1.978     0.008     0.018      0.61   0.004   0.006
   51491.077     1.979     0.011     0.020      0.46   0.004   0.006
   51492.074     1.976     0.011     0.010     -0.05   0.004   0.006
   51493.072     1.978     0.021     0.019     -0.06   0.004   0.006
   51494.069     1.978     0.011     0.009     -0.10   0.004   0.006
   51495.066     1.976     0.012     0.009     -0.23   0.004   0.006
   51496.063     1.978     0.005     0.014      0.74   0.004   0.006
   51497.062     1.982     0.008     0.020      0.70   0.004   0.006
   51498.059     1.979     0.018     0.012     -0.32   0.004   0.006
   51499.056     1.977     0.009     0.014      0.28   0.004   0.006
   51500.053     1.980     0.019     0.025      0.20   0.004   0.006
   51501.050     1.977     0.007     0.009      0.22   0.004   0.006
   51502.048     1.979     0.009     0.011      0.14   0.004   0.006
   51503.045     1.982     0.012     0.023      0.50   0.004   0.006
   51504.042     1.977     0.018     0.026      0.29   0.004   0.006
   51505.039     1.979     0.008     0.012      0.36   0.004   0.006
   51506.036     1.981     0.013     0.016      0.19   0.004   0.006
   51509.028     1.978     0.007     0.019      0.80   0.004   0.006
   51510.025     1.977     0.009     0.012      0.17   0.004   0.006
   51511.022     1.979     0.014     0.028      0.55   0.004   0.006
   51512.021     1.980     0.020     0.018     -0.06   0.004   0.006
   51513.018     1.978     0.003     0.018      1.32   0.004   0.006
   51514.015     1.976     0.014     0.008     -0.40   0.004   0.006
   51515.012     1.980     0.013     0.015      0.09   0.004   0.006
   51516.009     1.979     0.010     0.009     -0.10   0.004   0.006
   51517.007     1.979     0.007     0.009      0.21   0.004   0.006
   51518.004     1.980     0.020     0.015     -0.19   0.004   0.006
   51519.001     1.978     0.008     0.024      0.85   0.004   0.006
   51519.998     1.979     0.014     0.014     -0.04   0.004   0.006
   51520.996     1.983     0.012     0.011     -0.05   0.004   0.006
   51521.993     1.980     0.013     0.013     -0.04   0.004   0.006
   51525.981     1.978     0.010     0.018      0.49   0.004   0.006
   51526.979     1.978     0.008     0.018      0.58   0.004   0.006
   51527.977     1.978     0.013     0.018      0.23   0.004   0.006
   51528.974     1.978     0.015     0.023      0.34   0.004   0.006
   51529.971     1.978     0.009     0.015      0.34   0.004   0.006
   51530.969     1.980     0.010     0.004     -0.75   0.004   0.006
   51531.966     1.978     0.015     0.019      0.19   0.004   0.006
   51532.963     1.978     0.006     0.023      1.04   0.004   0.006
   51533.960     1.980     0.012     0.009     -0.25   0.004   0.006
   51534.957     1.977     0.010     0.012      0.13   0.004   0.006
   51540.940     1.978     0.021     0.007     -0.79   0.004   0.006
   51541.938     1.980     0.015     0.010     -0.34   0.004   0.006
   51542.936     1.982     0.012     0.008     -0.32   0.004   0.006
   51548.919     1.979     0.011     0.005     -0.51   0.004   0.006
   51549.916     1.979     0.016     0.008     -0.51   0.004   0.006
   51550.913     1.977     0.017     0.010     -0.42   0.004   0.006
   51551.911     1.978     0.016     0.008     -0.54   0.004   0.006
   51552.908     1.981     0.015     0.011     -0.27   0.004   0.006
   51553.905     1.979     0.005     0.014      0.80   0.004   0.006
   51557.895     1.979     0.009     0.012      0.23   0.004   0.006
   51558.892     1.980     0.010     0.016      0.34   0.004   0.006
   51559.889     1.980     0.017     0.026      0.33   0.004   0.006
   51560.887     1.978     0.010     0.015      0.31   0.004   0.006
   51561.884     1.980     0.025     0.026      0.02   0.004   0.006
   51564.875     1.978     0.015     0.012     -0.15   0.004   0.006
   51565.873     1.980     0.007     0.009      0.23   0.004   0.006
   51569.861     1.977     0.015     0.008     -0.44   0.004   0.006
   51570.859     1.979     0.013     0.028      0.56   0.004   0.006
   51571.856     1.976     0.007     0.007     -0.11   0.004   0.006
   51572.854     1.977     0.015     0.009     -0.34   0.004   0.006
   51574.848     1.980     0.006     0.005     -0.06   0.004   0.006
   51575.846     1.978     0.013     0.021      0.35   0.004   0.006
   51576.843     1.979     0.010     0.014      0.25   0.004   0.006
   51577.840     1.979     0.011     0.010     -0.06   0.004   0.006
   51578.837     1.978     0.017     0.003     -1.43   0.004   0.006
   51579.834     1.977     0.014     0.012     -0.10   0.004   0.006
   51580.832     1.980     0.013     0.010     -0.25   0.004   0.006
   51581.829     1.983     0.011     0.015      0.25   0.004   0.006
   51582.826     1.977     0.010     0.009     -0.14   0.004   0.006
   51583.823     1.979     0.009     0.015      0.37   0.004   0.006
   51584.820     1.980     0.012     0.014      0.16   0.004   0.006
   51585.818     1.980     0.002     0.020      1.92   0.004   0.006
   51586.815     1.979     0.009     0.028      0.88   0.004   0.006
   51587.812     1.979     0.011     0.008     -0.27   0.004   0.006
   51588.810     1.983     0.009     0.021      0.63   0.004   0.006
   51589.807     1.977     0.010     0.013      0.20   0.004   0.006
   51590.805     1.983     0.011     0.008     -0.25   0.004   0.006
   51592.799     1.980     0.014    -1.000    -10.00   0.004   0.000
   51599.780     1.978     0.007     0.014      0.45   0.004   0.006
   51600.777     1.982     0.009     0.002     -1.15   0.004   0.006
   51601.774     1.984     0.005     0.012      0.71   0.004   0.006
   51602.771     1.977     0.015     0.009     -0.42   0.004   0.006
   51603.769     1.978     0.021     0.005     -1.07   0.004   0.006
   51604.767     1.980     0.012     0.014      0.16   0.004   0.006
   51606.761     1.979     0.009     0.021      0.64   0.004   0.006
   51610.750     1.984     0.008     0.010      0.17   0.004   0.006
   51611.747     1.984     0.009     0.018      0.50   0.004   0.006
   51613.742     1.983     0.015     0.007     -0.55   0.004   0.006
   51614.739     1.984     0.006     0.005     -0.07   0.004   0.006
   51615.736     1.978     0.009     0.007     -0.16   0.004   0.006
   51616.733     1.978     0.005     0.007      0.18   0.004   0.006
   51617.730     1.979     0.007     0.017      0.63   0.004   0.006
   51618.729     1.982     0.011     0.008     -0.20   0.004   0.006
   51620.723     1.980     0.020     0.005     -1.08   0.004   0.006
   51621.720     1.980     0.011     0.008     -0.24   0.004   0.006
   51622.717     1.979     0.011     0.005     -0.68   0.004   0.006
   51623.715     1.983     0.014     0.011     -0.23   0.004   0.006
   51624.712     1.980     0.015     0.007     -0.66   0.004   0.006
   51625.709     1.980     0.011     0.012      0.05   0.004   0.006
   51627.703     1.983     0.008     0.008      0.01   0.004   0.006
   51628.701     1.984     0.011     0.007     -0.33   0.004   0.006
   51629.698     1.983     0.011     0.007     -0.34   0.004   0.006
   51630.695     1.980     0.010     0.014      0.21   0.004   0.006
   51631.692     1.983     0.012     0.016      0.23   0.004   0.006
   51632.689     1.980     0.008     0.006     -0.26   0.004   0.006
   51633.687     1.978     0.009     0.005     -0.37   0.004   0.006
   51637.676     1.979     0.015     0.010     -0.29   0.004   0.006
   51638.674     1.981     0.015     0.013     -0.12   0.004   0.006
   51640.668     1.982     0.011     0.011     -0.01   0.004   0.006
   51641.665     1.984     0.015     0.006     -0.72   0.004   0.006
   51645.654     1.981     0.014     0.016      0.07   0.004   0.006
   51646.651     1.980     0.010     0.013      0.16   0.004   0.006
   51648.646     1.982     0.007     0.020      0.77   0.004   0.006
   51649.644     1.982     0.020     0.025      0.18   0.004   0.006
   51650.641     1.984     0.012     0.012     -0.01   0.004   0.006
   51651.638     1.977     0.006     0.013      0.55   0.004   0.006
   51652.635     1.980     0.007     0.022      0.88   0.004   0.006
   51653.633     1.978     0.004     0.020      1.22   0.004   0.006
   51654.630     1.982     0.007     0.008      0.11   0.004   0.006
   51658.618     1.976     0.016     0.028      0.41   0.004   0.006
   51659.616     1.980     0.013     0.019      0.31   0.004   0.006
   51660.613     1.980     0.019     0.010     -0.45   0.004   0.006
   51661.610     1.981     0.011     0.018      0.37   0.004   0.006
   51662.608     1.982     0.012     0.017      0.25   0.004   0.006
   51663.605     1.983     0.008     0.006     -0.17   0.004   0.006
   51664.603     1.979     0.011     0.013      0.14   0.004   0.006
   51799.229     1.868     0.005     0.011      0.56   0.004   0.006
   51802.211     1.626     0.005     0.011      0.61   0.004   0.006
   51803.219     1.871     0.005     0.007      0.27   0.004   0.006
   51804.216     1.870     0.004     0.010      0.68   0.004   0.006
   51805.213     1.872     0.006     0.011      0.44   0.004   0.006
   51806.210     1.876     0.005     0.008      0.39   0.004   0.006
   51807.207     1.868     0.013     0.003     -1.23   0.004   0.006
   51808.205     1.872     0.009     0.013      0.30   0.004   0.006
   51809.202     1.876     0.004     0.015      1.06   0.004   0.006
   51810.199     1.873     0.008     0.009      0.13   0.004   0.006
   51811.196     1.876     0.003     0.012      1.15   0.004   0.006
   51813.191     1.876     0.006     0.016      0.74   0.004   0.006
   51814.188     1.877     0.014     0.006     -0.61   0.004   0.006
   51816.183     1.874     0.018     0.011     -0.39   0.004   0.006
   51817.180     1.871     0.012     0.005     -0.70   0.004   0.006
   51818.178     1.872     0.005     0.017      0.89   0.004   0.006
   51819.175     1.869     0.012     0.010     -0.16   0.004   0.006
   51820.172     1.872     0.011     0.011     -0.01   0.004   0.006
   51821.170     1.879     0.004     0.008      0.40   0.004   0.006
   51822.167     1.876     0.009     0.007     -0.14   0.004   0.006
   51823.164     1.878     0.009     0.013      0.26   0.004   0.006
