   50410.035    -2.808     1.631     2.123      0.20   0.025   0.106
   50410.138    -0.328     1.666     2.234      0.22   0.025   0.112
   50412.133    -0.331     1.729     2.393      0.25   0.026   0.120
   50413.130    -0.328     1.686     1.910      0.10   0.026   0.096
   50414.089    -1.239     1.695     2.183      0.19   0.026   0.109
   50414.283     3.433     1.578     2.137      0.23   0.024   0.107
   50424.058    -1.334     1.732     1.864      0.06   0.026   0.093
   50424.142     0.679     1.662     2.436      0.29   0.025   0.122
   50425.056    -1.334     1.527    -1.000    -10.00   0.023   0.000
   50425.139     0.681     1.648     2.274      0.25   0.025   0.114
   50426.053    -1.334     1.690     2.136      0.18   0.026   0.107
   50426.137     0.685     1.643     2.290      0.25   0.025   0.115
   50426.988    -2.812     1.674     2.012      0.14   0.025   0.101
   50427.092    -0.329     1.681     2.237      0.22   0.025   0.112
   50427.279     4.182     1.595     2.057      0.19   0.024   0.103
   50427.986    -2.805     1.673     2.133      0.19   0.025   0.107
   50428.089    -0.331     1.721     2.321      0.23   0.026   0.116
   50428.276     4.183     1.588     2.028      0.19   0.024   0.102
   50428.983    -2.810     1.156     2.098      0.46   0.018   0.105
   50429.086    -0.330     1.698     2.239      0.21   0.026   0.112
   50429.273     4.185     1.602     2.056      0.19   0.024   0.103
   50429.980    -2.810     1.676     2.213      0.21   0.025   0.111
   50430.083    -0.330     1.704     2.217      0.20   0.026   0.111
   50430.271     4.183     1.611     2.018      0.17   0.024   0.101
   50430.978    -2.810     1.700     2.191      0.19   0.026   0.110
   50431.081    -0.331     1.723     2.378      0.25   0.026   0.119
   50431.269     4.183     1.601     1.962      0.16   0.024   0.098
   50433.970    -2.810     1.722     2.236      0.20   0.026   0.112
   50434.072    -0.330     1.749     2.399      0.24   0.026   0.120
   50434.260     4.181     1.641     2.266      0.25   0.025   0.113
   50434.967    -2.805     1.707     2.217      0.20   0.026   0.111
   50435.069    -0.328     1.749     2.334      0.22   0.026   0.117
   50435.257     4.182     1.628     2.150      0.21   0.025   0.108
   50436.961    -2.814     1.728     2.011      0.12   0.026   0.101
   50437.064    -0.331     1.762     2.230      0.18   0.027   0.112
   50437.252     4.185     1.535     2.005      0.20   0.023   0.100
   50437.968    -2.576     1.717     1.996      0.12   0.026   0.100
   50438.062    -0.328     1.749     2.142      0.16   0.026   0.107
   50438.249     4.182     1.658     2.001      0.14   0.025   0.100
   50438.965    -2.580     1.494    -1.000    -10.00   0.023   0.000
   50439.963    -2.575     1.589    -1.000    -10.00   0.024   0.000
   50440.056    -0.329     1.626    -1.000    -10.00   0.025   0.000
   50440.243     4.181     1.595    -1.000    -10.00   0.024   0.000
   50440.960    -2.575     1.813     2.077      0.10   0.027   0.104
   50441.054    -0.330     1.818     2.318      0.19   0.028   0.116
   50441.241     4.182     1.697     2.221      0.21   0.026   0.111
   50443.952    -2.576     1.716     1.993      0.12   0.026   0.100
   50444.045    -0.329     1.390    -1.000    -10.00   0.021   0.000
   50444.232     4.182     1.626     2.062      0.18   0.025   0.103
   50444.949    -2.574     1.721     2.163      0.17   0.026   0.108
   50445.042    -0.328     1.745     2.317      0.22   0.026   0.116
   50445.229     4.182     6.513     1.347     -1.21   0.098   0.068
   50445.946    -2.575     1.718     2.268      0.21   0.026   0.114
   50446.040    -0.330     1.735     2.438      0.26   0.026   0.122
   50446.228     4.183     1.621     2.279      0.26   0.025   0.114
   50446.943    -2.577     0.559     0.295     -0.49   0.009   0.016
   50447.037    -0.326     1.838     1.298     -0.27   0.028   0.065
   50447.225     4.184     1.567     2.020      0.19   0.024   0.101
   50454.922    -2.580     1.646     1.902      0.11   0.025   0.095
   50455.015    -0.329     1.679     2.110      0.17   0.025   0.106
   50455.202     4.183     1.559     1.823      0.12   0.024   0.091
   50455.919    -2.575     1.671     1.899      0.10   0.025   0.095
   50456.013    -0.332     1.707     2.099      0.16   0.026   0.105
   50456.200     4.179     1.607     1.812      0.09   0.024   0.091
   50456.916    -2.574     1.738     1.928      0.08   0.026   0.097
   50457.010    -0.327     1.772     2.071      0.12   0.027   0.104
   50457.197     4.183     1.621     1.949      0.14   0.025   0.098
   50457.914    -2.574     1.752     1.793      0.02   0.027   0.090
   50458.007    -0.330     1.787     2.115      0.13   0.027   0.106
   50458.194     4.180     1.617     1.925      0.13   0.025   0.096
   50458.911    -2.575     1.711     2.155      0.18   0.026   0.108
   50459.004    -0.327     1.717     2.285      0.22   0.026   0.114
   50459.191     4.184     1.627     2.144      0.21   0.025   0.107
   50459.908    -2.576     1.707     2.012      0.13   0.026   0.101
   50460.002    -0.326     1.734     2.213      0.19   0.026   0.111
   50460.188     4.179     1.631     1.916      0.12   0.025   0.096
   50460.905    -2.579     1.669     1.977      0.13   0.025   0.099
   50460.999    -0.325     1.718     2.146      0.17   0.026   0.107
   50461.187     4.182     1.617     1.934      0.14   0.025   0.097
   50461.902    -2.576     1.672     2.032      0.15   0.025   0.102
   50461.996    -0.327     1.714     2.139      0.17   0.026   0.107
   50462.184     4.183     1.604     1.940      0.15   0.024   0.097
   50462.900    -2.575     1.647     1.953      0.13   0.025   0.098
   50462.993    -0.327     1.700     2.109      0.17   0.026   0.106
   50463.181     4.184     1.607     1.993      0.17   0.024   0.100
   50463.897    -2.576     1.676     2.025      0.14   0.025   0.101
   50463.990    -0.325     1.705     2.134      0.17   0.026   0.107
   50464.178     4.183     1.596     1.765      0.08   0.024   0.088
   50464.895    -2.574     1.706     1.960      0.11   0.026   0.098
   50464.988    -0.328     1.731     2.192      0.18   0.026   0.110
   50465.175     4.182     1.630     1.986      0.15   0.025   0.099
   50465.892    -2.579     1.687     1.959      0.12   0.026   0.098
   50466.173     4.181     1.597     1.847      0.11   0.024   0.093
   50466.889    -2.573     1.728     1.983      0.10   0.026   0.099
   50466.982    -0.328     1.782     2.163      0.15   0.027   0.108
   50467.170     4.182     1.656     1.913      0.11   0.025   0.096
   50467.887    -2.575     1.730     2.013      0.12   0.026   0.101
   50467.979    -0.328     1.770     2.110      0.14   0.027   0.106
   50468.167     4.182     1.650     1.945      0.13   0.025   0.097
   50468.884    -2.570     1.752     2.063      0.12   0.027   0.103
   50468.977    -0.327     1.780     2.167      0.15   0.027   0.108
   50469.164     4.184     1.691     2.026      0.14   0.026   0.101
   50469.881    -2.575     1.765     2.085      0.13   0.027   0.104
   50469.975    -0.326     1.774     2.151      0.15   0.027   0.108
   50470.161     4.182     1.667     1.963      0.12   0.025   0.098
   50470.878    -2.574     1.735     1.659     -0.03   0.026   0.083
   50470.972    -0.326     1.772     2.059      0.12   0.027   0.103
   50471.159     4.182     1.625     1.737      0.05   0.025   0.087
   50471.875    -2.576     1.725     1.968      0.10   0.026   0.099
   50471.969    -0.326     1.737     2.117      0.15   0.026   0.106
   50472.156     4.184     6.499     1.270     -1.25   0.098   0.064
   50473.153     4.184     1.592     1.824      0.10   0.024   0.091
   50473.870    -2.577     1.681     1.982      0.13   0.025   0.099
   50473.963    -0.328     1.707     2.110      0.16   0.026   0.106
   50474.150     4.185     1.605     1.845      0.11   0.024   0.092
   50474.867    -2.572     1.665     1.975      0.13   0.025   0.099
   50474.961    -0.328     1.678     2.078      0.16   0.025   0.104
   50475.147     4.181     1.592     1.908      0.14   0.024   0.096
   50475.864    -2.574     1.680     2.005      0.14   0.025   0.100
   50475.958    -0.327     1.698     1.982      0.12   0.026   0.099
   50476.861    -2.575     1.668     2.053      0.16   0.025   0.103
   50476.955    -0.328     1.689     2.102      0.17   0.026   0.105
   50477.143     4.181     1.585     1.848      0.12   0.024   0.093
   50477.859    -2.569     1.664     1.870      0.09   0.025   0.094
   50477.952    -0.330     1.700     1.990      0.12   0.026   0.100
   50478.140     4.184     1.570     1.846      0.12   0.024   0.092
   50478.856    -2.573     1.666     1.937      0.12   0.025   0.097
   50478.950    -0.325     1.695     2.011      0.13   0.026   0.101
   50479.137     4.182     1.584     1.908      0.14   0.024   0.096
   50479.854    -2.572     1.669     1.928      0.11   0.025   0.097
   50479.947    -0.315     1.701     2.043      0.14   0.026   0.102
   50480.135     4.183     1.589     1.875      0.13   0.024   0.094
   50480.851    -2.575     1.345     1.878      0.26   0.021   0.094
   50480.944    -0.330     1.638     1.998      0.15   0.025   0.100
   50481.132     4.183     1.598     1.889      0.13   0.024   0.095
   50481.848    -2.575     1.648     1.907      0.11   0.025   0.096
   50481.941    -0.330     1.675     2.039      0.15   0.025   0.102
   50482.129     4.185     1.586     1.862      0.12   0.024   0.093
   50482.846    -2.577     1.650     2.012      0.15   0.025   0.101
   50482.938    -0.328     1.672     2.151      0.19   0.025   0.108
   50483.126     4.184     1.580     2.043      0.20   0.024   0.102
   50483.844    -2.542     1.703     1.745      0.02   0.026   0.087
   50483.937    -0.326     1.740     2.014      0.11   0.026   0.101
   50484.123     4.184     1.590     1.648      0.03   0.024   0.083
   50484.841    -2.547     1.630     1.854      0.10   0.025   0.093
   50484.934    -0.330     1.653     2.096      0.18   0.025   0.105
   50485.121     4.185     1.557     1.722      0.08   0.024   0.086
   50485.838    -2.546     1.622     1.882      0.11   0.025   0.094
   50485.931    -0.327     1.645     2.040      0.17   0.025   0.102
   50486.118     4.181     1.549     1.907      0.16   0.024   0.096
   50489.827    -2.542     1.433     1.283     -0.09   0.022   0.064
   50489.920    -0.329     1.661     2.096      0.18   0.025   0.105
   50490.107     4.184     1.571     2.041      0.20   0.024   0.102
   50490.825    -2.541     1.626     1.993      0.16   0.025   0.100
   50490.917    -0.329     1.678     2.192      0.20   0.025   0.110
   50491.104     4.182     1.564     1.968      0.18   0.024   0.099
   50491.820    -2.576     1.646     2.007      0.15   0.025   0.101
   50491.914    -0.328     1.660     2.145      0.20   0.025   0.107
   50492.102     4.181     1.551     1.881      0.15   0.024   0.094
   50492.818    -2.573     1.647     1.964      0.14   0.025   0.098
   50492.911    -0.328     1.669     2.032      0.15   0.025   0.102
   50493.099     4.185     1.598     1.932      0.14   0.024   0.097
   50493.815    -2.576     1.451     1.624      0.09   0.022   0.081
   50493.908    -0.329     1.596     1.861      0.12   0.024   0.093
   50494.097     4.193     1.570     1.820      0.11   0.024   0.091
   50494.812    -2.577     1.687     1.919      0.10   0.026   0.096
   50494.906    -0.328     1.694     2.064      0.15   0.026   0.103
   50495.094     4.182     1.572     1.842      0.12   0.024   0.092
   50495.810    -2.576     1.651     1.919      0.12   0.025   0.096
   50495.903    -0.330     1.658     2.024      0.15   0.025   0.101
   50496.091     4.185     1.553     1.815      0.12   0.024   0.091
   50496.807    -2.576     1.624     1.912      0.12   0.025   0.096
   50496.900    -0.327     1.634     2.002      0.16   0.025   0.100
   50497.088     4.183     1.545     1.820      0.12   0.023   0.091
   50497.897    -0.330     1.644     2.000      0.15   0.025   0.100
   50498.085     4.182     1.549     1.904      0.16   0.024   0.095
   50498.802    -2.575     1.614     1.829      0.10   0.024   0.092
   50498.895    -0.328     1.614     1.966      0.15   0.024   0.098
   50499.082     4.182     1.522     1.704      0.09   0.023   0.085
   50499.893    -0.330     1.632     2.010      0.16   0.025   0.101
   50500.080     4.186     1.539     1.931      0.17   0.023   0.097
   50500.890    -0.327     1.619     1.954      0.14   0.025   0.098
   50501.077     4.185     1.521     1.957      0.19   0.023   0.098
   50501.887    -0.329     1.635     1.959      0.14   0.025   0.098
   50502.074     4.183     1.541     1.772      0.11   0.023   0.089
   50502.884    -0.331     1.652     2.020      0.15   0.025   0.101
   50503.071     4.184     1.560     1.882      0.14   0.024   0.094
   50503.882    -0.325     1.644     2.072      0.18   0.025   0.104
   50504.068     4.183     1.528     1.872      0.16   0.023   0.094
   50504.881    -0.268     1.607     2.003      0.17   0.024   0.100
   50505.066     4.183     1.525     1.892      0.17   0.023   0.095
   50505.876    -0.327     1.628     1.843      0.09   0.025   0.092
   50506.063     4.183     1.532     1.970      0.19   0.023   0.099
   50506.873    -0.327     1.595     1.918      0.14   0.024   0.096
   50507.061     4.183     1.552     1.933      0.17   0.024   0.097
   50507.870    -0.325     1.625     2.106      0.20   0.025   0.105
   50508.058     4.183     1.571     1.988      0.18   0.024   0.100
   50508.867    -0.328     1.597     2.086      0.20   0.024   0.104
   50509.055     4.182     1.571     1.960      0.17   0.024   0.098
   50509.865    -0.325     1.631     2.157      0.21   0.025   0.108
   50510.053     4.185     1.539     1.954      0.18   0.023   0.098
   50510.862    -0.327     1.681     2.130      0.18   0.025   0.107
   50511.050     4.182     1.568     1.978      0.18   0.024   0.099
   50511.859    -0.330     1.596     2.066      0.20   0.024   0.103
   50512.047     4.184     1.539     1.941      0.18   0.023   0.097
   50512.856    -0.328     1.602     1.864      0.12   0.024   0.093
   50513.044     4.184     1.538     2.146      0.25   0.023   0.107
   50514.852    -0.328     1.645     2.054      0.17   0.025   0.103
   50515.039     4.182     1.562     1.922      0.16   0.024   0.096
   50515.849    -0.326     1.639     2.006      0.16   0.025   0.100
   50516.036     4.186     1.550     1.936      0.17   0.024   0.097
   50516.846    -0.328     1.677     2.043      0.15   0.025   0.102
   50517.033     4.188     1.606     1.899      0.13   0.024   0.095
   50517.843    -0.327     1.709     2.021      0.13   0.026   0.101
   50518.030     4.184     1.615     1.916      0.13   0.025   0.096
   50518.841    -0.325     1.699     2.051      0.14   0.026   0.103
   50519.838    -0.330     1.686     2.004      0.13   0.026   0.100
   50520.025     4.183     1.602     1.819      0.10   0.024   0.091
   50520.835    -0.329     1.695     2.166      0.19   0.026   0.108
   50521.022     4.182     1.569     1.775      0.09   0.024   0.089
   50521.832    -0.328     1.677     2.121      0.18   0.025   0.106
   50522.020     4.183     1.560     1.919      0.16   0.024   0.096
   50522.829    -0.328     1.665     2.171      0.20   0.025   0.109
   50523.017     4.185     1.554     1.940      0.17   0.024   0.097
   50523.827    -0.329     1.645     2.029      0.16   0.025   0.102
   50524.015     4.186     1.561     1.826      0.12   0.024   0.091
   50524.824    -0.329     1.668     2.018      0.15   0.025   0.101
   50525.012     4.185     1.566     1.937      0.16   0.024   0.097
   50525.821    -0.327     1.634     1.939      0.13   0.025   0.097
   50526.009     4.184     1.559     2.122      0.24   0.024   0.106
   50526.818    -0.326     1.675     2.211      0.21   0.025   0.111
   50527.006     4.182     1.566     2.019      0.19   0.024   0.101
   50527.815    -0.327     1.670     2.132      0.19   0.025   0.107
   50528.004     4.188     1.565     1.920      0.16   0.024   0.096
   50528.813    -0.327     1.668     2.005      0.14   0.025   0.100
   50529.001     4.189     1.594     1.952      0.16   0.024   0.098
   50529.811    -0.328     1.714     2.187      0.19   0.026   0.109
   50529.998     4.189     1.609     1.927      0.14   0.024   0.097
   50532.802    -0.330     1.708     2.472      0.28   0.026   0.124
   50532.989     4.182     1.594     2.329      0.29   0.024   0.117
   50533.800    -0.327     1.702     2.493      0.29   0.026   0.125
   50534.984     4.184     1.538     1.914      0.17   0.023   0.096
   50535.794    -0.329     1.680     2.116      0.18   0.025   0.106
   50535.981     4.185     1.597     1.909      0.14   0.024   0.096
   50536.791    -0.329     1.705     2.217      0.20   0.026   0.111
   50536.979     4.186     1.624     1.985      0.15   0.025   0.099
   50537.788    -0.330     1.692     2.133      0.18   0.026   0.107
   50537.976     4.186     1.600     1.981      0.16   0.024   0.099
   50539.783    -0.328     1.650     2.137      0.20   0.025   0.107
   50539.971     4.183     1.561     1.878      0.14   0.024   0.094
   50540.780    -0.328     1.627     2.091      0.19   0.025   0.105
   50540.968     4.182     1.526     1.802      0.13   0.023   0.090
   50541.777    -0.330     1.632     2.079      0.19   0.025   0.104
   50541.965     4.182     1.551     1.803      0.12   0.024   0.090
   50542.775    -0.324     1.630     2.064      0.18   0.025   0.103
   50542.962     4.182     1.558     1.883      0.14   0.024   0.094
   50543.772    -0.326     1.627     1.960      0.14   0.025   0.098
   50543.960     4.185     1.521     1.920      0.18   0.023   0.096
   50544.770    -0.330     1.600     2.070      0.20   0.024   0.104
   50544.957     4.185     1.504     1.901      0.18   0.023   0.095
   50545.767    -0.324     1.622     2.150      0.22   0.025   0.108
   50545.954     4.184     1.509     2.016      0.22   0.023   0.101
   50546.764    -0.323     1.621     2.137      0.21   0.025   0.107
   50546.951     4.185     1.519     1.868      0.16   0.023   0.094
   50547.761    -0.329     1.620     2.238      0.25   0.025   0.112
   50547.948     4.184     1.499     2.001      0.22   0.023   0.100
   50548.759    -0.329     1.615     2.109      0.20   0.025   0.106
   50548.946     4.186     1.513     1.905      0.18   0.023   0.095
   50549.756    -0.323     1.613     2.073      0.19   0.024   0.104
   50549.943     4.186     1.515     1.909      0.18   0.023   0.096
   50550.753    -0.326     1.637     1.985      0.15   0.025   0.099
   50550.940     4.185     1.552     2.031      0.21   0.024   0.102
   50551.750    -0.327     1.679     2.192      0.20   0.025   0.110
   50552.748    -0.325     1.663     2.119      0.19   0.025   0.106
   50552.935     4.183     1.554     1.869      0.14   0.024   0.094
   50554.742    -0.325     1.655     2.087      0.18   0.025   0.105
   50554.930     4.183     1.554     1.954      0.17   0.024   0.098
   50555.739    -0.329     1.646     2.110      0.19   0.025   0.106
   50555.927     4.184     1.543     2.033      0.21   0.023   0.102
   50556.736    -0.329     1.642     2.244      0.24   0.025   0.112
   50556.924     4.184     1.536     2.059      0.22   0.023   0.103
   50557.734    -0.325     1.631     2.214      0.23   0.025   0.111
   50557.922     4.187     1.547     1.959      0.18   0.023   0.098
   50558.731    -0.325     1.650     2.213      0.22   0.025   0.111
   50558.919     4.184     1.545     2.093      0.23   0.023   0.105
   50559.729    -0.330     1.672     2.127      0.18   0.025   0.107
   50559.915     4.166     1.557     2.064      0.22   0.024   0.103
   50560.912     4.168     1.560     2.129      0.24   0.024   0.107
   50561.723    -0.326     1.675     2.302      0.24   0.025   0.115
   50561.910     4.166     1.575     1.965      0.17   0.024   0.098
   50562.721    -0.325     1.666     2.244      0.23   0.025   0.112
   50562.907     4.183     1.557     1.995      0.19   0.024   0.100
   50563.718    -0.328     1.662     2.145      0.19   0.025   0.107
   50563.905     4.183     1.561     1.994      0.19   0.024   0.100
   50564.715    -0.326     1.662     2.179      0.21   0.025   0.109
   50564.902     4.182     1.551     2.004      0.20   0.024   0.100
   50565.712    -0.330     1.663     2.048      0.16   0.025   0.103
   50565.899     4.184     1.521     1.582      0.03   0.023   0.079
   50566.709    -0.326     1.642     2.242      0.24   0.025   0.112
   50566.896     4.185     1.558     2.053      0.21   0.024   0.103
   50568.704    -0.329     1.677     2.114      0.18   0.025   0.106
   50568.892     4.188     1.545     1.920      0.17   0.023   0.096
   50569.701    -0.327     1.642     1.960      0.14   0.025   0.098
   50569.889     4.183     1.547     1.994      0.19   0.023   0.100
   50570.698    -0.329     1.655     2.115      0.19   0.025   0.106
   50570.886     4.183     1.549     1.927      0.17   0.024   0.097
   50571.695    -0.327     1.654     1.818      0.07   0.025   0.091
   50571.883     4.185     1.584     2.051      0.20   0.024   0.103
   50572.693    -0.329     1.704     2.224      0.20   0.026   0.111
   50572.881     4.186     1.598     2.084      0.20   0.024   0.104
   50573.690    -0.325     1.713     2.149      0.17   0.026   0.108
   50573.878     4.184     1.605     1.927      0.14   0.024   0.097
   50574.688    -0.329     1.702     2.094      0.16   0.026   0.105
   50574.875     4.184     1.592     2.046      0.19   0.024   0.102
   50575.685    -0.325     1.711     2.136      0.17   0.026   0.107
   50575.872     4.185     1.611     2.078      0.19   0.024   0.104
   50576.682    -0.327     1.706     2.169      0.18   0.026   0.109
   50576.869     4.183     1.596     1.484     -0.06   0.024   0.074
   50577.680    -0.329     1.742     2.151      0.16   0.026   0.108
   50577.867     4.183     1.596     2.096      0.21   0.024   0.105
   50578.677    -0.328     1.743     2.263      0.20   0.026   0.113
   50578.864     4.183     1.633     2.111      0.20   0.025   0.106
   50579.674    -0.327     1.723     2.105      0.15   0.026   0.105
   50579.861     4.185     1.595     1.934      0.15   0.024   0.097
   50580.671    -0.325     1.733     2.069      0.14   0.026   0.104
   50580.858     4.185     1.607     1.870      0.12   0.024   0.094
   50581.855     4.185     1.625     1.893      0.12   0.025   0.095
   50582.666    -0.328     1.735     2.093      0.14   0.026   0.105
   50582.854     4.186     1.620     1.749      0.06   0.025   0.088
   50583.663    -0.327     1.726     2.090      0.15   0.026   0.105
   50583.851     4.185     1.639     1.968      0.14   0.025   0.099
   50584.660    -0.327     1.740     2.253      0.20   0.026   0.113
   50584.848     4.185     1.658     2.038      0.16   0.025   0.102
   50585.845     4.184     1.633     1.965      0.14   0.025   0.098
   50586.842     4.185     1.669     1.920      0.11   0.025   0.096
   50587.652    -0.327     1.800     2.180      0.15   0.027   0.109
   50587.840     4.190     1.707     2.003      0.12   0.026   0.100
   50588.837     4.183     1.689     1.994      0.13   0.026   0.100
   50589.646    -0.327     1.799     2.131      0.13   0.027   0.107
   50589.834     4.183     1.696     2.009      0.13   0.026   0.101
   50590.644    -0.329     1.825     2.125      0.12   0.028   0.106
   50590.831     4.183     1.721     2.013      0.12   0.026   0.101
   50591.641    -0.327     1.808     2.068      0.10   0.027   0.104
   50591.828     4.185     1.683     1.878      0.08   0.026   0.094
   50592.639    -0.331     1.783     2.034      0.10   0.027   0.102
   50592.826     4.187     1.672     1.937      0.11   0.025   0.097
   50593.636    -0.327     1.809     2.137      0.13   0.027   0.107
   50593.823     4.185     1.714     2.000      0.12   0.026   0.100
   50594.633    -0.327     1.813     2.156      0.13   0.027   0.108
   50594.820     4.182     1.688     1.972      0.12   0.026   0.099
   50595.817     4.184     1.651     1.959      0.13   0.025   0.098
   50596.627    -0.331     1.766     2.069      0.12   0.027   0.104
   50596.814     4.184     1.637     1.945      0.13   0.025   0.097
   50597.625    -0.329     1.745     2.134      0.15   0.026   0.107
   50597.812     4.182     1.653     2.010      0.15   0.025   0.101
   50598.622    -0.328     1.713     2.174      0.18   0.026   0.109
   50598.810     4.184     1.607     1.903      0.13   0.024   0.095
   50599.619    -0.326     1.694     1.950      0.11   0.026   0.098
   50599.807     4.184     1.585     1.905      0.14   0.024   0.095
   50600.616    -0.328     1.728     2.101      0.15   0.026   0.105
   50600.804     4.186     1.607     2.050      0.19   0.024   0.103
   50601.614    -0.326     1.647     2.119      0.19   0.025   0.106
   50601.801     4.184     1.576     1.782      0.09   0.024   0.089
   50602.800     4.216     1.568     1.804      0.11   0.024   0.090
   50603.608    -0.328     1.676     2.014      0.14   0.025   0.101
   50603.797     4.214     1.584     1.809      0.10   0.024   0.091
   50604.605    -0.329     1.695     2.014      0.13   0.026   0.101
   50604.794     4.215     1.585     1.825      0.11   0.024   0.091
   50605.603    -0.327     1.712     1.966      0.11   0.026   0.098
   50605.792     4.216     1.603     1.834      0.10   0.024   0.092
   50606.600    -0.331     1.705     2.062      0.15   0.026   0.103
   50606.789     4.216     1.602     1.796      0.09   0.024   0.090
   50607.598    -0.327     1.734     2.034      0.12   0.026   0.102
   50607.788     4.250     1.633     1.852      0.10   0.025   0.093
   50608.595    -0.326     1.725     2.047      0.13   0.026   0.103
   50608.783     4.216     1.605     1.863      0.11   0.024   0.093
   50609.779     4.182     1.586     1.921      0.15   0.024   0.096
   50610.589    -0.328     1.696     1.967      0.11   0.026   0.099
   50610.776     4.184     1.565     1.847      0.13   0.024   0.093
   50611.586    -0.330     1.700     2.037      0.14   0.026   0.102
   50611.773     4.183     1.587     1.870      0.13   0.024   0.094
   50612.584    -0.329     1.668     1.937      0.12   0.025   0.097
   50612.771     4.185     1.586     1.837      0.11   0.024   0.092
   50613.581    -0.330     1.675     1.900      0.10   0.025   0.095
   50613.769     4.182     1.570     1.904      0.15   0.024   0.095
   50614.578    -0.327     1.670     2.022      0.15   0.025   0.101
   50614.766     4.185     1.562     1.726      0.08   0.024   0.086
   50615.575    -0.329     1.684     1.987      0.13   0.026   0.100
   50615.763     4.185     1.574     1.756      0.08   0.024   0.088
   50616.760     4.182     1.573     1.843      0.12   0.024   0.092
   50617.570    -0.328     1.703     2.024      0.13   0.026   0.101
   50617.758     4.184     1.612     1.826      0.09   0.024   0.091
   50618.567    -0.330     1.732     2.074      0.14   0.026   0.104
   50618.755     4.184     1.614     1.842      0.10   0.024   0.092
   50619.564    -0.323     1.742     2.002      0.11   0.026   0.100
   50619.752     4.184     1.606     1.581     -0.01   0.024   0.079
   50620.562    -0.327     1.774     2.001      0.09   0.027   0.100
   50620.749     4.184     1.650     1.787      0.06   0.025   0.090
   50621.559    -0.331     1.747     2.027      0.11   0.026   0.102
   50621.746     4.182     1.663     1.816      0.07   0.025   0.091
   50622.557    -0.330     1.779     2.021      0.10   0.027   0.101
   50622.744     4.185     1.660     1.862      0.09   0.025   0.093
   50624.551    -0.328     1.790     2.025      0.09   0.027   0.101
   50624.738     4.183     1.649     1.702      0.02   0.025   0.085
   50625.548    -0.328     1.803     2.025      0.09   0.027   0.101
   50625.735     4.179     1.700     1.827      0.05   0.026   0.092
   50626.546    -0.328     1.814     2.042      0.09   0.027   0.102
   50626.733     4.185     1.680     1.837      0.07   0.025   0.092
   50627.543    -0.330     1.830     2.046      0.09   0.028   0.102
   50627.730     4.183     1.714     1.797      0.04   0.026   0.090
   50628.540    -0.330     1.819     2.054      0.09   0.028   0.103
   50628.728     4.182     1.695     1.839      0.06   0.026   0.092
   50629.537    -0.327     1.832     2.042      0.08   0.028   0.102
   50631.532    -0.330     1.806     1.961      0.06   0.027   0.098
   50631.720     4.183     1.694     1.839      0.06   0.026   0.092
   50632.529    -0.331     1.819     2.164      0.13   0.028   0.108
   50632.717     4.183     1.687     1.792      0.05   0.026   0.090
   50633.526    -0.327     1.839     2.091      0.10   0.028   0.105
   50633.714     4.183     1.706     1.800      0.04   0.026   0.090
   50634.523    -0.331     1.844     2.019      0.07   0.028   0.101
   50634.711     4.184     1.729     1.887      0.07   0.026   0.095
   50635.521    -0.329     1.865     2.038      0.07   0.028   0.102
   50635.708     4.184     1.715     1.802      0.04   0.026   0.090
   50636.519    -0.330     1.866     2.008      0.06   0.028   0.101
   50636.706     4.182     1.588     1.814      0.10   0.024   0.091
   50638.513    -0.331     1.846     2.029      0.07   0.028   0.102
   50638.700     4.182     1.680     1.763      0.04   0.025   0.088
   50639.510    -0.328     1.830     2.021      0.08   0.028   0.101
   50639.697     4.185     1.709     1.857      0.06   0.026   0.093
   50640.507    -0.330     1.872     2.059      0.07   0.028   0.103
   50640.694     4.181     1.696     1.780      0.04   0.026   0.089
   50641.505    -0.328     1.867     1.994      0.05   0.028   0.100
   50641.692     4.184     1.721     1.825      0.05   0.026   0.091
   50642.502    -0.327     1.842     2.005      0.06   0.028   0.100
   50642.689     4.183     1.685     1.758      0.03   0.026   0.088
   50643.499    -0.329     1.858     1.958      0.04   0.028   0.098
   50643.687     4.182     1.716     1.793      0.03   0.026   0.090
   50644.496    -0.329     1.897     2.046      0.06   0.029   0.102
   50645.493    -0.331     1.836     2.008      0.07   0.028   0.101
   50645.681     4.183     1.692     1.631     -0.03   0.026   0.082
   50646.491    -0.326     1.844     1.991      0.06   0.028   0.100
   50646.679     4.183     1.704     1.815      0.05   0.026   0.091
   50647.488    -0.329     1.847     2.033      0.07   0.028   0.102
   50647.676     4.184     1.696     1.793      0.04   0.026   0.090
   50648.485    -0.325     1.803     1.998      0.08   0.027   0.100
   50648.673     4.184     1.667     1.797      0.06   0.025   0.090
   50649.482    -0.331     1.810     1.985      0.07   0.027   0.099
   50649.670     4.182     1.680     1.811      0.06   0.025   0.091
   50650.480    -0.328     1.797     1.949      0.06   0.027   0.098
   50650.668     4.184     1.638     1.679      0.02   0.025   0.084
   50651.478    -0.330     1.792     1.939      0.06   0.027   0.097
   50652.475    -0.331     1.790     1.446     -0.16   0.027   0.073
   50653.472    -0.329     1.776     2.132      0.14   0.027   0.107
   50653.659     4.189     1.606     1.572     -0.02   0.024   0.079
   50654.469    -0.330     1.790     1.899      0.05   0.027   0.095
   50654.656     4.184     1.642     1.771      0.06   0.025   0.089
   50656.464    -0.330     1.767     1.944      0.07   0.027   0.097
   50656.651     4.181     1.641     1.767      0.06   0.025   0.089
   50657.461    -0.325     1.756     2.000      0.10   0.027   0.100
   50657.648     4.182     1.635     1.850      0.09   0.025   0.093
   50658.458    -0.329     1.750     1.984      0.10   0.027   0.099
   50659.455    -0.332     1.757     1.902      0.06   0.027   0.095
   50659.643     4.182     1.630     1.760      0.06   0.025   0.088
   50660.640     4.181     1.631     1.707      0.04   0.025   0.086
   50661.638     4.184     1.625     1.667      0.02   0.025   0.084
   50662.447    -0.330     1.760     1.953      0.08   0.027   0.098
   50662.635     4.180     1.621     1.737      0.05   0.025   0.087
   50663.444    -0.328     1.755     1.939      0.08   0.027   0.097
   50663.632     4.184     1.601     1.778      0.08   0.024   0.089
   50664.441    -0.328     1.729     1.898      0.07   0.026   0.095
   50664.629     4.184     1.593     1.168     -0.24   0.024   0.059
   50665.439    -0.328     1.718     1.851      0.06   0.026   0.093
   50666.437    -0.330     1.737     1.833      0.04   0.026   0.092
   50666.624     4.182     1.566     1.663      0.05   0.024   0.083
   50667.434    -0.330     1.729     1.839      0.05   0.026   0.092
   50667.621     4.183     1.562     1.620      0.03   0.024   0.081
   50668.431    -0.329     1.734     1.832      0.04   0.026   0.092
   50668.618     4.184     1.566     1.603      0.02   0.024   0.080
   50669.615     4.182     1.585     1.572     -0.01   0.024   0.079
   50670.425    -0.330     1.715     1.795      0.04   0.026   0.090
   50670.613     4.182     1.592     1.624      0.01   0.024   0.081
   50671.423    -0.329     1.725     1.878      0.06   0.026   0.094
   50671.610     4.181     1.598     1.710      0.05   0.024   0.086
   50672.420    -0.331     1.771     1.860      0.04   0.027   0.093
   50673.417    -0.331     1.718     1.933      0.09   0.026   0.097
   50673.604     4.183     1.609     1.763      0.07   0.024   0.088
   50674.414    -0.332     1.674     1.883      0.09   0.025   0.094
   50674.602     4.181     1.581     1.757      0.08   0.024   0.088
   50675.411    -0.336     1.715     1.863      0.06   0.026   0.093
   50675.600     4.181     1.594     1.695      0.05   0.024   0.085
   50676.409    -0.336     1.690     1.820      0.06   0.026   0.091
   50676.597     4.181     1.584     1.772      0.09   0.024   0.089
   50678.403    -0.331     1.707     1.877      0.07   0.026   0.094
   50678.591     4.183     1.591     1.786      0.09   0.024   0.089
   50679.400    -0.334     1.717     1.725      0.00   0.026   0.086
   50680.397    -0.336     1.739     1.904      0.07   0.026   0.095
   50680.586     4.184     1.629     1.375     -0.13   0.025   0.069
   50681.396    -0.335     1.738     1.914      0.07   0.026   0.096
   50681.583     4.183     1.607     1.721      0.05   0.024   0.086
   50682.393    -0.336     1.721     1.838      0.05   0.026   0.092
   50682.580     4.184     1.646     1.777      0.06   0.025   0.089
   50683.390    -0.334     1.736     1.884      0.06   0.026   0.094
   50683.577     4.182     1.613     1.792      0.08   0.024   0.090
   50684.387    -0.335     1.764     1.934      0.07   0.027   0.097
   50684.574     4.182     1.623     1.839      0.10   0.025   0.092
   50685.385    -0.333     1.755     1.920      0.07   0.027   0.096
   50685.572     4.181     1.638     1.870      0.10   0.025   0.094
   50686.382    -0.331     1.747     1.929      0.08   0.026   0.097
   50687.379    -0.335     1.749     1.950      0.08   0.026   0.098
   50687.566     4.182     1.620     1.735      0.05   0.025   0.087
   50688.376    -0.333     1.759     1.948      0.08   0.027   0.098
   50688.563     4.181     1.606     1.797      0.09   0.024   0.090
   50689.373    -0.334     1.741     1.930      0.08   0.026   0.097
   50689.561     4.182     1.614     1.799      0.08   0.024   0.090
   50690.371    -0.333     1.750     1.901      0.06   0.027   0.095
   50690.559     4.182     1.626     1.729      0.05   0.025   0.087
   50691.368    -0.331     1.732     1.889      0.07   0.026   0.095
   50691.556     4.183     1.610     1.794      0.08   0.024   0.090
   50692.365    -0.331     1.743     1.908      0.07   0.026   0.096
   50692.553     4.186     1.622     1.800      0.08   0.025   0.090
   50693.362    -0.336     1.737     1.897      0.07   0.026   0.095
   50694.359    -0.333     1.715     1.884      0.07   0.026   0.094
   50694.547     4.183     1.602     1.694      0.04   0.024   0.085
   50697.343    -0.541     1.717     1.876      0.07   0.026   0.094
   50697.539     4.181     1.586     1.703      0.05   0.024   0.085
   50698.340    -0.542     1.715     1.877      0.07   0.026   0.094
   50698.536     4.183     1.589     1.692      0.05   0.024   0.085
   50699.337    -0.542     1.704     1.868      0.07   0.026   0.094
   50699.533     4.182     1.602     1.770      0.08   0.024   0.089
   50700.335    -0.544     1.706     1.911      0.09   0.026   0.096
   50701.332    -0.542     1.682     1.878      0.08   0.025   0.094
   50701.529     4.198     1.564     1.723      0.07   0.024   0.086
   50702.329    -0.542     1.675     1.876      0.09   0.025   0.094
   50702.526     4.198     1.562     1.707      0.07   0.024   0.086
   50703.326    -0.543     1.697     1.900      0.09   0.026   0.095
   50703.523     4.209     1.570     1.751      0.08   0.024   0.088
   50704.324    -0.540     1.708     1.890      0.08   0.026   0.095
   50704.521     4.211     1.594     1.754      0.07   0.024   0.088
   50705.321    -0.542     1.703     1.872      0.07   0.026   0.094
   50705.518     4.193     1.596     1.800      0.09   0.024   0.090
   50706.318    -0.544     1.683     1.893      0.09   0.026   0.095
   50706.516     4.198     1.581     1.777      0.09   0.024   0.089
   50707.315    -0.542     1.702     1.920      0.09   0.026   0.096
   50708.312    -0.541     1.706     1.924      0.09   0.026   0.096
   50708.509     4.182     1.597     1.877      0.12   0.024   0.094
   50709.310    -0.544     1.669     1.925      0.11   0.025   0.096
   50709.507     4.183     1.575     1.864      0.13   0.024   0.093
   50710.308    -0.541     1.710     1.892      0.08   0.026   0.095
   50710.504     4.184     1.586     1.806      0.10   0.024   0.090
   50711.305    -0.544     1.694     1.904      0.09   0.026   0.095
   50711.501     4.182     1.568     1.767      0.09   0.024   0.089
   50712.302    -0.546     1.705     1.879      0.07   0.026   0.094
   50712.498     4.180     1.594     1.766      0.08   0.024   0.088
   50713.299    -0.543     1.717     1.848      0.06   0.026   0.093
   50713.495     4.176     1.604     1.753      0.07   0.024   0.088
   50714.296    -0.543     1.700     1.919      0.09   0.026   0.096
   50714.493     4.185     1.591     1.775      0.08   0.024   0.089
   50715.294    -0.541     1.711     1.913      0.09   0.026   0.096
   50715.490     4.181     1.589     1.788      0.09   0.024   0.090
   50716.291    -0.543     1.709     1.910      0.09   0.026   0.096
   50716.487     4.182     1.612     1.802      0.09   0.024   0.090
   50718.285    -0.542     1.778     1.878      0.04   0.027   0.094
   50718.481     4.183     1.660     1.780      0.05   0.025   0.089
   50719.283    -0.540     1.754     2.101      0.14   0.027   0.105
   50719.479     4.185     1.634     2.028      0.17   0.025   0.102
   50720.280    -0.545     1.729     2.015      0.12   0.026   0.101
   50720.477     4.184     1.650     1.992      0.14   0.025   0.100
   50721.277    -0.537     1.746     1.998      0.10   0.026   0.100
   50721.474     4.186     1.644     1.806      0.07   0.025   0.090
   50722.274    -0.541     1.772     1.867      0.04   0.027   0.094
   50722.471     4.180     1.687     1.813      0.05   0.026   0.091
   50723.271    -0.543     1.801     1.894      0.04   0.027   0.095
   50723.468     4.183     1.691     1.765      0.03   0.026   0.088
   50724.270    -0.542     1.798     1.856      0.02   0.027   0.093
   50724.466     4.180     1.708     1.741      0.01   0.026   0.087
   50725.267    -0.543     1.801     1.891      0.04   0.027   0.095
   50725.463     4.180     1.706     1.750      0.02   0.026   0.088
   50726.264    -0.543     1.758     1.828      0.03   0.027   0.092
   50726.460     4.180     1.708     1.761      0.02   0.026   0.088
   50727.261    -0.542     1.822     1.917      0.04   0.028   0.096
   50727.457     4.185     1.710     1.803      0.04   0.026   0.090
   50728.258    -0.545     1.838     1.955      0.05   0.028   0.098
   50728.454     4.183     1.719     1.896      0.08   0.026   0.095
   50729.259    -0.454     1.835     1.933      0.04   0.028   0.097
   50729.446     4.055     1.731     1.845      0.05   0.026   0.092
   50730.257    -0.455     1.826     1.889      0.03   0.028   0.095
   50730.444     4.058     1.708     1.814      0.05   0.026   0.091
   50731.254    -0.452     1.809     1.860      0.02   0.027   0.093
   50731.441     4.058     1.709     1.758      0.02   0.026   0.088
   50732.251    -0.455     1.824     1.834      0.00   0.028   0.092
   50732.438     4.059     1.741     1.720     -0.01   0.026   0.086
   50733.248    -0.452     1.846     1.932      0.04   0.028   0.097
   50733.436     4.058     1.737     1.825      0.04   0.026   0.091
   50734.245    -0.454     1.810     1.940      0.05   0.027   0.097
   50734.433     4.057     1.681     1.813      0.06   0.025   0.091
   50735.243    -0.455     1.805     1.932      0.05   0.027   0.097
   50735.430     4.057     1.695     1.809      0.05   0.026   0.091
   50736.240    -0.454     1.791     1.935      0.06   0.027   0.097
   50736.428     4.054     1.707     1.822      0.05   0.026   0.091
   50737.237    -0.453     1.824     1.873      0.02   0.028   0.094
   50737.425     4.058     1.698     1.802      0.05   0.026   0.090
   50738.234    -0.454     1.763     1.926      0.07   0.027   0.096
   50738.422     4.057     1.682     1.862      0.08   0.025   0.093
   50739.231    -0.454     1.764     1.866      0.04   0.027   0.093
   50739.419     4.056     1.665     1.785      0.05   0.025   0.089
   50740.229    -0.452     1.752     1.852      0.04   0.027   0.093
   50740.416     4.056     1.652     1.698      0.02   0.025   0.085
   50741.227    -0.455     1.749     1.888      0.06   0.026   0.095
   50741.414     4.059     1.654     1.794      0.06   0.025   0.090
   50742.224    -0.457     1.754     1.860      0.05   0.027   0.093
   50742.411     4.059     1.702     1.832      0.06   0.026   0.092
   50743.221    -0.457     1.747     1.845      0.04   0.026   0.092
   50743.408     4.054     1.647     1.776      0.06   0.025   0.089
   50744.218    -0.455     1.759     1.875      0.05   0.027   0.094
   50744.405     4.056     1.680     1.728      0.02   0.025   0.087
   50745.215    -0.457     1.771     1.865      0.04   0.027   0.093
   50745.403     4.058     1.653     1.779      0.06   0.025   0.089
   50746.213    -0.454     1.760     1.725     -0.01   0.027   0.086
   50746.400     4.058     1.676     1.828      0.07   0.025   0.092
   50747.210    -0.454     1.745     2.134      0.15   0.026   0.107
   50747.397     4.055     1.650     1.925      0.12   0.025   0.096
   50748.207    -0.453     1.745     2.003      0.11   0.026   0.100
   50748.395     4.058     1.635     1.915      0.12   0.025   0.096
   50749.204    -0.454     1.792     1.948      0.06   0.027   0.098
   50749.392     4.057     1.652     1.735      0.04   0.025   0.087
   50750.201    -0.457     1.779     1.912      0.05   0.027   0.096
   50750.389     4.054     1.684     1.877      0.08   0.026   0.094
   50751.199    -0.455     1.802     1.944      0.06   0.027   0.097
   50751.387     4.056     1.688     1.786      0.04   0.026   0.089
   50752.196    -0.456     1.795     1.949      0.06   0.027   0.098
   50752.384     4.057     1.726     1.854      0.05   0.026   0.093
   50753.193    -0.457     1.770     2.076      0.12   0.027   0.104
   50753.381     4.057     1.636     1.764      0.06   0.025   0.088
   50754.190    -0.453     1.743     2.082      0.14   0.026   0.104
   50754.378     4.059     1.629     1.411     -0.11   0.025   0.071
   50755.188    -0.456     1.755     1.975      0.09   0.027   0.099
   50755.376     4.059     1.714     1.824      0.05   0.026   0.091
   50756.186    -0.454     1.739     0.373     -1.18   0.026   0.020
   50756.373     4.055     1.814     1.437     -0.18   0.027   0.072
   50757.183    -0.455     1.744     1.905      0.07   0.026   0.095
   50757.370     4.055     1.657     1.748      0.04   0.025   0.088
   50758.180    -0.454     1.703     1.888      0.08   0.026   0.095
   50758.367     4.060     1.636     1.832      0.09   0.025   0.092
   50759.177    -0.456     1.687     1.436     -0.12   0.026   0.072
   50759.364     4.055     1.619     1.712      0.04   0.025   0.086
   50760.175    -0.456     1.720     0.641     -0.76   0.026   0.033
   50761.172    -0.456     1.720     1.919      0.08   0.026   0.096
   50761.359     4.059     1.616     1.801      0.08   0.025   0.090
   50762.169    -0.456     1.726     1.898      0.07   0.026   0.095
   50762.356     4.055     1.656     1.742      0.04   0.025   0.087
   50763.166    -0.455     1.720     1.922      0.09   0.026   0.096
   50763.354     4.058     1.609     1.850      0.11   0.024   0.093
   50764.163    -0.458     1.708     1.915      0.09   0.026   0.096
   50764.351     4.058     1.603     1.683      0.04   0.024   0.084
   50765.161    -0.452     1.719     1.957      0.10   0.026   0.098
   50765.349     4.057     1.624     1.805      0.08   0.025   0.090
   50766.158    -0.457     1.695     1.849      0.07   0.026   0.093
   50766.346     4.056     1.592     1.691      0.05   0.024   0.085
   50767.155    -0.457     1.693     1.823      0.06   0.026   0.091
   50767.343     4.057     1.582     1.714      0.06   0.024   0.086
   50768.152    -0.452     1.685     1.869      0.08   0.026   0.094
   50768.340     4.059     1.581     1.666      0.04   0.024   0.083
   50769.149    -0.456     1.725     1.801      0.03   0.026   0.090
   50769.337     4.055     1.623     1.719      0.04   0.025   0.086
   50770.147    -0.458     1.742     1.941      0.08   0.026   0.097
   50770.335     4.059     1.658     1.852      0.09   0.025   0.093
   50771.145    -0.458     1.683     1.852      0.07   0.026   0.093
   50771.332     4.054     1.601     1.750      0.07   0.024   0.088
   50772.142    -0.452     1.688     1.877      0.08   0.026   0.094
   50772.329     4.057     1.590     1.707      0.05   0.024   0.086
   50773.139    -0.456     1.698     1.903      0.09   0.026   0.095
   50773.326     4.059     1.594     1.773      0.08   0.024   0.089
   50774.136    -0.455     1.702     1.754      0.02   0.026   0.088
   50774.323     4.054     1.616     1.733      0.05   0.025   0.087
   50775.134    -0.455     1.694     1.914      0.09   0.026   0.096
   50775.321     4.060     1.594     1.842      0.11   0.024   0.092
   50776.131    -0.452     1.700     1.891      0.08   0.026   0.095
   50776.318     4.057     1.604     1.800      0.09   0.024   0.090
   50777.128    -0.456     1.723     1.921      0.08   0.026   0.096
   50777.315     4.058     1.620     1.820      0.09   0.025   0.091
   50778.125    -0.457     1.701     1.908      0.09   0.026   0.096
   50778.312     4.057     1.590     1.828      0.11   0.024   0.092
   50781.117    -0.454     1.680     1.941      0.11   0.025   0.097
   50781.305     4.055     1.568     1.825      0.12   0.024   0.091
   50782.114    -0.450     1.775     2.056      0.11   0.027   0.103
   50782.302     4.057     1.669     1.821      0.07   0.025   0.091
   50783.111    -0.453     1.769     1.980      0.09   0.027   0.099
   50783.299     4.055     1.572     1.943      0.16   0.024   0.097
   50784.108    -0.458     1.769     2.015      0.10   0.027   0.101
   50784.297     4.058     1.686     1.889      0.09   0.026   0.095
   50785.106    -0.457     1.795     1.948      0.06   0.027   0.098
   50785.294     4.053     1.684     1.853      0.07   0.026   0.093
   50786.104    -0.456     1.750     1.822      0.03   0.027   0.091
   50786.291     4.057     1.665     1.878      0.09   0.025   0.094
   50787.101    -0.456     1.782     1.887      0.04   0.027   0.095
   50787.288     4.058     1.704     1.818      0.05   0.026   0.091
   50788.098    -0.455     1.796     1.910      0.05   0.027   0.096
   50788.285     4.056     1.659     1.839      0.08   0.025   0.092
   50789.096    -0.455     1.806     1.926      0.05   0.027   0.096
   50789.282     4.056     1.703     1.825      0.05   0.026   0.091
   50790.093    -0.455     1.784     1.960      0.07   0.027   0.098
   50790.280     4.058     1.677     1.847      0.07   0.025   0.093
   50791.090    -0.453     1.792     2.009      0.09   0.027   0.101
   50791.277     4.055     1.700     1.938      0.10   0.026   0.097
   50792.087    -0.456     1.769     0.730     -0.68   0.027   0.037
   50792.274     4.057     1.754     0.949     -0.47   0.027   0.048
   50793.084    -0.457     1.791     2.029      0.10   0.027   0.102
   50793.271     4.056     1.690     1.720      0.01   0.026   0.086
   50794.081    -0.457     1.757     1.950      0.08   0.027   0.098
   50794.269     4.056     1.681     1.880      0.09   0.025   0.094
   50795.079    -0.455     1.762     1.997      0.10   0.027   0.100
   50795.267     4.058     1.672     1.878      0.09   0.025   0.094
   50796.076    -0.458     1.734     1.941      0.09   0.026   0.097
   50796.264     4.058     1.644     1.881      0.10   0.025   0.094
   50797.073    -0.454     1.744     1.961      0.09   0.026   0.098
   50797.261     4.055     1.637     1.861      0.10   0.025   0.093
   50798.070    -0.456     1.729     1.975      0.10   0.026   0.099
   50798.258     4.054     1.642     1.879      0.10   0.025   0.094
   50799.068    -0.454     1.726     1.925      0.08   0.026   0.096
   50799.256     4.057     1.638     1.834      0.09   0.025   0.092
   50800.065    -0.454     1.709     1.960      0.10   0.026   0.098
   50800.253     4.056     1.621     1.892      0.12   0.025   0.095
   50801.062    -0.454     1.696     2.004      0.13   0.026   0.100
   50801.250     4.060     1.613     1.922      0.13   0.024   0.096
   50802.060    -0.451     1.725     1.984      0.11   0.026   0.099
   50802.247     4.056     1.627     1.829      0.09   0.025   0.092
   50803.058    -0.451     1.664     2.045      0.16   0.025   0.102
   50803.244     4.059     1.593     1.993      0.17   0.024   0.100
   50804.055    -0.454     1.701     2.049      0.14   0.026   0.103
   50804.242     4.056     1.603     1.962      0.16   0.024   0.098
   50805.052    -0.456     1.718     2.036      0.13   0.026   0.102
   50805.239     4.056     1.669     1.923      0.11   0.025   0.096
   50806.049    -0.453     1.706     2.076      0.15   0.026   0.104
   50806.236     4.056     1.633     1.924      0.13   0.025   0.096
   50809.229     4.058     1.737     2.469      0.27   0.026   0.124
   50810.038    -0.454     1.715     2.081      0.15   0.026   0.104
   50810.226     4.058     1.635     2.095      0.19   0.025   0.105
   50811.035    -0.457     1.732     2.122      0.16   0.026   0.106
   50811.223     4.056     1.666     1.944      0.12   0.025   0.097
   50813.029    -0.456     1.724     2.141      0.17   0.026   0.107
   50813.217     4.057     1.640     2.090      0.19   0.025   0.105
   50816.021    -0.456     1.695     2.061      0.15   0.026   0.103
   50816.209     4.059     1.614     1.952      0.15   0.024   0.098
   50817.019    -0.451     1.685     2.072      0.16   0.026   0.104
   50817.206     4.059     1.646     1.978      0.14   0.025   0.099
   50818.016    -0.455     1.667     2.067      0.17   0.025   0.104
   50818.204     4.060     1.625     1.969      0.15   0.025   0.099
   50819.014    -0.451     1.689     2.078      0.16   0.026   0.104
   50819.201     4.055     1.629     1.899      0.12   0.025   0.095
   50820.011    -0.454     1.739     2.093      0.14   0.026   0.105
   50820.198     4.057     1.654     2.024      0.16   0.025   0.101
   50821.008    -0.454     1.694     2.023      0.14   0.026   0.101
   50821.195     4.056     1.601     1.876      0.12   0.024   0.094
   50822.005    -0.451     1.759     2.225      0.18   0.027   0.111
   50822.192     4.056     1.645     2.140      0.20   0.025   0.107
   50823.002    -0.458     1.746     2.187      0.17   0.026   0.109
   50823.189     4.057     1.642     1.974      0.14   0.025   0.099
   50824.000    -0.453     1.710     2.111      0.16   0.026   0.106
   50824.188     4.058     1.640     1.910      0.12   0.025   0.096
   50824.997    -0.451     1.733     2.135      0.16   0.026   0.107
   50825.185     4.057     1.652     2.022      0.16   0.025   0.101
   50826.991    -0.453     1.706     2.146      0.18   0.026   0.107
   50827.179     4.056     1.615     1.973      0.15   0.025   0.099
   50827.989    -0.452     1.718     2.132      0.17   0.026   0.107
   50828.176     4.057     1.663     2.015      0.15   0.025   0.101
   50828.986    -0.457     1.702     2.034      0.14   0.026   0.102
   50829.174     4.056     1.640     1.911      0.12   0.025   0.096
   50829.983    -0.452     1.694     2.126      0.17   0.026   0.106
   50830.171     4.058     1.638     2.046      0.17   0.025   0.102
   50830.980    -0.450     1.699     2.108      0.17   0.026   0.106
   50831.168     4.058     1.656     2.050      0.16   0.025   0.103
   50831.978    -0.455     1.687     2.127      0.18   0.026   0.107
   50832.165     4.058     1.625     2.023      0.17   0.025   0.101
   50832.976    -0.454     1.675     2.078      0.17   0.025   0.104
   50833.163     4.058     1.590     1.973      0.17   0.024   0.099
   50833.973    -0.454     1.661     2.098      0.18   0.025   0.105
   50834.160     4.055     1.595     1.993      0.17   0.024   0.100
   50834.970    -0.455     1.643     2.086      0.18   0.025   0.104
   50835.157     4.057     1.563     1.986      0.18   0.024   0.099
   50835.967    -0.454     1.659     2.106      0.18   0.025   0.105
   50836.964    -0.456     1.678     2.101      0.17   0.025   0.105
   50837.151     4.060     1.602     2.030      0.18   0.024   0.102
   50838.148     4.055     1.583     1.957      0.16   0.024   0.098
   50838.959    -0.455     1.645     2.084      0.18   0.025   0.104
   50839.146     4.060     1.594     1.957      0.16   0.024   0.098
   50839.956    -0.453     1.676     2.088      0.17   0.025   0.105
   50840.144     4.056     1.594     2.011      0.18   0.024   0.101
   50841.950    -0.456     1.686     2.132      0.18   0.026   0.107
   50842.138     4.059     1.550     1.950      0.18   0.024   0.098
   50842.947    -0.457     1.696     2.105      0.17   0.026   0.105
   50843.135     4.055     1.606     1.827      0.10   0.024   0.092
   50843.945    -0.454     1.723     2.163      0.17   0.026   0.108
   50844.133     4.057     1.628     2.067      0.18   0.025   0.104
   50844.942    -0.449     1.714     2.144      0.17   0.026   0.107
   50845.130     4.058     1.657     2.090      0.18   0.025   0.105
   50845.939    -0.451     1.720     2.147      0.17   0.026   0.108
   50846.127     4.060     1.653     2.081      0.18   0.025   0.104
   50846.937    -0.452     1.762     2.175      0.16   0.027   0.109
   50847.124     4.056     1.667     2.145      0.19   0.025   0.107
   50847.935    -0.450     1.789     2.091      0.12   0.027   0.105
   50848.122     4.061     1.707     2.228      0.20   0.026   0.112
   50848.932    -0.454     1.815     2.298      0.18   0.027   0.115
   50849.119     4.057     1.685     2.234      0.22   0.026   0.112
   50849.929    -0.455     1.820     2.234      0.16   0.028   0.112
   50850.116     4.060     1.719     2.226      0.20   0.026   0.111
   50850.926    -0.456     1.803     2.243      0.17   0.027   0.112
   50851.113     4.057     1.700     2.172      0.19   0.026   0.109
   50851.923    -0.456     1.828     2.191      0.14   0.028   0.110
   50852.110     4.060     1.714     2.147      0.17   0.026   0.108
   50852.921    -0.452     1.800     2.067      0.11   0.027   0.104
   50853.108     4.057     1.710     2.150      0.17   0.026   0.108
   50853.918    -0.454     1.805     2.170      0.14   0.027   0.109
   50854.105     4.056     1.714     2.142      0.17   0.026   0.107
   50854.915    -0.451     1.776     2.184      0.16   0.027   0.109
   50855.103     4.057     1.701     2.209      0.20   0.026   0.111
   50855.912    -0.453     1.808     2.104      0.12   0.027   0.105
   50856.100     4.057     1.693     2.193      0.20   0.026   0.110
   50856.909    -0.457     1.820     2.104      0.11   0.028   0.105
   50857.097     4.060     1.711     2.073      0.15   0.026   0.104
   50857.907    -0.452     1.806     2.204      0.15   0.027   0.110
   50858.095     4.059     1.735     2.169      0.17   0.026   0.109
   50858.904    -0.450     1.763     2.226      0.18   0.027   0.111
   50859.092     4.062     1.696     2.216      0.20   0.026   0.111
   50859.901    -0.451     1.754     2.171      0.16   0.027   0.109
   50860.089     4.060     1.697     2.195      0.20   0.026   0.110
   50860.898    -0.453     1.766     2.224      0.18   0.027   0.111
   50861.086     4.058     1.698     2.192      0.20   0.026   0.110
   50861.896    -0.470     0.042     0.062      0.30   0.004   0.006
   50862.894    -0.453     1.767     2.341      0.22   0.027   0.117
   50863.081     4.060     1.692     2.300      0.23   0.026   0.115
   50863.891    -0.452     1.759     2.166      0.16   0.027   0.108
   50864.078     4.057     1.672     2.154      0.19   0.025   0.108
   50864.888    -0.451     1.771     2.306      0.20   0.027   0.115
   50865.075     4.056     1.702     2.189      0.19   0.026   0.110
   50865.885    -0.456     1.780     2.280      0.19   0.027   0.114
   50866.072     4.062     1.717     2.202      0.19   0.026   0.110
   50866.883    -0.453     1.786     2.261      0.18   0.027   0.113
   50867.070     4.059     1.723     2.162      0.17   0.026   0.108
   50874.860    -0.454     1.794     2.344      0.20   0.027   0.117
   50875.048     4.057     1.728     2.242      0.20   0.026   0.112
   50875.857    -0.453     1.818     2.329      0.19   0.028   0.117
   50876.045     4.057     1.757     2.228      0.18   0.027   0.112
   50876.854    -0.456     1.840     2.347      0.19   0.028   0.117
   50877.043     4.059     1.759     2.378      0.23   0.027   0.119
   50878.040     4.055     1.749     2.302      0.21   0.026   0.115
   50878.850    -0.452     1.769     2.283      0.19   0.027   0.114
   50879.037     4.057     1.710     2.277      0.22   0.026   0.114
   50879.847    -0.453     1.824     2.550      0.26   0.028   0.128
   50880.034     4.062     1.728     2.502      0.28   0.026   0.125
   50880.844    -0.453     1.829     2.614      0.27   0.028   0.131
   50881.031     4.062     1.723     2.610      0.32   0.026   0.131
   50881.842    -0.451     1.827     2.425      0.22   0.028   0.121
   50882.028     4.056     1.774     2.479      0.26   0.027   0.124
   50882.839    -0.452     1.820     2.490      0.24   0.028   0.125
   50883.026     4.057     1.717     2.319      0.23   0.026   0.116
   50883.836    -0.456     1.774     2.288      0.19   0.027   0.115
   50884.023     4.059     1.703     2.223      0.20   0.026   0.111
   50885.021     4.057     1.702     2.343      0.25   0.026   0.117
   50885.830    -0.455     1.743     2.312      0.22   0.026   0.116
   50886.018     4.057     1.659     2.217      0.22   0.025   0.111
   50886.827    -0.456     1.704     2.282      0.22   0.026   0.114
   50887.015     4.057     1.657     2.184      0.21   0.025   0.109
   50887.825    -0.456     1.739     2.284      0.21   0.026   0.114
   50888.013     4.059     1.520     2.235      0.29   0.023   0.112
   50888.822    -0.457     1.734     2.322      0.22   0.026   0.116
   50889.010     4.056     1.690     2.188      0.20   0.026   0.110
   50889.819    -0.453     1.758     2.684      0.32   0.027   0.134
   50890.007     4.056     1.704     2.517      0.30   0.026   0.126
   50890.816    -0.454     1.382     2.455      0.44   0.021   0.123
   50891.004     4.056     3.058     1.962     -0.34   0.046   0.098
   50892.002     4.062     1.709     2.363      0.25   0.026   0.118
   50892.812    -0.454     1.742     2.460      0.26   0.026   0.123
   50892.999     4.058     1.669     2.473      0.30   0.025   0.124
   50893.809    -0.452     1.759     2.368      0.23   0.027   0.119
   50893.996     4.063     1.675     2.296      0.24   0.025   0.115
   50894.806    -0.457     1.763     2.377      0.23   0.027   0.119
   50894.993     4.059     1.684     2.283      0.23   0.026   0.114
   50895.803    -0.453     1.733     2.356      0.23   0.026   0.118
   50895.990     4.057     1.676     2.255      0.23   0.025   0.113
   50896.800    -0.456     1.751     2.330      0.22   0.027   0.117
   50896.988     4.057     1.684     2.234      0.22   0.026   0.112
   50897.798    -0.455     1.771     2.222      0.17   0.027   0.111
   50897.985     4.057     1.684     2.170      0.19   0.026   0.109
   50898.795    -0.454     1.776     2.282      0.19   0.027   0.114
   50898.982     4.056     1.700     2.126      0.17   0.026   0.106
   50899.792    -0.450     1.776     2.153      0.15   0.027   0.108
   50899.979     4.060     1.720     2.112      0.16   0.026   0.106
   50900.790    -0.451     1.851     2.315      0.17   0.028   0.116
   50900.977     4.060     1.734     2.210      0.19   0.026   0.111
   50901.787    -0.450     1.818     2.264      0.17   0.028   0.113
   50901.975     4.059     1.726     2.176      0.18   0.026   0.109
   50902.784    -0.453     1.726     2.315      0.22   0.026   0.116
   50902.972     4.059     1.651     2.293      0.25   0.025   0.115
   50903.781    -0.451     1.772     2.335      0.21   0.027   0.117
   50903.969     4.059     1.664     2.287      0.24   0.025   0.114
   50918.740    -0.452     1.887     2.517      0.22   0.029   0.126
   50918.873     2.750     1.800     2.481      0.25   0.027   0.124
   50919.737    -0.456     1.861     2.585      0.25   0.028   0.129
   50919.871     2.755     1.800     2.568      0.27   0.027   0.129
   50920.735    -0.453     1.843     2.537      0.25   0.028   0.127
   50920.868     2.752     1.755     2.483      0.27   0.027   0.124
   50921.732    -0.452     1.852     2.400      0.20   0.028   0.120
   50922.729    -0.455     1.865     2.428      0.20   0.028   0.122
   50922.862     2.753     1.757     2.158      0.16   0.027   0.108
   50923.727    -0.453     1.848     2.480      0.22   0.028   0.124
   50923.860     2.753     1.733     2.322      0.22   0.026   0.116
   50924.724    -0.451     1.829     2.239      0.16   0.028   0.112
   50924.857     2.750     1.762     2.154      0.15   0.027   0.108
   50925.722    -0.453     1.883     2.331      0.16   0.028   0.117
   50925.854     2.749     1.798     2.244      0.17   0.027   0.112
   50926.719    -0.453     1.863     2.392      0.19   0.028   0.120
   50926.852     2.753     1.767     2.237      0.18   0.027   0.112
   50927.716    -0.451     1.828     2.460      0.23   0.028   0.123
   50927.849     2.753     1.738     2.395      0.25   0.026   0.120
   50928.713    -0.449     1.791     2.512      0.26   0.027   0.126
   50928.846     2.752     1.702     2.494      0.29   0.026   0.125
   50929.710    -0.451     1.798     2.609      0.28   0.027   0.131
   50929.844     2.752     1.692     2.511      0.30   0.026   0.126
   50930.708    -0.452     1.790     2.610      0.29   0.027   0.131
   50930.841     2.751     1.684     2.513      0.31   0.026   0.126
   50931.705    -0.452     1.777     2.419      0.24   0.027   0.121
   50931.840     2.792     1.666     2.386      0.28   0.025   0.119
   50932.702    -0.452     1.751     2.352      0.23   0.027   0.118
   50932.835     2.754     1.675     2.243      0.22   0.025   0.112
   50934.696    -0.456     1.698     1.641     -0.03   0.026   0.082
   50934.830     2.751     1.632     2.530      0.34   0.025   0.127
   50935.694    -0.452     1.716     2.575      0.31   0.026   0.129
   50935.827     2.751     1.663     2.690      0.37   0.025   0.135
   50936.691    -0.449     1.731     2.490      0.28   0.026   0.125
   50936.824     2.750     1.668     2.353      0.26   0.025   0.118
   50937.688    -0.455     1.699     2.454      0.28   0.026   0.123
   50938.686    -0.454     1.706     2.390      0.26   0.026   0.120
   50938.818     2.750     1.614     2.410      0.31   0.024   0.121
   50939.684    -0.449     1.687     2.414      0.28   0.026   0.121
   50939.816     2.749     1.594     2.281      0.28   0.024   0.114
   50940.813     2.747     1.605     2.131      0.22   0.024   0.107
   50941.678    -0.453     1.716     2.398      0.26   0.026   0.120
   50941.811     2.749     1.623     2.385      0.29   0.025   0.119
   50942.675    -0.451     1.710     2.484      0.29   0.026   0.124
   50942.808     2.750     1.621     2.365      0.29   0.025   0.118
   50943.672    -0.449     1.698     2.407      0.27   0.026   0.120
   50943.806     2.754     1.610     2.191      0.24   0.024   0.110
   50944.670    -0.450     1.698     2.462      0.28   0.026   0.123
   50944.803     2.748     1.606     2.386      0.30   0.024   0.119
   50945.667    -0.451     1.697     2.437      0.28   0.026   0.122
   50945.800     2.749     1.584     2.219      0.26   0.024   0.111
   50946.664    -0.453     1.684     2.477      0.30   0.026   0.124
   50946.797     2.749     1.569     2.349      0.31   0.024   0.118
   50948.658    -0.452     1.692     2.487      0.29   0.026   0.124
   50948.791     2.750     1.593     2.429      0.32   0.024   0.122
   50949.655    -0.451     1.719     2.540      0.30   0.026   0.127
   50949.789     2.749     1.597     2.421      0.32   0.024   0.121
   50950.653    -0.453     1.731     2.576      0.31   0.026   0.129
   50950.786     2.751     1.637     2.503      0.32   0.025   0.125
   50951.650    -0.449     1.710     2.469      0.28   0.026   0.124
   50951.783     2.748     1.615     2.361      0.29   0.025   0.118
   50952.647    -0.452     1.703     2.485      0.29   0.026   0.124
   50952.780     2.751     1.628     2.433      0.31   0.025   0.122
   50953.645    -0.449     1.715     2.440      0.27   0.026   0.122
   50953.778     2.750     1.632     2.416      0.30   0.025   0.121
   50955.640    -0.452     1.772     2.514      0.27   0.027   0.126
   50955.772     2.755     1.677     2.502      0.31   0.025   0.125
   50956.637    -0.452     1.765     2.639      0.31   0.027   0.132
   50956.770     2.750     1.685     2.471      0.29   0.026   0.124
   50957.634    -0.453     1.782     2.567      0.28   0.027   0.128
   50957.768     2.754     1.674     2.552      0.32   0.025   0.128
   50958.631    -0.452     1.735     2.603      0.31   0.026   0.130
   50958.765     2.751     1.638     2.562      0.34   0.025   0.128
   50959.628    -0.457     1.709     2.641      0.33   0.026   0.132
   50959.762     2.754     1.618     2.518      0.34   0.025   0.126
   50960.626    -0.454     1.706     2.132      0.17   0.026   0.107
   50960.759     2.749     1.579     2.410      0.32   0.024   0.121
   50962.620    -0.455     1.677     2.504      0.31   0.025   0.125
   50962.753     2.748     1.596     2.411      0.32   0.024   0.121
   50963.617    -0.451     1.731     2.506      0.28   0.026   0.125
   50963.751     2.752     1.621     2.438      0.31   0.025   0.122
   50964.614    -0.453     1.723     2.609      0.32   0.026   0.131
   50964.748     2.751     1.608     2.492      0.34   0.024   0.125
   50965.612    -0.452     1.719     2.661      0.34   0.026   0.133
   50965.745     2.748     1.641     2.571      0.34   0.025   0.129
   50966.609    -0.454     1.700     2.611      0.33   0.026   0.131
   50966.742     2.747     1.610     2.469      0.33   0.024   0.124
   50967.606    -0.454     1.745     2.631      0.31   0.026   0.132
   50969.601    -0.455     1.770     2.779      0.35   0.027   0.139
   50970.599    -0.456     1.756     2.667      0.32   0.027   0.133
   50971.596    -0.452     1.669     2.609      0.34   0.025   0.131
   50972.593    -0.454     1.667     2.638      0.35   0.025   0.132
   50973.590    -0.454     1.683     2.738      0.37   0.026   0.137
   50974.588    -0.454     1.689     2.675      0.35   0.026   0.134
   50976.582    -0.456     1.742     2.430      0.25   0.026   0.122
   50977.579    -0.450     1.685     2.688      0.36   0.026   0.135
   50978.576    -0.456     1.697     2.398      0.26   0.026   0.120
   50979.573    -0.456     1.693     2.740      0.37   0.026   0.137
   50980.571    -0.456     1.735     2.638      0.32   0.026   0.132
   50981.568    -0.451     1.686     2.667      0.35   0.026   0.133
   50983.562    -0.455     1.697     2.245      0.21   0.026   0.112
   50984.561    -0.453     1.718     2.605      0.32   0.026   0.130
   50985.558    -0.451     1.743     2.573      0.30   0.026   0.129
   50986.555    -0.451     1.721     2.464      0.28   0.026   0.123
   50987.552    -0.457     1.766     2.640      0.31   0.027   0.132
   50988.549    -0.451     1.843     2.594      0.26   0.028   0.130
   50990.525    -0.905     1.790     2.512      0.26   0.027   0.126
   50991.542    -0.438     1.651     2.635      0.36   0.025   0.132
   50992.539    -0.443     1.879     2.617      0.25   0.028   0.131
   50993.536    -0.444     1.342     0.877     -0.33   0.020   0.044
   50994.533    -0.439     1.836     2.543      0.25   0.028   0.127
   50995.531    -0.432     1.877     2.739      0.29   0.028   0.137
   50996.528    -0.440     1.928     2.730      0.27   0.029   0.137
   50997.525    -0.440     0.102     0.130      0.19   0.004   0.009
   50998.522    -0.445     1.927     2.688      0.25   0.029   0.135
   50999.520    -0.442     1.882     2.542      0.23   0.028   0.127
   51000.518    -0.430     1.543     0.053     -2.58   0.023   0.006
   51001.515    -0.442     1.914     2.580      0.23   0.029   0.129
   51002.511    -0.456     1.897     2.638      0.25   0.029   0.132
   51004.506    -0.451     1.925     2.576      0.22   0.029   0.129
   51005.503    -0.457     1.909     2.543      0.22   0.029   0.127
   51006.500    -0.452     1.902     2.663      0.26   0.029   0.133
   51007.497    -0.458     1.909     2.580      0.23   0.029   0.129
   51008.494    -0.457     1.882     2.645      0.26   0.028   0.132
   51009.492    -0.457     1.884     2.703      0.28   0.029   0.135
   51010.489    -0.453     1.896     2.571      0.23   0.029   0.129
   51011.486    -0.458     1.859     2.624      0.26   0.028   0.131
   51012.483    -0.455     1.887     2.573      0.24   0.029   0.129
   51013.481    -0.450     1.883     2.551      0.23   0.028   0.128
   51014.479    -0.452     1.901     2.538      0.22   0.029   0.127
   51015.476    -0.452     1.903     2.557      0.23   0.029   0.128
   51016.473    -0.452     1.872     2.609      0.25   0.028   0.131
   51017.470    -0.456     1.908     2.558      0.22   0.029   0.128
   51018.468    -0.450     1.906     2.566      0.23   0.029   0.128
   51019.465    -0.458     1.895     2.568      0.23   0.029   0.129
   51020.462    -0.455     0.115     0.053     -0.59   0.004   0.006
   51021.459    -0.454     1.822     2.557      0.26   0.028   0.128
   51022.456    -0.450     1.811     2.522      0.25   0.027   0.126
   51023.454    -0.453     1.799     2.561      0.27   0.027   0.128
   51024.451    -0.454     1.497     0.083     -2.22   0.023   0.007
   51025.448    -0.456     1.795     2.561      0.27   0.027   0.128
   51026.445    -0.455     1.785     2.425      0.23   0.027   0.121
   51027.442    -0.453     0.134     0.158      0.13   0.004   0.010
   51028.440    -0.455     1.783     2.581      0.28   0.027   0.129
   51029.438    -0.451     1.787     2.610      0.29   0.027   0.131
   51030.435    -0.454     1.796     2.706      0.31   0.027   0.135
   51031.432    -0.457     1.819     2.679      0.30   0.028   0.134
   51032.429    -0.453     1.503     0.091     -2.15   0.023   0.007
   51033.427    -0.452     1.801     2.626      0.29   0.027   0.131
   51034.424    -0.454     1.788     2.532      0.27   0.027   0.127
   51035.421    -0.451     1.786     2.455      0.24   0.027   0.123
   51036.418    -0.456     1.801     2.500      0.25   0.027   0.125
   51037.416    -0.451     1.824     2.510      0.25   0.028   0.126
   51038.413    -0.451     1.822     2.529      0.25   0.028   0.127
   51039.410    -0.456     1.788     2.657      0.30   0.027   0.133
   51040.407    -0.453     1.807     2.035      0.09   0.027   0.102
   51041.404    -0.453     1.826     2.861      0.34   0.028   0.143
   51042.402    -0.452     1.818     2.906      0.36   0.028   0.145
   51044.396    -0.458     1.832     2.609      0.27   0.028   0.131
   51045.394    -0.451     1.779     2.286      0.19   0.027   0.114
   51046.391    -0.456     1.800     2.793      0.34   0.027   0.140
   51047.388    -0.457     1.813     2.782      0.33   0.027   0.139
   51048.386    -0.453     1.800     2.814      0.34   0.027   0.141
   51049.383    -0.452     1.833     2.736      0.31   0.028   0.137
   51050.380    -0.455     1.828     2.607      0.27   0.028   0.130
   51051.377    -0.455     1.828     2.914      0.36   0.028   0.146
   51054.369    -0.453     1.858     2.699      0.29   0.028   0.135
   51055.366    -0.456     1.838     2.675      0.29   0.028   0.134
   51058.358    -0.456     1.807     2.688      0.30   0.027   0.135
   51059.355    -0.452     1.795     2.545      0.27   0.027   0.127
   51060.353    -0.457     1.794     2.517      0.26   0.027   0.126
   51061.350    -0.452     1.807     2.569      0.27   0.027   0.129
   51062.347    -0.456     1.829     2.628      0.28   0.028   0.132
   51064.342    -0.455     1.425     0.095     -2.08   0.022   0.007
   51065.339    -0.452     1.837     2.741      0.31   0.028   0.137
   51068.331    -0.454     1.904     2.794      0.29   0.029   0.140
   51069.328    -0.451     1.950     2.706      0.25   0.029   0.135
   51070.325    -0.454     2.005     2.805      0.26   0.030   0.140
   51071.322    -0.456     1.484     1.871      0.18   0.023   0.094
   51074.314    -0.455     1.888     2.763      0.29   0.029   0.138
   51075.312    -0.453     1.899     2.620      0.25   0.029   0.131
   51076.309    -0.453     1.932     2.593      0.22   0.029   0.130
   51077.307    -0.453     1.928     2.672      0.25   0.029   0.134
   51078.304    -0.455     1.913     2.661      0.25   0.029   0.133
   51079.301    -0.455     1.961     2.474      0.18   0.030   0.124
   51080.298    -0.456     1.967     2.555      0.20   0.030   0.128
   51081.295    -0.456     2.000     2.539      0.18   0.030   0.127
   51082.293    -0.453     1.938     2.525      0.20   0.029   0.126
   51083.290    -0.457     1.961     2.447      0.17   0.030   0.122
   51084.287    -0.453     1.939     1.911     -0.01   0.029   0.096
   51085.284    -0.455     1.995     2.566      0.19   0.030   0.128
   51086.281    -0.455     0.212     0.174     -0.15   0.005   0.010
   51089.273    -0.456     1.382     0.074     -2.24   0.021   0.007
   51090.271    -0.453     1.915     2.405      0.17   0.029   0.120
   51091.269    -0.452     1.427     0.085     -2.16   0.022   0.007
   51092.266    -0.457     1.828     3.149      0.42   0.028   0.158
   51093.263    -0.457     1.877     2.952      0.35   0.028   0.148
   51094.260    -0.453     1.791     1.943      0.06   0.027   0.097
   51095.257    -0.452     1.885     2.641      0.26   0.029   0.132
   51096.254    -0.455     1.817     2.667      0.29   0.028   0.133
   51097.252    -0.453     1.850     2.537      0.24   0.028   0.127
   51098.249    -0.454     1.839     2.455      0.22   0.028   0.123
   51099.246    -0.457     1.805     2.497      0.25   0.027   0.125
   51100.243    -0.454     1.782     2.526      0.27   0.027   0.126
   51101.240    -0.455     1.810     2.640      0.29   0.027   0.132
   51102.238    -0.452     1.835     2.633      0.28   0.028   0.132
   51103.235    -0.456     1.801     2.548      0.27   0.027   0.128
   51104.232    -0.452     1.805     2.542      0.26   0.027   0.127
   51105.229    -0.455     1.798     2.590      0.28   0.027   0.130
   51106.227    -0.456     1.826     2.614      0.28   0.028   0.131
   51107.225    -0.458     1.835     2.670      0.29   0.028   0.134
   51108.222    -0.456     1.846     2.619      0.27   0.028   0.131
   51109.219    -0.455     1.828     2.686      0.29   0.028   0.134
   51111.211    -0.457     2.050     2.575      0.17   0.031   0.129
   51112.211    -0.455     1.391     0.118     -1.89   0.021   0.008
   51113.208    -0.457     0.082     0.076     -0.06   0.004   0.007
   51114.205    -0.456     1.066     0.048     -2.38   0.016   0.006
   51115.202    -0.457     1.857     2.670      0.28   0.028   0.134
   51116.200    -0.453     1.891     2.850      0.31   0.029   0.143
   51117.197    -0.459     1.818     2.647      0.29   0.028   0.132
   51118.194    -0.457     1.908     2.575      0.23   0.029   0.129
   51119.191    -0.458     1.869     2.632      0.26   0.028   0.132
   51120.188    -0.453     1.708     2.561      0.31   0.026   0.128
   51121.187    -0.455     1.762     2.551      0.28   0.027   0.128
   51122.184    -0.457     1.760     2.577      0.29   0.027   0.129
   51123.181    -0.459     1.715     2.625      0.33   0.026   0.131
   51124.178    -0.457     1.679     2.469      0.29   0.025   0.124
   51125.175    -0.457     1.697     2.490      0.29   0.026   0.125
   51126.173    -0.456     1.754     2.505      0.27   0.027   0.125
   51127.170    -0.459     1.802     2.534      0.26   0.027   0.127
   51128.167    -0.454     1.693     1.952      0.11   0.026   0.098
   51130.161    -0.458     1.735     2.482      0.27   0.026   0.124
   51131.159    -0.457     1.719     2.525      0.29   0.026   0.126
   51132.156    -0.454     1.678     2.477      0.30   0.025   0.124
   51133.153    -0.453     1.755     2.417      0.25   0.027   0.121
   51138.140    -0.459     1.880     2.479      0.21   0.028   0.124
   51139.137    -0.454     1.755     2.515      0.28   0.027   0.126
   51140.134    -0.455     1.755     2.413      0.24   0.027   0.121
   51142.129    -0.453     1.883     2.522      0.22   0.028   0.126
   51145.120    -0.457     1.774     2.502      0.26   0.027   0.125
   51146.118    -0.454     1.773     2.373      0.22   0.027   0.119
   51147.115    -0.457     1.854     2.403      0.20   0.028   0.120
   51148.112    -0.456     1.745     2.449      0.26   0.026   0.123
   51149.109    -0.458     1.776     2.410      0.23   0.027   0.121
   51150.107    -0.451     1.887     2.358      0.17   0.029   0.118
   51151.104    -0.458     1.736     2.410      0.25   0.026   0.121
   51152.102    -0.457     1.733     2.457      0.27   0.026   0.123
   51153.099    -0.457     1.744     2.350      0.23   0.026   0.118
   51154.096    -0.452     1.805     2.458      0.24   0.027   0.123
   51155.094    -0.452     1.761     2.266      0.19   0.027   0.113
   51156.091    -0.457     1.783     2.360      0.22   0.027   0.118
   51157.088    -0.459     1.736     2.364      0.24   0.026   0.118
   51158.085    -0.456     1.820     2.198      0.14   0.028   0.110
   51159.082    -0.456     1.738     2.359      0.23   0.026   0.118
   51160.079    -0.456     1.946     2.195      0.09   0.029   0.110
   51161.077    -0.458     1.798     2.477      0.25   0.027   0.124
   51162.074    -0.453     1.944     2.321      0.14   0.029   0.116
   51163.071    -0.455     1.966     2.375      0.14   0.030   0.119
   51164.068    -0.456     1.881     2.312      0.16   0.028   0.116
   51165.067    -0.423     1.943     2.341      0.14   0.029   0.117
   51166.063    -0.455     1.936     2.360      0.15   0.029   0.118
   51167.061    -0.453     1.850     2.350      0.18   0.028   0.118
   51168.058    -0.453     1.824     2.333      0.19   0.028   0.117
   51169.055    -0.454     1.880     2.379      0.18   0.028   0.119
   51170.053    -0.456     1.846     2.316      0.17   0.028   0.116
   51174.041    -0.454     1.906     2.341      0.16   0.029   0.117
   51175.038    -0.459     1.932     2.251      0.12   0.029   0.113
   51177.033    -0.458     1.810     1.753     -0.03   0.027   0.088
   51178.030    -0.457     1.885     2.235      0.13   0.029   0.112
   51182.020    -0.457     1.913     2.369      0.16   0.029   0.119
   51183.017    -0.459     1.905     2.239      0.12   0.029   0.112
   51184.014    -0.459     2.148     2.786      0.20   0.032   0.139
   51189.997    -0.458     1.780     2.091      0.12   0.027   0.105
   51190.995    -0.449     1.797     2.139      0.13   0.027   0.107
   51191.992    -0.454     1.770     2.199      0.17   0.027   0.110
   51205.954    -0.458     1.746     2.106      0.14   0.026   0.105
   51206.951    -0.457     1.772     2.153      0.15   0.027   0.108
   51207.948    -0.452     1.771     2.102      0.13   0.027   0.105
   51208.945    -0.458     1.902     2.113      0.08   0.029   0.106
   51209.943    -0.457     1.852     2.084      0.09   0.028   0.104
   51210.940    -0.455     1.774     1.870      0.04   0.027   0.094
   51211.938    -0.458     1.784     2.094      0.12   0.027   0.105
   51212.935    -0.456     1.795     2.020      0.09   0.027   0.101
   51213.933    -0.453     1.803     1.980      0.07   0.027   0.099
   51214.930    -0.451     1.883     1.954      0.03   0.028   0.098
   51215.927    -0.454     1.735     2.025      0.12   0.026   0.101
   51216.924    -0.453     1.781     2.020      0.10   0.027   0.101
   51217.921    -0.458     1.833     2.024      0.08   0.028   0.101
   51218.918    -0.457     1.770     1.965      0.08   0.027   0.098
   51221.910    -0.455     1.920     2.028      0.04   0.029   0.102
   51222.907    -0.455     1.817     2.036      0.09   0.028   0.102
   51223.905    -0.455     1.902     1.966      0.03   0.029   0.098
   51224.902    -0.456    -1.000    -1.000    -10.00   0.000   0.000
   51225.899    -0.457     1.787     1.964      0.07   0.027   0.098
   51226.896    -0.452     1.734     1.928      0.08   0.026   0.097
   51227.894    -0.454     1.786     1.963      0.07   0.027   0.098
   51228.892    -0.452     1.804     1.948      0.06   0.027   0.098
   51229.889    -0.453     1.837     1.906      0.03   0.028   0.095
   51230.886    -0.458     1.716     1.895      0.08   0.026   0.095
   51231.883    -0.452     1.720     1.997      0.11   0.026   0.100
   51232.880    -0.455     1.727     1.994      0.11   0.026   0.100
   51233.877    -0.457     1.828     1.994      0.07   0.028   0.100
   51235.872    -0.455     1.718     1.883      0.07   0.026   0.094
   51236.869    -0.455     1.727     1.870      0.06   0.026   0.094
   51237.867    -0.452     1.733     1.998      0.11   0.026   0.100
   51238.864    -0.448     1.854     1.890      0.01   0.028   0.095
   51239.861    -0.457     1.761     1.852      0.04   0.027   0.093
   51240.858    -0.452     1.659     1.753      0.04   0.025   0.088
   51241.855    -0.448     1.677     2.005      0.14   0.025   0.100
   51243.851    -0.455     1.757     1.730     -0.01   0.027   0.087
   51244.848    -0.452     1.712     1.898      0.08   0.026   0.095
   51245.845    -0.454     1.708     1.888      0.08   0.026   0.095
   51247.839    -0.455     1.703     1.867      0.07   0.026   0.094
   51248.837    -0.455     1.698     1.903      0.09   0.026   0.095
   51249.834    -0.456     1.684     1.894      0.09   0.026   0.095
   51250.831    -0.457     1.706     1.966      0.11   0.026   0.098
   51252.825    -0.455     1.711     1.852      0.06   0.026   0.093
   51253.823    -0.455     1.697     1.757      0.03   0.026   0.088
   51254.820    -0.455     1.769     1.787      0.01   0.027   0.090
   51256.814    -0.457     0.493     0.093     -1.28   0.008   0.007
   51257.812    -0.451     1.643     1.757      0.05   0.025   0.088
   51258.810    -0.455     1.680     1.681      0.00   0.025   0.084
   51259.807    -0.457     1.770     1.881      0.05   0.027   0.094
   51260.804    -0.453     1.784     1.867      0.04   0.027   0.094
   51261.801    -0.450     1.714     1.956      0.10   0.026   0.098
   51262.798    -0.457     1.702     1.842      0.06   0.026   0.092
   51263.796    -0.454     1.672     1.808      0.06   0.025   0.091
   51264.793    -0.454     1.724     1.821      0.04   0.026   0.091
   51265.790    -0.457     1.761     1.826      0.03   0.027   0.091
   51266.787    -0.455     1.697     1.838      0.06   0.026   0.092
   51267.784    -0.457     1.648     1.816      0.07   0.025   0.091
   51268.782    -0.453     1.672     1.809      0.06   0.025   0.091
   51269.779    -0.458     1.665     1.724      0.03   0.025   0.086
   51270.776    -0.456     1.675     1.827      0.07   0.025   0.092
   51271.773    -0.452     1.667     1.808      0.06   0.025   0.091
   51272.771    -0.452     1.680     1.895      0.09   0.025   0.095
   51273.769    -0.453     1.716     1.871      0.07   0.026   0.094
   51274.766    -0.453     1.599     1.785      0.08   0.024   0.089
   51275.763    -0.455     1.695     1.807      0.05   0.026   0.091
   51277.758    -0.452     1.708     1.756      0.02   0.026   0.088
   51278.755    -0.457     1.624     1.880      0.11   0.025   0.094
   51279.752    -0.454     1.699     1.790      0.04   0.026   0.090
   51280.749    -0.453     1.799     1.783     -0.01   0.027   0.089
   51281.746    -0.453     1.729     1.895      0.07   0.026   0.095
   51282.744    -0.454     1.737     1.842      0.05   0.026   0.092
   51284.738    -0.451     1.754     1.826      0.03   0.027   0.091
   51285.735    -0.456     1.745     2.003      0.11   0.026   0.100
   51286.732    -0.453     1.750     1.915      0.07   0.027   0.096
   51287.729    -0.458     1.751     1.773      0.01   0.027   0.089
   51288.728    -0.454     1.651     1.894      0.10   0.025   0.095
   51289.725    -0.457     1.710     1.798      0.04   0.026   0.090
   51291.720    -0.451     1.675     2.014      0.14   0.025   0.101
   51292.717    -0.456     1.635     1.867      0.10   0.025   0.094
   51293.714    -0.453     1.585     1.842      0.12   0.024   0.092
   51294.711    -0.454     1.633     1.863      0.10   0.025   0.093
   51295.708    -0.452     1.661     1.815      0.07   0.025   0.091
   51296.705    -0.456     1.591     1.851      0.12   0.024   0.093
