   50410.171    -0.727     2.200     1.597     -0.25   0.033   0.080
   50412.165    -0.720     2.194     1.211     -0.46   0.033   0.061
   50413.162    -0.726     2.222     1.240     -0.45   0.034   0.062
   50414.127    -1.513     2.191     1.386     -0.35   0.033   0.070
   50414.306     2.793     2.118     1.677     -0.18   0.032   0.084
   50424.100    -1.515     2.221     1.608     -0.25   0.034   0.081
   50424.276     2.741     2.118     1.899     -0.08   0.032   0.095
   50425.097    -1.514     2.159     1.532     -0.26   0.033   0.077
   50425.273     2.741     2.076     1.819     -0.10   0.031   0.091
   50426.094    -1.515     2.257     1.482     -0.32   0.034   0.074
   50426.271     2.738     2.191     1.853     -0.13   0.033   0.093
   50427.124    -0.725     2.357     1.625     -0.28   0.036   0.081
   50427.300     3.501     2.125     1.829     -0.12   0.032   0.092
   50428.121    -0.724     2.322     1.612     -0.28   0.035   0.081
   50428.297     3.500     2.062     1.818     -0.10   0.031   0.091
   50429.119    -0.724     2.306     1.499     -0.33   0.035   0.075
   50429.294     3.500     2.067     1.678     -0.16   0.031   0.084
   50430.116    -0.722     2.291     1.479     -0.34   0.035   0.074
   50430.292     3.503     2.081     1.708     -0.15   0.031   0.086
   50431.113    -0.727     2.357     1.518     -0.34   0.036   0.076
   50434.105    -0.725     2.275     1.749     -0.20   0.034   0.088
   50434.280     3.502     2.035     1.957     -0.03   0.031   0.098
   50435.103    -0.724     2.211     1.635     -0.23   0.033   0.082
   50435.278     3.502     2.005     1.869     -0.05   0.030   0.094
   50437.097    -0.726     1.241     1.596      0.19   0.019   0.080
   50437.272     3.499     1.906     1.752     -0.06   0.029   0.088
   50438.094    -0.722     1.622     1.560     -0.03   0.025   0.078
   50438.270     3.504     1.943     1.759     -0.08   0.029   0.088
   50440.089    -0.723     2.097     0.151     -2.02   0.032   0.009
   50440.265     3.503     1.922     0.261     -1.53   0.029   0.014
   50441.086    -0.726     2.351     1.712     -0.24   0.035   0.086
   50441.262     3.505     2.109     1.938     -0.06   0.032   0.097
   50444.078    -0.723     0.389     0.177     -0.60   0.007   0.011
   50444.253     3.502     1.950     1.764     -0.08   0.029   0.088
   50445.075    -0.724     2.141     1.726     -0.17   0.032   0.086
   50445.251     3.503     1.144     0.285     -1.07   0.018   0.015
   50446.072    -0.724     2.160     1.659     -0.20   0.033   0.083
   50446.248     3.504     1.923     1.880     -0.02   0.029   0.094
   50447.069    -0.727     1.396     0.911     -0.33   0.021   0.046
   50447.245     3.501     1.866     1.745     -0.05   0.028   0.087
   50455.048    -0.724     2.263     1.593     -0.27   0.034   0.080
   50455.224     3.505     2.035     1.783     -0.10   0.031   0.089
   50456.045    -0.722     2.336     1.623     -0.28   0.035   0.081
   50456.221     3.502     2.006     1.763     -0.10   0.030   0.088
   50457.042    -0.725     2.402     1.638     -0.29   0.036   0.082
   50457.218     3.503     2.155     1.902     -0.10   0.033   0.095
   50458.040    -0.720     2.351     1.606     -0.29   0.035   0.081
   50459.213     3.503     1.963     1.626     -0.14   0.030   0.081
   50459.037    -0.727     2.280     1.760     -0.20   0.034   0.088
   50459.213     3.503     2.056     1.989     -0.03   0.031   0.100
   50460.034    -0.725     2.337     1.732     -0.23   0.035   0.087
   50460.210     3.502     2.083     1.870     -0.08   0.031   0.094
   50461.031    -0.725     2.294     1.595     -0.28   0.035   0.080
   50461.207     3.502     2.044     1.760     -0.12   0.031   0.088
   50462.028    -0.720     2.245     1.616     -0.25   0.034   0.081
   50462.204     3.503     2.005     1.848     -0.06   0.030   0.093
   50463.025    -0.724     2.206     1.625     -0.23   0.033   0.081
   50463.201     3.504     2.003     1.539     -0.20   0.030   0.077
   50464.023    -0.724     2.262     1.736     -0.20   0.034   0.087
   50464.199     3.505     2.038     1.819     -0.09   0.031   0.091
   50465.021    -0.719     2.287     1.582     -0.28   0.035   0.079
   50465.196     3.501     2.083     1.877     -0.08   0.031   0.094
   50466.019    -0.709     2.334     1.674     -0.25   0.035   0.084
   50466.193     3.498     2.109     1.946     -0.06   0.032   0.097
   50467.015    -0.723     2.375     1.781     -0.22   0.036   0.089
   50467.190     3.505     2.096     1.904     -0.07   0.032   0.095
   50468.013    -0.722     2.235     1.661     -0.23   0.034   0.083
   50468.188     3.505     1.980     1.835     -0.06   0.030   0.092
   50469.010    -0.723     2.234     1.721     -0.20   0.034   0.086
   50469.185     3.500     2.023     1.986     -0.01   0.031   0.099
   50470.007    -0.724     2.212     1.748     -0.18   0.033   0.088
   50470.183     3.502     1.979     2.008      0.01   0.030   0.101
   50471.004    -0.724     2.279     1.637     -0.25   0.034   0.082
   50471.180     3.503     2.031     1.601     -0.18   0.031   0.080
   50472.001    -0.720     2.309     1.720     -0.23   0.035   0.086
   50472.177     3.501     1.146     0.258     -1.14   0.018   0.014
   50473.174     3.503     1.978     1.713     -0.11   0.030   0.086
   50473.996    -0.717     2.228     1.694     -0.21   0.034   0.085
   50474.171     3.501     1.978     1.888     -0.04   0.030   0.095
   50474.993    -0.721     2.160     1.640     -0.21   0.033   0.082
   50475.169     3.502     1.940     1.818     -0.05   0.029   0.091
   50475.990    -0.724     2.086     1.425     -0.29   0.032   0.071
   50476.987    -0.724     2.147     1.772     -0.15   0.032   0.089
   50477.163     3.499     1.912     1.891     -0.01   0.029   0.095
   50477.984    -0.725     2.185     1.643     -0.22   0.033   0.082
   50478.161     3.505     1.920     1.885     -0.01   0.029   0.094
   50478.982    -0.726     2.149     1.595     -0.23   0.032   0.080
   50479.158     3.503     1.901     1.856     -0.02   0.029   0.093
   50479.979    -0.727     2.133     1.658     -0.19   0.032   0.083
   50480.155     3.503     1.890     1.882      0.00   0.029   0.094
   50480.977    -0.725     2.111     1.701     -0.17   0.032   0.085
   50481.152     3.502     1.907     1.895      0.00   0.029   0.095
   50481.974    -0.726     2.131     1.686     -0.18   0.032   0.084
   50482.149     3.503     1.928     1.960      0.01   0.029   0.098
   50482.971    -0.726     2.155     1.777     -0.15   0.033   0.089
   50483.146     3.503     1.918     2.080      0.06   0.029   0.104
   50483.969    -0.725     2.193     1.438     -0.32   0.033   0.072
   50484.145     3.502     1.907     1.736     -0.07   0.029   0.087
   50484.966    -0.726     2.157     1.752     -0.16   0.033   0.088
   50485.142     3.501     1.910     1.797     -0.05   0.029   0.090
   50485.963    -0.727     2.144     1.737     -0.16   0.032   0.087
   50486.139     3.502     1.912     1.913      0.00   0.029   0.096
   50489.952    -0.720     2.210     1.770     -0.17   0.033   0.089
   50490.128     3.504     1.966     2.050      0.03   0.030   0.103
   50490.949    -0.726     2.230     1.858     -0.14   0.034   0.093
   50491.125     3.501     1.988     2.069      0.03   0.030   0.104
   50491.946    -0.725     2.218     1.723     -0.19   0.033   0.086
   50492.122     3.506     1.979     1.875     -0.04   0.030   0.094
   50492.944    -0.724     2.271     2.053     -0.08   0.034   0.103
   50493.119     3.501     2.055     1.966     -0.03   0.031   0.098
   50493.941    -0.726     2.128     1.675     -0.18   0.032   0.084
   50494.117     3.500     1.971     1.886     -0.03   0.030   0.094
   50494.938    -0.725     2.169     1.764     -0.16   0.033   0.088
   50495.114     3.502     1.924     2.048      0.05   0.029   0.103
   50495.936    -0.724     2.091     1.706     -0.16   0.032   0.085
   50496.111     3.504     1.828     1.736     -0.04   0.028   0.087
   50496.933    -0.727     2.045     1.867     -0.07   0.031   0.094
   50497.108     3.502     1.821     1.982      0.06   0.028   0.099
   50497.931    -0.724     2.058     1.797     -0.10   0.031   0.090
   50498.106     3.506     1.845     1.957      0.05   0.028   0.098
   50498.928    -0.723     2.051     1.791     -0.10   0.031   0.090
   50499.104     3.505     1.820     1.865      0.02   0.028   0.093
   50499.925    -0.726     2.056     1.757     -0.12   0.031   0.088
   50500.101     3.504     1.830     2.002      0.07   0.028   0.100
   50500.922    -0.727     2.030     1.552     -0.21   0.031   0.078
   50501.098     3.504     1.813     2.062      0.10   0.027   0.103
   50501.920    -0.721     2.070     1.733     -0.14   0.031   0.087
   50502.095     3.504     1.842     1.930      0.04   0.028   0.097
   50502.917    -0.722     2.113     1.765     -0.14   0.032   0.088
   50503.093     3.505     1.901     1.931      0.01   0.029   0.097
   50503.914    -0.726     2.153     1.790     -0.14   0.033   0.090
   50504.090     3.504     1.932     1.986      0.02   0.029   0.099
   50504.911    -0.723     2.132     1.777     -0.14   0.032   0.089
   50505.087     3.502     1.913     1.943      0.01   0.029   0.097
   50505.908    -0.723     2.128     1.653     -0.19   0.032   0.083
   50506.084     3.507     1.906     2.059      0.06   0.029   0.103
   50506.905    -0.727     2.120     1.662     -0.19   0.032   0.083
   50507.081     3.503     1.955     2.034      0.03   0.030   0.102
   50507.903    -0.726     2.165     1.839     -0.12   0.033   0.092
   50508.078     3.502     1.956     1.985      0.01   0.030   0.099
   50508.900    -0.727     2.141     1.622     -0.21   0.032   0.081
   50509.076     3.503     1.985     1.983      0.00   0.030   0.099
   50509.897    -0.724     2.206     1.741     -0.18   0.033   0.087
   50510.073     3.503     2.003     1.890     -0.04   0.030   0.095
   50510.895    -0.726     2.284     1.782     -0.19   0.034   0.089
   50511.070     3.504     2.061     2.031     -0.01   0.031   0.102
   50511.892    -0.726     2.246     1.922     -0.12   0.034   0.096
   50512.067     3.504     2.041     2.111      0.03   0.031   0.106
   50512.890    -0.721     2.214     1.710     -0.20   0.033   0.086
   50513.065     3.504     2.010     2.101      0.03   0.030   0.105
   50513.887    -0.722     2.327     1.897     -0.16   0.035   0.095
   50514.884    -0.722     2.239     1.757     -0.19   0.034   0.088
   50515.060     3.504     1.998     1.919     -0.03   0.030   0.096
   50515.881    -0.725     2.165     1.732     -0.17   0.033   0.087
   50516.057     3.506     1.929     1.945      0.01   0.029   0.097
   50516.878    -0.725     2.172     1.764     -0.16   0.033   0.088
   50517.054     3.505     1.948     2.040      0.04   0.029   0.102
   50517.876    -0.725     2.131     1.783     -0.14   0.032   0.089
   50518.052     3.503     1.898     2.003      0.04   0.029   0.100
   50518.873    -0.724     2.079     1.855     -0.09   0.031   0.093
   50519.870    -0.722     2.046     1.835     -0.08   0.031   0.092
   50520.046     3.501     1.851     2.020      0.07   0.028   0.101
   50520.867    -0.722     2.099     1.994     -0.04   0.032   0.100
   50521.043     3.504     1.854     2.156      0.12   0.028   0.108
   50521.865    -0.723     2.108     1.862     -0.09   0.032   0.093
   50522.040     3.504     1.866     1.992      0.05   0.028   0.100
   50522.862    -0.724     2.149     1.900     -0.09   0.032   0.095
   50523.037     3.501     1.925     2.077      0.06   0.029   0.104
   50523.859    -0.724     2.134     1.882     -0.10   0.032   0.094
   50524.035     3.504     1.916     2.089      0.07   0.029   0.105
   50524.856    -0.724     2.189     1.910     -0.10   0.033   0.096
   50525.032     3.501     1.952     2.010      0.02   0.030   0.101
   50525.855    -0.692     2.184     1.695     -0.19   0.033   0.085
   50526.029     3.505     1.883     1.942      0.02   0.028   0.097
   50526.853    -0.694     2.239     1.926     -0.12   0.034   0.096
   50527.026     3.504     1.975     2.087      0.04   0.030   0.105
   50527.850    -0.692     2.272     1.956     -0.12   0.034   0.098
   50528.024     3.502     2.015     2.099      0.03   0.030   0.105
   50528.849    -0.664     2.266     1.884     -0.14   0.034   0.094
   50529.021     3.506     1.968     2.104      0.05   0.030   0.105
   50529.846    -0.663     2.257     1.933     -0.12   0.034   0.097
   50530.019     3.507     1.899     2.111      0.08   0.029   0.106
   50532.835    -0.726     2.209     2.380      0.06   0.033   0.119
   50533.011     3.504     1.968     2.633      0.22   0.030   0.132
   50533.832    -0.724     2.217     2.339      0.04   0.033   0.117
   50535.005     3.504     1.904     2.052      0.06   0.029   0.103
   50535.826    -0.725     2.178     1.957     -0.08   0.033   0.098
   50536.002     3.509     1.966     2.047      0.03   0.030   0.103
   50536.823    -0.726     2.196     1.874     -0.12   0.033   0.094
   50537.000     3.506     1.995     2.083      0.03   0.030   0.104
   50537.821    -0.719     2.176     1.945     -0.09   0.033   0.097
   50537.997     3.507     1.946     1.997      0.02   0.029   0.100
   50539.815    -0.722     2.142     1.896     -0.09   0.032   0.095
   50539.991     3.502     1.939     2.050      0.04   0.029   0.103
   50540.812    -0.724     2.116     1.933     -0.07   0.032   0.097
   50540.988     3.502     1.926     2.048      0.05   0.029   0.103
   50541.810    -0.726     2.169     1.989     -0.07   0.033   0.100
   50541.986     3.506     1.979     2.183      0.08   0.030   0.109
   50542.808    -0.728     2.170     1.924     -0.09   0.033   0.096
   50542.983     3.503     1.974     2.099      0.05   0.030   0.105
   50543.805    -0.723     2.198     1.840     -0.14   0.033   0.092
   50543.980     3.504     1.975     2.068      0.04   0.030   0.104
   50544.802    -0.723     2.160     1.883     -0.10   0.033   0.094
   50544.978     3.499     1.947     2.054      0.04   0.029   0.103
   50545.799    -0.726     2.139     1.902     -0.09   0.032   0.095
   50545.975     3.505     1.916     2.182      0.10   0.029   0.109
   50546.797    -0.724     2.122     2.009     -0.04   0.032   0.101
   50546.972     3.504     1.911     2.330      0.15   0.029   0.117
   50547.794    -0.724     2.172     2.119     -0.02   0.033   0.106
   50547.970     3.505     1.939     2.209      0.10   0.029   0.111
   50548.791    -0.724     2.191     1.974     -0.08   0.033   0.099
   50548.967     3.506     1.969     2.166      0.07   0.030   0.108
   50549.788    -0.725     2.201     1.970     -0.09   0.033   0.099
   50549.964     3.504     1.987     2.248      0.09   0.030   0.113
   50550.785    -0.726     2.246     1.836     -0.15   0.034   0.092
   50550.961     3.504     2.035     2.213      0.06   0.031   0.111
   50551.783    -0.725     2.278     2.141     -0.05   0.034   0.107
   50552.780    -0.727     2.237     2.044     -0.07   0.034   0.102
   50552.956     3.505     1.986     2.240      0.09   0.030   0.112
   50553.777    -0.721     2.213     2.040     -0.06   0.033   0.102
   50554.774    -0.723     2.177     1.980     -0.07   0.033   0.099
   50554.950     3.502     1.943     2.224      0.10   0.029   0.111
   50555.771    -0.724     2.160     2.026     -0.05   0.033   0.101
   50555.947     3.504     1.956     2.275      0.12   0.030   0.114
   50556.770    -0.722     2.178     2.092     -0.03   0.033   0.105
   50556.945     3.506     1.953     2.336      0.14   0.030   0.117
   50557.767    -0.725     2.164     2.013     -0.05   0.033   0.101
   50557.942     3.506     1.955     2.239      0.10   0.030   0.112
   50558.764    -0.722     2.201     2.032     -0.06   0.033   0.102
   50558.939     3.502     1.975     2.263      0.10   0.030   0.113
   50559.761    -0.725     2.230     1.988     -0.09   0.034   0.100
   50560.759    -0.705     2.169     2.034     -0.05   0.033   0.102
   50561.756    -0.724     2.163     2.042     -0.04   0.033   0.102
   50562.753    -0.725     2.117     2.059     -0.02   0.032   0.103
   50562.929     3.505     1.909     2.327      0.15   0.029   0.116
   50563.750    -0.723     2.108     1.749     -0.14   0.032   0.088
   50563.926     3.500     1.905     2.224      0.12   0.029   0.111
   50564.747    -0.724     2.102     1.901     -0.08   0.032   0.095
   50564.923     3.502     1.886     2.260      0.14   0.029   0.113
   50565.745    -0.723     2.108     1.890     -0.08   0.032   0.095
   50565.920     3.506     1.866     1.877      0.00   0.028   0.094
   50566.742    -0.725     2.028     1.919     -0.04   0.031   0.096
   50566.918     3.502     1.817     2.196      0.14   0.028   0.110
   50568.736    -0.724     2.007     2.008      0.00   0.030   0.101
   50568.912     3.504     1.795     2.216      0.16   0.027   0.111
   50569.733    -0.720     2.035     2.028      0.00   0.031   0.102
   50569.909     3.502     1.826     2.365      0.20   0.028   0.118
   50570.730    -0.726     2.100     2.115      0.00   0.032   0.106
   50570.907     3.507     1.898     2.263      0.14   0.029   0.113
   50571.729    -0.725     2.128     1.932     -0.07   0.032   0.097
   50571.904     3.505     1.913     2.295      0.14   0.029   0.115
   50572.726    -0.725     2.114     2.167      0.02   0.032   0.108
   50572.901     3.503     1.884     2.319      0.16   0.029   0.116
   50573.723    -0.724     2.090     2.118      0.01   0.032   0.106
   50573.898     3.502     1.878     2.342      0.17   0.028   0.117
   50574.720    -0.721     2.046     1.960     -0.03   0.031   0.098
   50574.896     3.505     1.817     2.190      0.14   0.028   0.110
   50575.717    -0.726     1.996     2.019      0.01   0.030   0.101
   50575.893     3.503     1.759     2.271      0.20   0.027   0.114
   50576.715    -0.725     1.985     2.069      0.03   0.030   0.104
   50576.891     3.506     1.738     1.674     -0.03   0.026   0.084
   50577.712    -0.725     1.965     2.022      0.02   0.030   0.101
   50577.888     3.505     1.735     2.430      0.26   0.026   0.122
   50578.709    -0.723     1.957     2.191      0.09   0.030   0.110
   50578.885     3.505     1.732     2.268      0.21   0.026   0.114
   50579.706    -0.723     1.971     2.100      0.05   0.030   0.105
   50579.882     3.505     1.741     2.373      0.24   0.026   0.119
   50580.704    -0.723     2.046     2.045      0.00   0.031   0.102
   50580.879     3.503     1.834     2.322      0.18   0.028   0.116
   50581.877     3.503     1.917     2.312      0.14   0.029   0.116
   50582.698    -0.724     2.121     1.435     -0.30   0.032   0.072
   50582.874     3.505     1.951     2.238      0.10   0.029   0.112
   50583.695    -0.726     2.158     2.165      0.00   0.033   0.108
   50583.871     3.505     1.915     2.465      0.19   0.029   0.123
   50584.692    -0.725     2.103     2.213      0.04   0.032   0.111
   50584.868     3.503     1.884     2.481      0.21   0.029   0.124
   50585.865     3.503     1.765     2.300      0.20   0.027   0.115
   50586.863     3.506     1.792     2.285      0.19   0.027   0.114
   50587.685    -0.724     2.103     2.222      0.04   0.032   0.111
   50587.860     3.505     1.880     2.545      0.23   0.028   0.127
   50588.857     3.505     1.836     2.345      0.19   0.028   0.117
   50589.679    -0.724     2.057     2.103      0.02   0.031   0.105
   50589.854     3.503     1.814     2.355      0.20   0.027   0.118
   50590.677    -0.724     2.058     2.144      0.03   0.031   0.107
   50590.853     3.506     1.833     2.385      0.20   0.028   0.119
   50591.674    -0.724     2.114     2.222      0.04   0.032   0.111
   50591.850     3.506     1.867     2.530      0.23   0.028   0.127
   50592.671    -0.725     2.159     2.191      0.01   0.033   0.110
   50592.847     3.506     1.901     2.443      0.19   0.029   0.122
   50593.668    -0.726     2.166     2.169      0.00   0.033   0.109
   50593.844     3.502     1.939     2.411      0.17   0.029   0.121
   50594.665    -0.726     2.191     2.234      0.01   0.033   0.112
   50594.841     3.503     1.946     2.420      0.17   0.029   0.121
   50595.839     3.505     1.961     2.401      0.16   0.030   0.120
   50596.660    -0.725     2.291     2.191     -0.03   0.035   0.110
   50596.836     3.502     2.023     2.335      0.11   0.031   0.117
   50597.657    -0.725     2.324     2.287     -0.01   0.035   0.114
   50597.833     3.504     2.038     2.218      0.06   0.031   0.111
   50598.654    -0.723     2.223     2.275      0.02   0.034   0.114
   50598.830     3.504     1.966     2.392      0.15   0.030   0.120
   50599.651    -0.727     2.202     2.111     -0.03   0.033   0.106
   50599.827     3.504     1.979     2.311      0.12   0.030   0.116
   50600.649    -0.721     2.194     1.626     -0.23   0.033   0.081
   50600.825     3.504     1.969     2.303      0.12   0.030   0.115
   50601.646    -0.727     2.160     2.207      0.02   0.033   0.110
   50601.822     3.504     1.951     2.492      0.19   0.029   0.125
   50602.819     3.503     1.893     2.382      0.18   0.029   0.119
   50603.641    -0.722     2.132     2.262      0.05   0.032   0.113
   50603.816     3.503     1.891     2.511      0.22   0.029   0.126
   50604.638    -0.726     2.129     2.239      0.04   0.032   0.112
   50604.813     3.502     1.885     2.443      0.20   0.029   0.122
   50605.636    -0.727     2.201     2.248      0.02   0.033   0.113
   50605.811     3.501     1.941     2.419      0.17   0.029   0.121
   50606.633    -0.725     2.151     2.247      0.03   0.032   0.112
   50606.809     3.504     1.879     2.291      0.15   0.028   0.115
   50607.630    -0.724     2.103     2.231      0.05   0.032   0.112
   50607.806     3.507     1.878     2.450      0.20   0.028   0.123
   50608.627    -0.725     2.107     2.269      0.06   0.032   0.114
   50608.803     3.501     1.877     2.491      0.22   0.028   0.125
   50609.802     3.538     1.862     2.520      0.23   0.028   0.126
   50610.622    -0.726     2.112     2.169      0.02   0.032   0.109
   50610.799     3.536     1.903     2.516      0.21   0.029   0.126
   50611.619    -0.724     2.177     2.219      0.01   0.033   0.111
   50611.796     3.535     1.939     2.147      0.08   0.029   0.108
   50612.616    -0.724     2.194     2.232      0.01   0.033   0.112
   50612.793     3.535     1.960     2.159      0.07   0.030   0.108
   50613.613    -0.727     2.151     1.983     -0.06   0.032   0.099
   50613.790     3.534     1.948     2.505      0.19   0.029   0.125
   50614.610    -0.725     2.101     2.337      0.08   0.032   0.117
   50614.788     3.533     1.898     2.547      0.22   0.029   0.127
   50615.608    -0.724     2.104     2.345      0.08   0.032   0.117
   50615.785     3.536     1.870     2.471      0.21   0.028   0.124
   50616.782     3.536     1.844     2.514      0.24   0.028   0.126
   50617.603    -0.722     2.027     2.401      0.13   0.031   0.120
   50617.779     3.534     1.824     2.271      0.17   0.028   0.114
   50618.600    -0.721     2.033     2.332      0.10   0.031   0.117
   50618.777     3.536     1.828     2.556      0.26   0.028   0.128
   50619.597    -0.726     2.019     2.226      0.08   0.031   0.111
   50619.774     3.538     1.825     2.066      0.09   0.028   0.103
   50620.595    -0.722     1.997     2.294      0.11   0.030   0.115
   50620.771     3.531     1.816     2.384      0.21   0.027   0.119
   50621.592    -0.726     2.067     2.336      0.09   0.031   0.117
   50621.769     3.534     1.866     2.433      0.20   0.028   0.122
   50622.589    -0.726     2.085     2.336      0.09   0.031   0.117
   50622.766     3.535     1.876     2.435      0.20   0.028   0.122
   50624.583    -0.726     2.069     2.183      0.04   0.031   0.109
   50624.759     3.504     1.851     2.421      0.21   0.028   0.121
   50625.581    -0.724     2.121     2.321      0.07   0.032   0.116
   50626.578    -0.725     2.143     2.320      0.06   0.032   0.116
   50626.754     3.502     1.896     2.511      0.22   0.029   0.126
   50627.575    -0.726     2.140     2.343      0.07   0.032   0.117
   50627.751     3.502     1.892     2.591      0.24   0.029   0.130
   50628.572    -0.726     2.116     2.352      0.08   0.032   0.118
   50628.748     3.503     1.869     2.521      0.23   0.028   0.126
   50629.570    -0.723     2.145     2.235      0.03   0.032   0.112
   50631.564    -0.724     2.169     2.495      0.11   0.033   0.125
   50631.740     3.505     1.915     2.674      0.26   0.029   0.134
   50632.562    -0.725     2.091     2.345      0.09   0.032   0.117
   50632.737     3.504     1.857     2.580      0.25   0.028   0.129
   50633.559    -0.725     2.070     2.376      0.11   0.031   0.119
   50633.734     3.505     1.813     2.546      0.26   0.027   0.127
   50634.557    -0.726     2.079     2.499      0.14   0.031   0.125
   50634.731     3.501     1.845     2.719      0.30   0.028   0.136
   50635.554    -0.724     2.063     2.325      0.09   0.031   0.116
   50635.729     3.506     1.821     2.514      0.25   0.028   0.126
   50636.551    -0.726     2.069     2.234      0.06   0.031   0.112
   50636.727     3.504     1.664     2.448      0.30   0.025   0.123
   50638.545    -0.724     2.021     2.183      0.06   0.031   0.109
   50638.721     3.504     1.773     2.538      0.28   0.027   0.127
   50639.543    -0.725     2.044     2.431      0.13   0.031   0.122
   50639.718     3.503     1.810     2.632      0.29   0.027   0.132
   50640.540    -0.723     2.103     2.449      0.12   0.032   0.123
   50640.716     3.505     1.827     2.577      0.26   0.028   0.129
   50641.537    -0.726     2.118     2.421      0.10   0.032   0.121
   50641.713     3.503     1.819     2.521      0.25   0.028   0.126
   50642.534    -0.725     2.073     2.479      0.14   0.031   0.124
   50642.710     3.503     1.783     2.511      0.26   0.027   0.126
   50643.531    -0.723     2.024     2.451      0.15   0.031   0.123
   50643.707     3.500     1.751     2.503      0.27   0.027   0.125
   50645.526    -0.714     2.055     2.411      0.12   0.031   0.121
   50645.702     3.506     1.786     2.464      0.25   0.027   0.123
   50646.523    -0.713     2.079     2.432      0.12   0.031   0.122
   50646.699     3.502     1.804     2.509      0.25   0.027   0.126
   50647.521    -0.714     2.079     2.455      0.13   0.031   0.123
   50647.696     3.502     1.805     2.570      0.27   0.027   0.129
   50648.519    -0.704     2.069     2.521      0.15   0.031   0.126
   50648.693     3.505     1.812     2.572      0.27   0.027   0.129
   50649.516    -0.711     2.132     2.452      0.11   0.032   0.123
   50649.690     3.503     1.853     2.571      0.25   0.028   0.129
   50650.513    -0.713     2.110     2.469      0.12   0.032   0.124
   50650.688     3.505     1.823     2.418      0.22   0.028   0.121
   50652.508    -0.710     2.071     2.971      0.28   0.031   0.149
   50653.505    -0.713     2.071     2.675      0.20   0.031   0.134
   50653.680     3.502     1.847     2.618      0.27   0.028   0.131
   50654.502    -0.714     2.105     2.372      0.09   0.032   0.119
   50654.678     3.503     1.876     2.543      0.23   0.028   0.127
   50656.497    -0.713     2.175     2.434      0.09   0.033   0.122
   50656.672     3.503     1.898     2.227      0.12   0.029   0.111
   50657.494    -0.702     2.219     2.514      0.10   0.033   0.126
   50657.669     3.502     1.947     2.653      0.24   0.029   0.133
   50658.491    -0.700     2.196     2.422      0.08   0.033   0.121
   50659.488    -0.726     2.201     2.313      0.04   0.033   0.116
   50659.664     3.502     1.925     2.501      0.20   0.029   0.125
   50660.661     3.502     1.919     2.377      0.16   0.029   0.119
   50661.658     3.499     1.917     2.277      0.13   0.029   0.114
   50662.479    -0.722     2.205     2.496      0.09   0.033   0.125
   50662.655     3.505     1.886     2.538      0.23   0.029   0.127
   50663.477    -0.726     2.243     2.480      0.08   0.034   0.124
   50663.652     3.502     1.938     2.460      0.18   0.029   0.123
   50664.475    -0.724     2.253     2.473      0.07   0.034   0.124
   50664.650     3.505     1.966     1.831     -0.05   0.030   0.092
   50665.472    -0.724     2.279     2.442      0.05   0.034   0.122
   50666.469    -0.725     2.321     2.460      0.05   0.035   0.123
   50666.645     3.505     2.008     2.507      0.17   0.030   0.125
   50667.466    -0.725     2.357     2.417      0.02   0.036   0.121
   50667.642     3.504     2.004     2.347      0.12   0.030   0.117
   50668.463    -0.725     2.336     2.444      0.04   0.035   0.122
   50668.639     3.503     2.011     2.394      0.13   0.030   0.120
   50669.637     3.503     2.018     2.437      0.14   0.030   0.122
   50670.458    -0.725     2.281     2.459      0.06   0.034   0.123
   50670.634     3.502     1.991     2.448      0.16   0.030   0.123
   50671.455    -0.726     2.251     2.534      0.09   0.034   0.127
   50671.631     3.503     1.937     2.612      0.23   0.029   0.131
   50672.452    -0.726     2.252     2.561      0.10   0.034   0.128
   50673.449    -0.726     2.112     2.575      0.15   0.032   0.129
   50673.625     3.500     1.840     2.527      0.24   0.028   0.126
   50674.447    -0.727     2.031     2.459      0.15   0.031   0.123
   50674.623     3.502     1.770     2.622      0.30   0.027   0.131
   50675.444    -0.726     2.056     2.435      0.13   0.031   0.122
   50675.620     3.505     1.761     2.432      0.25   0.027   0.122
   50676.441    -0.726     2.052     2.422      0.13   0.031   0.121
   50676.617     3.505     1.785     2.502      0.26   0.027   0.125
   50678.437    -0.724     2.011     2.349      0.12   0.030   0.118
   50678.611     3.503     1.785     2.596      0.29   0.027   0.130
   50679.434    -0.724     2.053     1.927     -0.05   0.031   0.097
   50680.431    -0.727     2.066     2.248      0.06   0.031   0.113
   50680.606     3.502     1.852     2.410      0.20   0.028   0.121
   50681.428    -0.727     2.095     2.566      0.16   0.032   0.128
   50681.604     3.503     1.821     2.504      0.24   0.028   0.125
   50682.425    -0.727     2.094     2.453      0.12   0.032   0.123
   50682.601     3.501     1.817     2.537      0.26   0.028   0.127
   50683.423    -0.725     2.059     2.418      0.12   0.031   0.121
   50683.598     3.502     1.796     2.546      0.27   0.027   0.127
   50684.420    -0.722     2.014     2.423      0.14   0.030   0.121
   50684.596     3.502     1.750     2.648      0.32   0.027   0.133
   50685.417    -0.727     1.984     2.390      0.14   0.030   0.120
   50685.593     3.505     1.710     2.503      0.29   0.026   0.125
   50686.414    -0.722     1.984     2.405      0.15   0.030   0.120
   50687.411    -0.726     1.945     2.520      0.20   0.029   0.126
   50687.587     3.499     1.684     2.710      0.36   0.026   0.136
   50688.408    -0.727     1.866     2.483      0.22   0.028   0.124
   50688.584     3.503     1.616     2.543      0.35   0.025   0.127
   50689.406    -0.725     1.876     2.419      0.19   0.028   0.121
   50689.582     3.503     1.628     2.546      0.34   0.025   0.127
   50690.403    -0.727     1.933     2.373      0.16   0.029   0.119
   50690.579     3.504     1.687     2.523      0.31   0.026   0.126
   50691.400    -0.721     1.967     2.353      0.14   0.030   0.118
   50691.576     3.502     1.719     2.521      0.29   0.026   0.126
   50692.397    -0.723     2.035     2.330      0.10   0.031   0.117
   50692.573     3.504     1.791     2.473      0.25   0.027   0.124
   50693.396    -0.726     2.099     2.243      0.05   0.032   0.112
   50694.393    -0.724     2.130     2.299      0.06   0.032   0.115
   50694.568     3.503     1.881     2.494      0.22   0.028   0.125
   50697.374    -0.975     2.164     2.298      0.05   0.033   0.115
   50697.560     3.504     1.986     2.640      0.22   0.030   0.132
   50698.371    -0.976     2.123     2.351      0.08   0.032   0.118
   50698.557     3.503     1.918     2.417      0.18   0.029   0.121
   50699.368    -0.974     2.059     2.350      0.10   0.031   0.118
   50699.555     3.502     1.875     2.498      0.22   0.028   0.125
   50700.365    -0.973     2.044     2.384      0.12   0.031   0.119
   50701.363    -0.975     2.003     2.306      0.11   0.030   0.115
   50701.549     3.502     1.802     1.890      0.04   0.027   0.095
   50702.360    -0.976     2.052     2.247      0.07   0.031   0.112
   50702.546     3.502     1.910     2.437      0.19   0.029   0.122
   50703.357    -0.974     2.102     2.322      0.08   0.032   0.116
   50703.544     3.504     1.940     2.590      0.22   0.029   0.130
   50704.354    -0.972     2.178     2.303      0.04   0.033   0.115
   50704.541     3.502     2.004     2.584      0.19   0.030   0.129
   50705.352    -0.974     2.177     2.381      0.07   0.033   0.119
   50705.538     3.502     1.974     2.690      0.24   0.030   0.135
   50706.350    -0.977     2.089     2.380      0.10   0.032   0.119
   50706.535     3.504     1.898     2.654      0.26   0.029   0.133
   50707.347    -0.976     2.023     2.371      0.12   0.031   0.119
   50708.344    -0.976     2.011     2.413      0.14   0.030   0.121
   50708.530     3.518     1.853     2.659      0.28   0.028   0.133
   50709.341    -0.976     1.988     2.289      0.11   0.030   0.115
   50709.527     3.516     1.885     2.675      0.27   0.029   0.134
   50710.339    -0.973     2.135     2.403      0.09   0.032   0.120
   50710.525     3.528     1.948     2.688      0.25   0.029   0.135
   50711.336    -0.977     2.117     2.390      0.09   0.032   0.120
   50711.522     3.515     1.909     2.554      0.22   0.029   0.128
   50712.333    -0.975     2.058     2.336      0.10   0.031   0.117
   50712.520     3.515     1.864     2.577      0.25   0.028   0.129
   50713.330    -0.977     2.088     2.264      0.06   0.032   0.113
   50713.518     3.530     1.938     2.441      0.18   0.029   0.122
   50714.327    -0.977     2.084     2.244      0.06   0.031   0.112
   50715.324    -0.977     2.018     2.296      0.10   0.030   0.115
   50715.511     3.514     1.832     2.540      0.25   0.028   0.127
   50716.322    -0.975     2.000     2.241      0.09   0.030   0.112
   50716.509     3.529     1.856     2.585      0.25   0.028   0.129
   50717.509     3.579     1.949     2.399      0.16   0.029   0.120
   50718.316    -0.976     2.107     2.215      0.04   0.032   0.111
   50718.503     3.515     1.944     2.510      0.20   0.029   0.126
   50719.313    -0.972     2.090     2.527      0.14   0.032   0.126
   50719.501     3.526     1.929     2.812      0.29   0.029   0.141
   50720.312    -0.971     2.081     2.456      0.13   0.031   0.123
   50720.498     3.526     1.948     2.758      0.27   0.029   0.138
   50721.308    -0.980     2.084     2.328      0.09   0.031   0.117
   50721.495     3.526     1.956     2.626      0.23   0.030   0.131
   50722.306    -0.973     2.157     2.337      0.06   0.033   0.117
   50722.491     3.504     2.009     2.514      0.17   0.030   0.126
   50723.303    -0.976     2.203     2.323      0.04   0.033   0.116
   50723.489     3.503     2.024     2.464      0.15   0.031   0.123
   50724.300    -0.973     2.231     2.313      0.03   0.034   0.116
   50724.486     3.505     2.059     2.536      0.16   0.031   0.127
   50725.297    -0.978     2.219     2.255      0.01   0.033   0.113
   50725.483     3.501     2.003     2.516      0.17   0.030   0.126
   50726.295    -0.975     2.104     2.318      0.07   0.032   0.116
   50726.480     3.502     1.918     2.288      0.14   0.029   0.115
   50727.292    -0.975     2.084     2.310      0.08   0.031   0.116
   50727.478     3.504     1.905     2.340      0.16   0.029   0.117
   50728.289    -0.976     2.049     2.273      0.08   0.031   0.114
   50728.476     3.501     1.892     2.520      0.22   0.029   0.126
   50729.286    -0.976     2.045     2.213      0.06   0.031   0.111
   50730.283    -0.977     2.083     2.277      0.07   0.031   0.114
   50731.281    -0.975     2.141     2.225      0.03   0.032   0.111
   50732.278    -0.976     2.105     2.276      0.06   0.032   0.114
   50733.275    -0.973     2.072     2.305      0.08   0.031   0.115
   50734.272    -0.974     2.119     2.304      0.06   0.032   0.115
   50735.271    -0.974     2.173     2.201      0.01   0.033   0.110
   50736.268    -0.976     2.239     2.234      0.00   0.034   0.112
   50737.265    -0.970     2.343     2.220     -0.04   0.035   0.111
   50738.262    -0.977     2.218     2.249      0.01   0.033   0.113
   50739.259    -0.974     2.158     2.140     -0.01   0.033   0.107
   50740.257    -0.973     2.156     2.308      0.05   0.033   0.116
   50741.254    -0.974     2.199     2.267      0.02   0.033   0.113
   50742.251    -0.977     2.172     2.263      0.03   0.033   0.113
   50743.248    -0.974     2.174     2.251      0.03   0.033   0.113
   50744.245    -0.974     2.188     2.210      0.01   0.033   0.111
   50745.242    -0.977     2.113     2.239      0.04   0.032   0.112
   50746.240    -0.978     1.991     2.220      0.08   0.030   0.111
   50747.237    -0.977     1.964     2.485      0.18   0.030   0.124
   50748.234    -0.973     1.971     2.250      0.10   0.030   0.113
   50749.231    -0.974     2.045     2.245      0.07   0.031   0.112
   50750.229    -0.976     2.154     2.340      0.06   0.033   0.117
   50751.227    -0.977     2.104     2.216      0.04   0.032   0.111
   50752.224    -0.975     2.111     2.244      0.05   0.032   0.112
   50753.221    -0.978     2.225     2.351      0.04   0.034   0.118
   50754.218    -0.976     2.259     2.355      0.03   0.034   0.118
   50755.216    -0.975     2.316     2.207     -0.04   0.035   0.110
   50757.210    -0.977     2.236     0.449     -1.23   0.034   0.023
   50757.210    -0.977     2.118     2.147      0.01   0.032   0.108
   50758.207    -0.972     2.066     2.230      0.06   0.031   0.112
   50759.205    -0.972     2.074     2.059     -0.01   0.031   0.103
   50760.202    -0.977     2.060     0.741     -0.78   0.031   0.037
   50761.199    -0.975     2.104     2.237      0.05   0.032   0.112
   50762.196    -0.978     1.995     2.116      0.05   0.030   0.106
   50763.193    -0.974     2.053     2.050      0.00   0.031   0.103
   50764.191    -0.973     2.081     2.183      0.04   0.031   0.109
   50765.188    -0.971     2.070     2.235      0.06   0.031   0.112
   50766.186    -0.975     2.030     1.772     -0.10   0.031   0.089
   50767.183    -0.972     2.124     2.161      0.01   0.032   0.108
   50768.180    -0.973     2.196     2.142     -0.02   0.033   0.107
   50769.178    -0.974     2.238     2.100     -0.05   0.034   0.105
   50770.175    -0.973     2.243     2.196     -0.02   0.034   0.110
   50771.172    -0.975     2.070     2.125      0.02   0.031   0.106
   50772.169    -0.973     2.122     2.107      0.00   0.032   0.106
   50773.166    -0.978     2.145     2.118     -0.01   0.032   0.106
   50774.164    -0.974     2.187     2.096     -0.03   0.033   0.105
   50775.161    -0.976     2.150     2.131     -0.01   0.032   0.107
   50776.158    -0.972     2.153     2.148      0.00   0.033   0.108
   50777.155    -0.971     2.172     2.098     -0.03   0.033   0.105
   50778.152    -0.973     2.275     2.146     -0.05   0.034   0.107
   50781.145    -0.973     1.967     2.150      0.07   0.030   0.108
   50782.142    -0.977     2.016     2.266      0.09   0.030   0.113
   50783.139    -0.975     1.947     2.155      0.08   0.029   0.108
   50784.137    -0.973     2.078     2.171      0.03   0.031   0.109
   50785.134    -0.974     2.182     2.137     -0.02   0.033   0.107
   50786.131    -0.973     2.083     1.977     -0.04   0.031   0.099
   50787.128    -0.974     2.118     2.145      0.01   0.032   0.107
   50788.125    -0.972     2.019     2.054      0.01   0.031   0.103
   50789.123    -0.971     2.001     2.083      0.03   0.030   0.104
   50790.120    -0.973     1.933     1.995      0.02   0.029   0.100
   50791.117    -0.976     1.976     2.111      0.05   0.030   0.106
   50792.114    -0.977     2.067     0.803     -0.72   0.031   0.041
   50793.111    -0.976     2.159     2.064     -0.03   0.033   0.103
   50794.109    -0.973     2.131     2.147      0.01   0.032   0.108
   50795.106    -0.970     2.024     2.142      0.04   0.031   0.107
   50796.104    -0.975     1.861     2.055      0.08   0.028   0.103
   50797.101    -0.976     1.928     2.069      0.05   0.029   0.104
   50798.098    -0.973     1.935     1.975      0.02   0.029   0.099
   50799.096    -0.976     1.914     2.107      0.07   0.029   0.106
   50800.093    -0.972     1.879     2.065      0.07   0.028   0.103
   50801.090    -0.977     1.948     2.065      0.05   0.029   0.103
   50802.087    -0.976     1.971     2.087      0.04   0.030   0.105
   50803.084    -0.978     1.811     2.030      0.09   0.027   0.102
   50804.082    -0.976     1.806     2.010      0.08   0.027   0.101
   50805.079    -0.976     1.936     2.038      0.04   0.029   0.102
   50806.076    -0.974     1.965     2.085      0.05   0.030   0.104
   50810.065    -0.971     1.919     1.977      0.02   0.029   0.099
   50811.062    -0.975     1.877     1.987      0.04   0.028   0.100
   50813.057    -0.974     1.984     2.127      0.05   0.030   0.107
   50816.049    -0.973     2.193     2.042     -0.05   0.033   0.102
   50817.046    -0.972     2.190     2.054     -0.05   0.033   0.103
   50818.044    -0.972     2.196     2.074     -0.04   0.033   0.104
   50819.041    -0.975     2.183     2.049     -0.05   0.033   0.103
   50820.038    -0.976     2.257     2.091     -0.06   0.034   0.105
   50821.035    -0.976     2.268     1.955     -0.11   0.034   0.098
   50822.032    -0.975     2.317     2.131     -0.06   0.035   0.107
   50823.030    -0.975     2.184     2.088     -0.03   0.033   0.105
   50824.027    -0.975     2.076     1.988     -0.03   0.031   0.100
   50825.024    -0.974     2.059     1.994     -0.03   0.031   0.100
   50827.019    -0.976     1.912     2.019      0.04   0.029   0.101
   50828.016    -0.976     1.933     2.030      0.04   0.029   0.102
   50829.014    -0.973     1.895     1.890      0.00   0.029   0.095
   50830.011    -0.974     1.933     1.988      0.02   0.029   0.100
   50831.008    -0.978     1.986     2.068      0.03   0.030   0.104
   50832.005    -0.973     1.931     1.998      0.03   0.029   0.100
   50833.003    -0.975     1.897     1.947      0.02   0.029   0.098
   50834.000    -0.972     1.881     1.957      0.03   0.028   0.098
   50834.997    -0.969     1.848     1.947      0.04   0.028   0.098
   50835.994    -0.971     2.002     1.991      0.00   0.030   0.100
   50836.991    -0.974     2.125     2.002     -0.05   0.032   0.100
   50838.986    -0.973     2.137     2.019     -0.04   0.032   0.101
   50839.983    -0.977     2.195     1.970     -0.08   0.033   0.099
   50841.978    -0.973     2.126     2.012     -0.04   0.032   0.101
   50842.976    -0.975     2.090     2.023     -0.03   0.032   0.101
   50843.973    -0.972     2.081     2.005     -0.03   0.031   0.100
   50844.970    -0.976     2.018     2.009      0.00   0.030   0.101
   50845.967    -0.975     2.037     2.038      0.00   0.031   0.102
   50846.964    -0.977     2.178     2.066     -0.04   0.033   0.103
   50847.962    -0.972     2.256     2.078     -0.06   0.034   0.104
   50848.959    -0.972     2.335     2.180     -0.05   0.035   0.109
   50849.956    -0.973     2.326     2.074     -0.09   0.035   0.104
   50850.953    -0.975     2.302     2.054     -0.09   0.035   0.103
   50851.951    -0.972     2.227     1.907     -0.12   0.034   0.096
   50852.948    -0.976     2.107     1.975     -0.05   0.032   0.099
   50853.945    -0.973     2.075     1.919     -0.06   0.031   0.096
   50854.942    -0.975     2.065     1.982     -0.03   0.031   0.099
   50855.939    -0.975     2.093     1.841     -0.10   0.032   0.092
   50856.937    -0.974     2.155     1.908     -0.09   0.033   0.096
   50857.935    -0.977     2.194     2.053     -0.05   0.033   0.103
   50858.932    -0.976     2.208     2.028     -0.06   0.033   0.102
   50859.929    -0.976     2.231     2.031     -0.07   0.034   0.102
   50860.926    -0.973     2.277     1.899     -0.14   0.034   0.095
   50861.923    -0.974     2.220     1.950     -0.10   0.034   0.098
   50862.921    -0.977     2.209     1.921     -0.11   0.033   0.096
   50863.918    -0.978     2.217     2.072     -0.05   0.033   0.104
   50864.915    -0.976     2.253     2.046     -0.07   0.034   0.102
   50865.912    -0.975     2.370     2.083     -0.10   0.036   0.104
   50866.910    -0.972     2.353     2.020     -0.12   0.035   0.101
   50874.888    -0.975     2.000     1.973     -0.01   0.030   0.099
   50875.885    -0.977     1.983     1.965     -0.01   0.030   0.098
   50876.882    -0.976     1.975     2.054      0.03   0.030   0.103
   50877.880    -0.976     1.945     1.983      0.01   0.029   0.099
   50878.877    -0.973     1.958     1.952      0.00   0.030   0.098
   50879.874    -0.971     2.030     2.113      0.03   0.031   0.106
   50880.871    -0.972     2.101     2.190      0.03   0.032   0.110
   50881.868    -0.977     2.199     2.122     -0.03   0.033   0.106
   50882.866    -0.977     2.251     2.052     -0.07   0.034   0.103
   50883.863    -0.972     2.173     1.985     -0.07   0.033   0.099
   50884.860    -0.969     2.145     2.015     -0.05   0.032   0.101
   50885.857    -0.977     2.026     1.935     -0.04   0.031   0.097
   50886.855    -0.974     2.154     1.902     -0.09   0.033   0.095
   50887.853    -0.975     2.158     1.994     -0.06   0.033   0.100
   50888.850    -0.975     1.352     1.973      0.29   0.021   0.099
   50889.847    -0.975     2.271     2.234     -0.01   0.034   0.112
   50890.844    -0.976     1.385     1.993      0.28   0.021   0.100
   50891.848    -0.821     1.495     1.938      0.20   0.023   0.097
   50892.839    -0.976     2.168     2.147     -0.01   0.033   0.108
   50893.836    -0.974     2.190     2.049     -0.05   0.033   0.103
   50894.833    -0.976     2.164     1.974     -0.07   0.033   0.099
   50895.830    -0.976     2.110     2.000     -0.04   0.032   0.100
   50896.828    -0.974     2.049     1.991     -0.02   0.031   0.100
   50897.825    -0.973     2.020     1.937     -0.03   0.031   0.097
   50898.822    -0.975     2.091     1.930     -0.06   0.032   0.097
   50899.819    -0.977     2.218     1.910     -0.12   0.033   0.096
   50900.816    -0.975     2.279     1.896     -0.14   0.034   0.095
   50901.814    -0.975     2.311     1.922     -0.14   0.035   0.096
   50902.812    -0.975     2.248     1.936     -0.11   0.034   0.097
   50903.809    -0.975     2.266     1.960     -0.11   0.034   0.098
   50918.770    -0.935     2.106     2.010     -0.04   0.032   0.101
   50919.767    -0.936     2.129     2.079     -0.02   0.032   0.104
   50980.630    -0.213     2.009     2.082      0.03   0.030   0.104
   50981.627    -0.214     1.916     1.988      0.03   0.029   0.100
   50983.622    -0.215     2.065     2.021     -0.02   0.031   0.101
   50984.619    -0.213     2.051     2.016     -0.01   0.031   0.101
   50985.616    -0.212     2.056     2.078      0.01   0.031   0.104
   50986.613    -0.212     2.156     2.114     -0.01   0.033   0.106
   50987.610    -0.215     2.244     2.114     -0.05   0.034   0.106
   50988.608    -0.213     2.485     2.082     -0.14   0.037   0.104
   50990.603    -0.215     2.236     1.864     -0.14   0.034   0.093
   50991.600    -0.215     2.145     2.075     -0.03   0.032   0.104
   50992.598    -0.215     2.215     2.097     -0.04   0.033   0.105
   50993.595    -0.214     2.293     2.230     -0.02   0.035   0.112
   50994.592    -0.214     2.314     2.187     -0.04   0.035   0.109
   50996.586    -0.214     2.263     2.005     -0.09   0.034   0.100
   50997.584    -0.215     2.205     2.109     -0.03   0.033   0.106
   50998.581    -0.210     2.165     2.067     -0.04   0.033   0.104
   50999.578    -0.215     2.047     1.979     -0.03   0.031   0.099
   51000.575    -0.213     1.960     1.917     -0.02   0.030   0.096
   51001.572    -0.218     1.964     2.029      0.03   0.030   0.102
   51002.570    -0.215     1.860     2.044      0.07   0.028   0.102
   51004.564    -0.217     1.862     1.994      0.05   0.028   0.100
   51005.562    -0.213     1.921     2.087      0.06   0.029   0.105
   51006.560    -0.211     1.974     2.099      0.05   0.030   0.105
   51007.557    -0.214     2.027     2.055      0.01   0.031   0.103
   51008.554    -0.215     2.040     2.159      0.04   0.031   0.108
   51009.551    -0.214     2.027     2.104      0.03   0.031   0.105
   51011.545    -0.218     1.978     2.105      0.05   0.030   0.105
   51012.543    -0.213     1.981     2.023      0.02   0.030   0.101
   51013.540    -0.215     1.924     1.998      0.03   0.029   0.100
   51014.537    -0.215     1.905     2.095      0.07   0.029   0.105
   51015.534    -0.216     1.918     2.152      0.09   0.029   0.108
   51016.531    -0.213     1.936     2.001      0.03   0.029   0.100
   51018.526    -0.216     1.983     2.184      0.07   0.030   0.109
   51019.523    -0.216     2.039     2.157      0.04   0.031   0.108
   51020.521    -0.213     2.027     2.144      0.04   0.031   0.107
   51021.518    -0.216     1.509     1.643      0.06   0.023   0.082
   51022.516    -0.212     1.926     2.185      0.10   0.029   0.109
   51023.513    -0.216     1.994     2.157      0.06   0.030   0.108
   51025.507    -0.215     1.967     2.147      0.07   0.030   0.108
   51026.504    -0.215     1.937     2.124      0.07   0.029   0.106
   51027.502    -0.214     1.898     2.185      0.11   0.029   0.109
   51028.499    -0.216     1.884     2.190      0.12   0.029   0.110
   51029.496    -0.214     1.910     2.199      0.11   0.029   0.110
   51030.493    -0.214     1.949     2.279      0.12   0.029   0.114
   51031.490    -0.215     2.006     2.303      0.11   0.030   0.115
   51032.488    -0.212     2.015     2.284      0.10   0.030   0.114
   51033.485    -0.212     1.990     2.151      0.06   0.030   0.108
   51034.482    -0.212     1.957     2.096      0.05   0.030   0.105
   51035.479    -0.213     1.996     2.100      0.04   0.030   0.105
   51036.477    -0.216     2.014     2.185      0.06   0.030   0.109
   51037.475    -0.213     1.950     2.202      0.09   0.029   0.110
   51038.472    -0.215     1.993     2.158      0.06   0.030   0.108
   51039.469    -0.212     1.953     2.233      0.10   0.030   0.112
   51040.466    -0.213     2.007     2.530      0.18   0.030   0.127
   51041.464    -0.214     2.026     2.407      0.13   0.031   0.120
   51042.461    -0.216     1.907     2.500      0.21   0.029   0.125
   51044.455    -0.218     1.927     2.241      0.12   0.029   0.112
   51045.452    -0.216     1.923     1.983      0.02   0.029   0.099
   51046.450    -0.216     1.957     2.374      0.15   0.030   0.119
   51047.447    -0.215     1.945     2.369      0.15   0.029   0.119
   51048.444    -0.215     1.985     2.423      0.15   0.030   0.121
   51049.441    -0.215     2.007     2.351      0.12   0.030   0.118
   51050.439    -0.211     1.975     2.471      0.17   0.030   0.124
   51051.437    -0.212     1.979     2.579      0.20   0.030   0.129
   51054.428    -0.216     2.016     2.252      0.09   0.030   0.113
   51055.425    -0.215     2.075     2.232      0.06   0.031   0.112
   51058.417    -0.216     2.224     2.319      0.03   0.034   0.116
   51059.414    -0.210     2.253     2.386      0.04   0.034   0.119
   51060.412    -0.213     2.174     2.339      0.06   0.033   0.117
   51061.409    -0.212     2.107     2.391      0.10   0.032   0.120
   51062.406    -0.216     2.073     2.327      0.09   0.031   0.116
   51064.400    -0.213     2.019     2.462      0.15   0.031   0.123
   51065.397    -0.214     2.120     2.404      0.10   0.032   0.120
   51068.390    -0.212     2.320     2.360      0.01   0.035   0.118
   51069.387    -0.210     2.384     2.356     -0.01   0.036   0.118
   51070.385    -0.213     2.498     2.625      0.04   0.038   0.131
   51071.382    -0.215     1.853     1.735     -0.05   0.028   0.087
   51074.373    -0.215     2.227     2.436      0.07   0.034   0.122
   51075.370    -0.215     2.193     2.235      0.01   0.033   0.112
   51076.368    -0.214     2.135     2.270      0.05   0.032   0.114
   51077.365    -0.216     2.059     2.394      0.12   0.031   0.120
   51078.362    -0.216     2.006     2.290      0.10   0.030   0.115
   51079.359    -0.213     1.962     2.320      0.13   0.030   0.116
   51080.357    -0.212     1.963     2.253      0.11   0.030   0.113
   51081.354    -0.215     1.938     2.135      0.07   0.029   0.107
   51082.352    -0.213     1.937     2.285      0.13   0.029   0.114
   51083.349    -0.213     2.065     2.132      0.02   0.031   0.107
   51084.346    -0.213     2.067     2.152      0.03   0.031   0.108
   51085.344    -0.213     2.040     2.364      0.11   0.031   0.118
   51086.341    -0.215     1.565     1.518     -0.02   0.024   0.076
   51089.332    -0.215     2.203     2.304      0.03   0.033   0.115
   51090.330    -0.213     2.126     2.280      0.05   0.032   0.114
   51091.327    -0.215     2.092     2.231      0.05   0.032   0.112
   51092.324    -0.215     2.120     2.942      0.25   0.032   0.147
   51093.321    -0.213     2.324     1.823     -0.19   0.035   0.091
   51094.318    -0.216     2.219     2.155     -0.02   0.033   0.108
   51095.316    -0.213     2.145     2.510      0.12   0.032   0.126
   51096.313    -0.213     1.995     2.375      0.13   0.030   0.119
   51097.311    -0.216     2.151     2.263      0.04   0.032   0.113
   51098.308    -0.216     2.198     2.229      0.01   0.033   0.112
   51099.305    -0.214     2.240     2.310      0.02   0.034   0.116
   51100.303    -0.213     2.316     2.282     -0.01   0.035   0.114
   51101.300    -0.216     2.474     2.448     -0.01   0.037   0.123
   51102.297    -0.214     2.498     2.342     -0.05   0.038   0.117
   51103.294    -0.214     2.435     2.274     -0.05   0.037   0.114
   51104.291    -0.213     2.289     2.376      0.03   0.035   0.119
   51105.289    -0.211     2.139     2.261      0.04   0.032   0.113
   51106.286    -0.214     2.064     2.358      0.10   0.031   0.118
   51107.283    -0.214     2.077     2.310      0.08   0.031   0.116
   51108.280    -0.213     2.186     2.452      0.09   0.033   0.123
   51109.277    -0.214     2.269     2.440      0.06   0.034   0.122
   51110.275    -0.214     2.167     2.321      0.05   0.033   0.116
   51111.272    -0.214     2.230     2.414      0.06   0.034   0.121
   51112.270    -0.214     1.910     2.311      0.15   0.029   0.116
   51113.267    -0.215     1.974     2.301      0.12   0.030   0.115
   51114.264    -0.214     1.945     2.388      0.16   0.029   0.120
   51115.262    -0.214     2.000     2.269      0.10   0.030   0.114
   51116.259    -0.216     2.015     2.611      0.20   0.030   0.131
   51117.256    -0.214     1.911     2.297      0.14   0.029   0.115
   51118.253    -0.216     2.044     2.255      0.08   0.031   0.113
   51119.251    -0.214     2.091     2.414      0.11   0.032   0.121
   51120.248    -0.215     1.967     2.417      0.16   0.030   0.121
   51121.245    -0.211     2.132     2.359      0.08   0.032   0.118
   51122.242    -0.215     2.103     2.324      0.08   0.032   0.116
   51123.239    -0.215     2.046     2.404      0.12   0.031   0.120
   51124.236    -0.218     2.181     2.302      0.04   0.033   0.115
   51125.234    -0.216     2.250     2.321      0.02   0.034   0.116
   51126.231    -0.214     2.151     2.273      0.04   0.032   0.114
   51127.229    -0.213     1.982     2.315      0.12   0.030   0.116
   51128.226    -0.216     2.010     1.113     -0.45   0.030   0.056
   51129.223    -0.215     2.175     2.094     -0.03   0.033   0.105
   51130.221    -0.218     2.243     2.254      0.00   0.034   0.113
   51131.218    -0.215     2.147     2.262      0.04   0.032   0.113
   51132.215    -0.215     2.084     2.326      0.08   0.031   0.116
   51133.212    -0.214     2.015     2.357      0.12   0.030   0.118
   51138.198    -0.216     2.340     2.344      0.00   0.035   0.117
   51139.196    -0.213     2.284     2.321      0.01   0.034   0.116
   51140.193    -0.214     2.185     2.396      0.07   0.033   0.120
   51142.188    -0.213     2.222     2.272      0.02   0.034   0.114
   51145.180    -0.214     1.913     2.374      0.17   0.029   0.119
   51146.177    -0.216     1.925     2.288      0.13   0.029   0.115
   51147.174    -0.215     2.078     2.291      0.08   0.031   0.115
   51148.171    -0.214     1.969     2.408      0.15   0.030   0.121
   51149.169    -0.215     1.969     2.414      0.16   0.030   0.121
   51150.166    -0.215     2.190     2.490      0.10   0.033   0.125
   51151.163    -0.215     2.004     2.366      0.13   0.030   0.118
   51152.160    -0.215     1.952     2.468      0.18   0.030   0.124
   51153.157    -0.213     1.932     2.359      0.15   0.029   0.118
   51154.155    -0.214     1.956     2.396      0.16   0.030   0.120
   51155.152    -0.213     1.939     2.399      0.16   0.029   0.120
   51156.149    -0.212     2.073     2.414      0.12   0.031   0.121
   51157.146    -0.218     2.374     2.410      0.01   0.036   0.121
   51158.144    -0.215     2.159     2.375      0.07   0.033   0.119
   51159.141    -0.219     2.109     2.499      0.13   0.032   0.125
   51160.139    -0.214     2.397     2.495      0.03   0.036   0.125
   51161.136    -0.215     2.223     2.626      0.13   0.034   0.131
   51162.133    -0.215     2.126     2.491      0.12   0.032   0.125
   51163.130    -0.215     2.218     2.398      0.06   0.033   0.120
   51164.128    -0.216     2.144     2.348      0.07   0.032   0.118
   51165.125    -0.218     1.977     2.450      0.16   0.030   0.123
   51166.122    -0.217     2.162     2.376      0.07   0.033   0.119
   51167.119    -0.211     1.990     2.225      0.09   0.030   0.111
   51168.117    -0.212     1.855     2.301      0.17   0.028   0.115
   51169.114    -0.215     1.957     2.367      0.15   0.030   0.118
   51170.111    -0.215     1.988     2.373      0.14   0.030   0.119
   51174.101    -0.215     2.128     2.376      0.08   0.032   0.119
   51175.098    -0.213     2.141     2.297      0.05   0.032   0.115
   51176.095    -0.216     2.196     0.721     -0.85   0.033   0.036
   51177.092    -0.213     2.173     2.013     -0.06   0.033   0.101
   51178.090    -0.215     2.250     2.326      0.03   0.034   0.116
   51182.078    -0.216     2.088     2.475      0.13   0.032   0.124
   51183.076    -0.215     2.135     2.380      0.08   0.032   0.119
   51184.073    -0.217     2.119     2.448      0.11   0.032   0.123
   51190.057    -0.218     1.894     2.369      0.17   0.029   0.119
   51191.054    -0.214     1.912     2.330      0.15   0.029   0.117
   51192.051    -0.216     1.835     2.383      0.20   0.028   0.119
   51206.013    -0.213     1.501     2.379      0.35   0.023   0.119
   51207.010    -0.213     1.556     2.269      0.29   0.024   0.114
   51208.008    -0.216     1.652     2.287      0.25   0.025   0.114
   51209.005    -0.216     1.870     2.306      0.16   0.028   0.115
   51210.002    -0.215     1.861     2.304      0.16   0.028   0.115
   51210.999    -0.216     1.865     2.185      0.12   0.028   0.109
   51211.996    -0.215     1.948     2.611      0.22   0.029   0.131
   51212.994    -0.209     2.059     2.460      0.14   0.031   0.123
   51213.991    -0.213     2.133     2.443      0.10   0.032   0.122
   51214.988    -0.215     2.330     2.491      0.05   0.035   0.125
   51215.985    -0.215     2.133     2.389      0.09   0.032   0.120
   51216.982    -0.214     2.287     2.383      0.03   0.035   0.119
   51217.980    -0.214     2.434     2.536      0.03   0.037   0.127
   51218.978    -0.215     2.283     2.365      0.03   0.034   0.118
   51221.970    -0.214     2.286     2.513      0.07   0.034   0.126
   51222.967    -0.214     2.364     2.382      0.01   0.036   0.119
   51223.964    -0.213     2.545     2.268     -0.09   0.038   0.114
   51225.958    -0.215     2.424     2.442      0.01   0.037   0.122
   51226.955    -0.217     2.359     2.315     -0.01   0.036   0.116
   51227.953    -0.216     2.450     2.442      0.00   0.037   0.122
   51228.950    -0.212     2.516     2.449     -0.02   0.038   0.123
   51229.947    -0.213     2.529     2.473     -0.02   0.038   0.124
   51230.944    -0.213     2.289     2.432      0.05   0.035   0.122
   51231.941    -0.216     2.277     2.539      0.08   0.034   0.127
   51232.939    -0.215     2.243     2.479      0.08   0.034   0.124
   51233.937    -0.217     2.366     2.572      0.06   0.036   0.129
   51234.934    -0.216     2.272     2.490      0.07   0.034   0.125
   51235.931    -0.214     2.206     2.394      0.06   0.033   0.120
   51236.928    -0.216     2.093     2.040     -0.02   0.032   0.102
   51237.926    -0.215     2.146     2.383      0.08   0.032   0.119
   51238.923    -0.214     2.255     2.459      0.07   0.034   0.123
   51239.920    -0.216     2.136     2.395      0.09   0.032   0.120
   51241.915    -0.213     2.101     2.670      0.18   0.032   0.134
   51243.909    -0.211     2.191     1.975     -0.08   0.033   0.099
   51244.906    -0.214     2.128     2.308      0.06   0.032   0.116
   51245.903    -0.213     2.124     2.333      0.07   0.032   0.117
   51248.896    -0.214     2.191     2.540      0.11   0.033   0.127
   51249.893    -0.214     2.214     2.440      0.07   0.033   0.122
   51250.890    -0.213     2.235     2.452      0.07   0.034   0.123
   51252.885    -0.215     2.254     2.465      0.07   0.034   0.123
   51253.882    -0.212     2.254     2.525      0.09   0.034   0.126
   51254.879    -0.211     2.302     2.472      0.05   0.035   0.124
   51255.876    -0.213     2.273     2.351      0.03   0.034   0.118
   51256.874    -0.214     2.347     2.449      0.03   0.035   0.123
   51257.871    -0.214     2.341     2.344      0.00   0.035   0.117
   51258.868    -0.215     2.196     1.811     -0.15   0.033   0.091
   51259.865    -0.216     2.331     2.449      0.04   0.035   0.123
   51260.863    -0.213     2.263     2.365      0.03   0.034   0.118
   51261.860    -0.213     2.210     2.383      0.06   0.033   0.119
   51262.857    -0.212     2.239     2.542      0.10   0.034   0.127
   51263.854    -0.214     2.189     2.582      0.13   0.033   0.129
   51264.852    -0.213     2.231     2.624      0.12   0.034   0.131
   51265.850    -0.213     2.276     2.548      0.09   0.034   0.128
   51266.847    -0.214     2.190     2.520      0.11   0.033   0.126
   51267.844    -0.214     2.125     2.338      0.07   0.032   0.117
   51268.841    -0.209     2.100     2.212      0.04   0.032   0.111
   51269.838    -0.214     2.080     2.037     -0.02   0.031   0.102
   51270.836    -0.211     2.089     2.035     -0.02   0.032   0.102
   51271.833    -0.216     2.101     2.105      0.00   0.032   0.105
   51272.830    -0.215     2.132     2.250      0.04   0.032   0.113
   51273.827    -0.213     2.154     2.484      0.11   0.033   0.124
   51274.824    -0.215     2.038     2.472      0.15   0.031   0.124
   51275.821    -0.216     2.142     2.518      0.12   0.032   0.126
   51276.819    -0.211     2.007     2.309      0.11   0.030   0.116
   51277.816    -0.212     2.174     2.343      0.06   0.033   0.117
   51278.813    -0.213     2.101     2.315      0.07   0.032   0.116
   51279.811    -0.213     2.167     2.111     -0.02   0.033   0.106
   51280.809    -0.214     2.354     2.220     -0.05   0.036   0.111
   51281.806    -0.213     2.297     2.362      0.02   0.035   0.118
   51282.803    -0.215     2.305     2.390      0.03   0.035   0.120
   51283.800    -0.206     2.333     2.185     -0.05   0.035   0.109
   51284.799    -0.183     2.427     2.347     -0.03   0.037   0.117
   51285.796    -0.182     2.440     2.257     -0.06   0.037   0.113
   51286.793    -0.185     2.423     2.316     -0.04   0.037   0.116
   51287.790    -0.183     2.424     2.464      0.01   0.037   0.123
   51288.788    -0.182     2.367     2.245     -0.04   0.036   0.112
   51289.785    -0.183     2.460     2.263     -0.06   0.037   0.113
   51291.779    -0.183     2.417     2.188     -0.08   0.036   0.110
   51292.776    -0.183     2.373     2.418      0.01   0.036   0.121
   51293.773    -0.183     2.314     2.390      0.03   0.035   0.120
   51294.771    -0.179     2.383     2.376      0.00   0.036   0.119
   51295.769    -0.186     2.433     2.287     -0.05   0.037   0.114
   51296.766    -0.183     2.400     2.275     -0.04   0.036   0.114
   51298.759    -0.216     2.395     2.273     -0.04   0.036   0.114
   51299.756    -0.214     2.461     2.331     -0.04   0.037   0.117
   51300.754    -0.213     2.425     2.256     -0.05   0.037   0.113
   51301.751    -0.212     2.410     2.266     -0.05   0.036   0.113
   51302.748    -0.214     2.423     2.307     -0.04   0.037   0.115
   51303.745    -0.214     2.457     2.224     -0.08   0.037   0.111
   51304.742    -0.216     2.406     2.281     -0.04   0.036   0.114
   51305.740    -0.217     2.477     2.423     -0.02   0.037   0.121
   51306.737    -0.213     2.496     2.417     -0.03   0.038   0.121
   51307.734    -0.215     2.408     2.328     -0.03   0.036   0.117
   51308.731    -0.215     2.352     2.325     -0.01   0.035   0.116
   51309.729    -0.216     2.271     2.432      0.05   0.034   0.122
   51310.727    -0.216     2.336     2.533      0.06   0.035   0.127
   51312.721    -0.216     2.359     2.208     -0.05   0.036   0.111
   51313.718    -0.214     2.294     2.287      0.00   0.035   0.114
   51317.707    -0.213     2.255     2.348      0.03   0.034   0.118
   51319.701    -0.216     2.259     2.218     -0.01   0.034   0.111
   51320.699    -0.214     2.341     2.022     -0.11   0.035   0.101
   51322.693    -0.214    -1.000    -1.000    -10.00   0.000   0.000
   51327.680    -0.212     2.220     2.163     -0.02   0.034   0.108
   51328.677    -0.215     2.235     1.998     -0.09   0.034   0.100
   51329.674    -0.216     2.264     2.111     -0.05   0.034   0.106
   51330.672    -0.214     2.311     2.147     -0.06   0.035   0.108
   51331.669    -0.216     2.299     2.284      0.00   0.035   0.114
   51333.663    -0.213     2.250     2.429      0.06   0.034   0.122
   51334.660    -0.216     2.267     2.319      0.02   0.034   0.116
   51335.658    -0.212     2.318     2.322      0.00   0.035   0.116
   51336.655    -0.212     2.293     2.228     -0.02   0.035   0.112
   51337.652    -0.219     2.239     2.078     -0.06   0.034   0.104
   51338.649    -0.216     2.285     2.095     -0.07   0.034   0.105
   51340.645    -0.215     2.228     2.139     -0.03   0.034   0.107
   51341.642    -0.216     2.238     2.244      0.00   0.034   0.112
   51342.639    -0.214     2.134     2.073     -0.02   0.032   0.104
   51343.636    -0.215     2.137     1.929     -0.08   0.032   0.097
   51344.634    -0.215     2.177     2.006     -0.06   0.033   0.100
   51345.631    -0.215     2.231     2.080     -0.05   0.034   0.104
   51347.625    -0.215     2.319     2.186     -0.05   0.035   0.109
   51348.622    -0.217     2.333     2.229     -0.04   0.035   0.112
   51349.620    -0.215     2.360     2.127     -0.08   0.036   0.107
   51350.617    -0.214     2.390     2.152     -0.08   0.036   0.108
   51351.614    -0.215     2.484     2.258     -0.07   0.037   0.113
   51352.611    -0.216     2.458     2.240     -0.07   0.037   0.112
   51354.606    -0.213     2.428     2.130     -0.10   0.037   0.107
   51355.604    -0.213     2.407     2.042     -0.13   0.036   0.102
   51356.601    -0.215     2.366     2.185     -0.06   0.036   0.109
   51357.598    -0.216     2.387     1.846     -0.20   0.036   0.092
   51358.595    -0.215     2.423     2.275     -0.05   0.037   0.114
   51359.593    -0.216     2.420     2.239     -0.06   0.036   0.112
   51361.587    -0.219     2.331     2.121     -0.07   0.035   0.106
   51362.584    -0.214     2.296     2.257     -0.01   0.035   0.113
   51363.582    -0.213     2.355     2.448      0.03   0.036   0.123
   51364.579    -0.214     2.315     2.505      0.06   0.035   0.125
   51365.576    -0.212     2.232     2.196     -0.01   0.034   0.110
   51366.573    -0.217     2.139     2.044     -0.04   0.032   0.102
   51367.570    -0.213     2.011     2.214      0.07   0.030   0.111
   51368.568    -0.214     1.966     2.118      0.06   0.030   0.106
   51370.562    -0.212     2.108     2.119      0.00   0.032   0.106
   51371.560    -0.217     2.072     1.989     -0.03   0.031   0.100
   51372.557    -0.212     2.186     2.060     -0.05   0.033   0.103
   51373.555    -0.213     1.780     2.096      0.12   0.027   0.105
   51375.549    -0.216     1.949     2.114      0.06   0.029   0.106
   51376.546    -0.214     2.075     2.137      0.02   0.031   0.107
   51377.543    -0.213     1.996     2.357      0.13   0.030   0.118
   51378.540    -0.218     1.998     2.162      0.06   0.030   0.108
   51379.538    -0.216     1.919     2.095      0.07   0.029   0.105
   51380.535    -0.219     1.861     2.200      0.13   0.028   0.110
   51382.529    -0.218     1.897     2.224      0.12   0.029   0.111
   51383.526    -0.216     1.836     1.957      0.05   0.028   0.098
   51384.524    -0.214     1.784     2.070      0.11   0.027   0.104
   51385.521    -0.215     1.842     2.269      0.16   0.028   0.114
   51388.514    -0.216     1.890     2.080      0.07   0.029   0.104
   51389.511    -0.216     1.881     2.266      0.14   0.028   0.113
   51390.508    -0.214     1.958     2.307      0.13   0.030   0.115
   51391.505    -0.217     2.034     2.166      0.05   0.031   0.108
   51392.502    -0.216     2.089     1.933     -0.06   0.032   0.097
   51393.500    -0.215     2.192     1.997     -0.07   0.033   0.100
   51394.497    -0.214     2.230     2.001     -0.08   0.034   0.100
   51395.494    -0.214     2.278     2.052     -0.08   0.034   0.103
   51396.491    -0.214     2.342     2.125     -0.07   0.035   0.106
   51397.488    -0.214     2.375     2.120     -0.09   0.036   0.106
   51398.486    -0.214     2.347     2.019     -0.12   0.035   0.101
   51399.494     0.047     2.136     2.138      0.00   0.032   0.107
   51400.480    -0.213     2.394     1.909     -0.17   0.036   0.096
   51401.478    -0.218     2.373     2.029     -0.12   0.036   0.102
   51402.475    -0.214     2.371     2.056     -0.11   0.036   0.103
   51403.473    -0.214     2.349     1.986     -0.13   0.035   0.099
   51404.470    -0.217     2.297     1.941     -0.13   0.035   0.097
   51405.467    -0.219     2.394     1.788     -0.22   0.036   0.090
   51406.464    -0.215     2.215     1.917     -0.11   0.033   0.096
   51407.461    -0.214     2.162     2.155      0.00   0.033   0.108
   51408.459    -0.214     2.221     1.984     -0.09   0.034   0.099
   51409.456    -0.213     2.168     2.021     -0.05   0.033   0.101
   51410.453    -0.213     2.184     1.998     -0.07   0.033   0.100
   51411.450    -0.216     2.273     1.954     -0.12   0.034   0.098
   51412.447    -0.214     2.333     1.849     -0.18   0.035   0.093
   51414.442    -0.213     2.311     1.939     -0.13   0.035   0.097
   51415.439    -0.218     2.324     1.878     -0.16   0.035   0.094
   51416.437    -0.216     2.365     1.874     -0.18   0.036   0.094
   51417.434    -0.218     2.427     1.762     -0.25   0.037   0.088
   51418.432    -0.214     2.449     1.840     -0.22   0.037   0.092
   51419.429    -0.216     2.447     1.773     -0.25   0.037   0.089
   51420.426    -0.216     2.399     1.917     -0.17   0.036   0.096
   51421.423    -0.218     2.442     1.835     -0.22   0.037   0.092
   51422.421    -0.215     2.400     1.957     -0.16   0.036   0.098
   51423.418    -0.213     2.317     1.939     -0.14   0.035   0.097
   51424.415    -0.217     2.290     1.955     -0.12   0.035   0.098
   51425.412    -0.216     2.235     1.895     -0.13   0.034   0.095
   51426.409    -0.214     2.155     1.780     -0.15   0.033   0.089
   51427.406    -0.217     2.097     2.077     -0.01   0.032   0.104
   51428.404    -0.216     2.042     1.908     -0.05   0.031   0.096
   51429.401    -0.216     2.041     1.820     -0.09   0.031   0.091
   51430.398    -0.216     1.978     1.984      0.00   0.030   0.099
   51431.396    -0.214     1.913     1.896     -0.01   0.029   0.095
   51432.393    -0.217     1.904     1.746     -0.07   0.029   0.087
   51433.391    -0.217     1.919     1.760     -0.07   0.029   0.088
   51434.388    -0.217     1.954     1.837     -0.05   0.030   0.092
   51435.385    -0.217     1.979     1.758     -0.09   0.030   0.088
   51436.382    -0.215     2.075     1.843     -0.09   0.031   0.092
   51437.380    -0.215     2.214     1.828     -0.15   0.033   0.092
   51438.377    -0.215     2.323     1.948     -0.14   0.035   0.098
   51439.374    -0.216     2.474     1.823     -0.23   0.037   0.091
   51440.371    -0.215     2.531     1.915     -0.21   0.038   0.096
   51441.368    -0.213     2.531     1.980     -0.19   0.038   0.099
   51442.365    -0.217     2.470     1.873     -0.21   0.037   0.094
   51443.363    -0.213     2.493     1.924     -0.20   0.038   0.096
   51444.360    -0.217     2.489     1.856     -0.22   0.038   0.093
   51445.357    -0.215     2.496     1.838     -0.23   0.038   0.092
   51446.354    -0.214     2.472     1.791     -0.25   0.037   0.090
   51447.353    -0.215     2.457     1.868     -0.21   0.037   0.094
   51448.350    -0.213     2.470     2.056     -0.14   0.037   0.103
   51453.336    -0.215     2.371     1.886     -0.17   0.036   0.094
   51454.333    -0.215     2.335     1.814     -0.19   0.035   0.091
   51455.330    -0.216     2.267     1.906     -0.13   0.034   0.095
   51456.327    -0.219     2.223     1.858     -0.14   0.034   0.093
   51457.325    -0.216     2.296     1.879     -0.15   0.035   0.094
   51458.322    -0.217     2.284     1.832     -0.17   0.034   0.092
   51459.319    -0.217     2.258     1.914     -0.13   0.034   0.096
   51460.316    -0.217     2.280     1.868     -0.15   0.034   0.094
   51461.314    -0.213     2.284     1.729     -0.21   0.034   0.087
   51462.312    -0.214     2.292     1.847     -0.17   0.035   0.093
   51463.309    -0.214     2.432     1.858     -0.21   0.037   0.093
   51464.306    -0.217     2.463     1.742     -0.26   0.037   0.087
   51465.303    -0.216     2.530     1.964     -0.19   0.038   0.098
   51466.301    -0.214     2.554     1.814     -0.26   0.038   0.091
   51467.298    -0.215     2.528     1.936     -0.20   0.038   0.097
   51468.295    -0.216     2.512     1.932     -0.20   0.038   0.097
   51469.292    -0.213     2.650     1.780     -0.31   0.040   0.089
   51470.289    -0.214     2.477     1.962     -0.18   0.037   0.098
   51471.286    -0.217     2.427     1.763     -0.25   0.037   0.088
   51472.284    -0.214     2.504     1.934     -0.20   0.038   0.097
   51474.278    -0.218     2.385     2.025     -0.12   0.036   0.101
   51475.275    -0.217     2.348     1.540     -0.32   0.035   0.077
   51476.273    -0.215     2.354     1.840     -0.19   0.036   0.092
   51477.271    -0.216     2.364     1.767     -0.22   0.036   0.089
   51478.268    -0.215     2.461     1.858     -0.22   0.037   0.093
   51479.265    -0.216     2.206     1.857     -0.13   0.033   0.093
   51480.262    -0.218     2.181     1.835     -0.13   0.033   0.092
   51484.251    -0.217     2.140     2.110     -0.01   0.032   0.106
   51485.248    -0.219     2.101     2.327      0.08   0.032   0.116
   51486.245    -0.217     2.213     2.300      0.03   0.033   0.115
   51487.243    -0.216     2.099     1.922     -0.07   0.032   0.096
   51488.240    -0.216     2.136     1.951     -0.07   0.032   0.098
   51489.237    -0.216     2.263     1.764     -0.19   0.034   0.088
   51490.234    -0.216     2.103     1.887     -0.08   0.032   0.095
   51491.232    -0.215     2.259     1.963     -0.11   0.034   0.098
   51492.229    -0.214     2.093     1.830     -0.10   0.032   0.092
   51493.227    -0.216     2.162     1.695     -0.19   0.033   0.085
   51494.224    -0.214     2.264     1.797     -0.18   0.034   0.090
   51495.221    -0.216     2.269     1.952     -0.12   0.034   0.098
   51496.219    -0.215     2.398     1.878     -0.19   0.036   0.094
   51497.216    -0.214     2.362     1.824     -0.20   0.036   0.091
   51499.210    -0.217     2.587     1.973     -0.21   0.039   0.099
   51499.210    -0.215     2.441     1.969     -0.17   0.037   0.099
   51500.207    -0.215     2.505     2.142     -0.12   0.038   0.107
   51501.205    -0.216     2.656     1.942     -0.24   0.040   0.097
   51502.202    -0.215     2.531     1.865     -0.23   0.038   0.093
   51503.199    -0.212     2.390     1.826     -0.21   0.036   0.091
   51504.196    -0.216     2.308     1.929     -0.14   0.035   0.097
   51505.193    -0.216     2.264     2.009     -0.09   0.034   0.101
   51506.191    -0.215     2.341     1.867     -0.17   0.035   0.094
   51509.183    -0.217     2.353     2.053     -0.10   0.035   0.103
   51511.178    -0.217     2.449     1.851     -0.21   0.037   0.093
   51512.175    -0.214     2.438     1.944     -0.17   0.037   0.097
   51513.172    -0.214     2.443     1.878     -0.20   0.037   0.094
   51514.169    -0.218     2.472     1.941     -0.19   0.037   0.097
   51515.166    -0.215     2.613     1.875     -0.25   0.039   0.094
   51516.164    -0.213     2.409     1.917     -0.17   0.036   0.096
   51517.161    -0.216     2.210     1.809     -0.15   0.033   0.091
   51518.158    -0.214     2.135     1.658     -0.19   0.032   0.083
   51519.155    -0.217     2.184     1.850     -0.13   0.033   0.093
   51520.152    -0.217     2.040     1.699     -0.14   0.031   0.085
   51521.150    -0.216     2.113     1.835     -0.11   0.032   0.092
   51522.147    -0.214     2.049     2.168      0.04   0.031   0.109
   51526.137    -0.214     2.065     1.823     -0.09   0.031   0.091
   51527.134    -0.216     2.046     1.874     -0.07   0.031   0.094
   51528.131    -0.218     2.033     1.749     -0.12   0.031   0.088
   51529.128    -0.215     2.059     1.754     -0.12   0.031   0.088
   51530.126    -0.214     2.068     1.957     -0.04   0.031   0.098
   51531.123    -0.216     2.077     1.886     -0.07   0.031   0.094
   51532.120    -0.215     2.094     1.639     -0.19   0.032   0.082
   51533.117    -0.214     2.100     1.836     -0.10   0.032   0.092
   51534.114    -0.214     2.102     0.496     -1.11   0.032   0.025
   51535.112    -0.216     2.218     1.844     -0.14   0.033   0.092
   51541.096    -0.216     2.289     1.889     -0.15   0.035   0.095
   51542.093    -0.215     2.256     1.888     -0.14   0.034   0.095
   51543.090    -0.217     2.253     1.986     -0.10   0.034   0.099
   51549.073    -0.214     1.972     1.737     -0.10   0.030   0.087
   51550.071    -0.217     2.083     1.730     -0.14   0.031   0.087
   51551.068    -0.214     1.956     1.792     -0.07   0.030   0.090
   51552.065    -0.213     2.039     1.719     -0.13   0.031   0.086
   51553.062    -0.213     2.002     1.778     -0.09   0.030   0.089
   51554.061    -0.211     2.187     1.767     -0.16   0.033   0.089
   51558.049    -0.217     2.394     1.811     -0.21   0.036   0.091
   51559.046    -0.217     2.319     1.976     -0.12   0.035   0.099
   51560.044    -0.212     2.163     1.954     -0.08   0.033   0.098
   51561.041    -0.217     2.118     2.013     -0.04   0.032   0.101
   51562.038    -0.214     2.117     1.895     -0.09   0.032   0.095
   51565.030    -0.218     2.281     1.839     -0.17   0.034   0.092
   51566.027    -0.217     2.308     1.898     -0.15   0.035   0.095
   51570.017    -0.215     2.236     1.781     -0.17   0.034   0.089
   51571.014    -0.218     2.191     1.704     -0.19   0.033   0.085
   51572.011    -0.218     2.154     2.023     -0.05   0.033   0.101
   51573.008    -0.215     2.099     1.904     -0.08   0.032   0.095
   51575.003    -0.216     2.124     1.839     -0.11   0.032   0.092
   51576.000    -0.215     2.077     1.648     -0.18   0.031   0.083
   51576.997    -0.215     2.023     1.749     -0.11   0.031   0.088
   51577.994    -0.214     2.166     1.690     -0.19   0.033   0.085
   51579.989    -0.210     2.094     1.698     -0.16   0.032   0.085
   51580.986    -0.213     2.038     1.755     -0.12   0.031   0.088
   51581.983    -0.214     2.179     1.813     -0.14   0.033   0.091
   51582.980    -0.216     2.141     1.655     -0.20   0.032   0.083
   51583.979    -0.216     2.187     1.700     -0.19   0.033   0.085
   51584.976    -0.216     2.252     1.716     -0.21   0.034   0.086
   51585.973    -0.216     2.275     1.795     -0.18   0.034   0.090
   51586.970    -0.213     2.285     0.373     -1.39   0.034   0.020
   51587.967    -0.214     2.298     1.844     -0.17   0.035   0.092
   51588.965    -0.213     2.325     1.686     -0.25   0.035   0.084
   51589.962    -0.214     2.402     1.822     -0.21   0.036   0.091
   51590.959    -0.217     2.623     1.923     -0.24   0.040   0.096
   51597.939    -0.214     2.133     1.770     -0.14   0.032   0.089
   51598.938    -0.216     2.085     1.690     -0.16   0.031   0.085
   51599.935    -0.214     2.088     1.782     -0.12   0.032   0.089
   51600.932    -0.216     2.049     1.778     -0.11   0.031   0.089
   51601.929    -0.212     2.006     1.581     -0.18   0.030   0.079
   51602.926    -0.214     2.068     1.778     -0.12   0.031   0.089
   51603.924    -0.215     2.020     1.816     -0.08   0.031   0.091
   51604.921    -0.212     2.039     1.846     -0.08   0.031   0.092
   51605.918    -0.214     2.019     1.681     -0.14   0.031   0.084
   51606.915    -0.217     2.045     1.818     -0.09   0.031   0.091
   51609.907    -0.211     2.059     1.791     -0.11   0.031   0.090
   51610.904    -0.214     1.770     1.488     -0.13   0.027   0.075
   51611.901    -0.218     2.031     1.831     -0.08   0.031   0.092
   51612.899    -0.213     1.988     1.704     -0.12   0.030   0.085
   51613.896    -0.215     2.013     1.675     -0.14   0.030   0.084
   51614.894    -0.216     2.049     1.475     -0.25   0.031   0.074
   51615.891    -0.217     2.081     1.740     -0.14   0.031   0.087
   51616.888    -0.216     2.103     1.757     -0.14   0.032   0.088
   51617.885    -0.217     2.146     1.759     -0.15   0.032   0.088
   51618.883    -0.213     2.173     1.801     -0.14   0.033   0.090
   51619.880    -0.216     2.212     1.566     -0.26   0.033   0.079
   51620.877    -0.214     2.259     1.984     -0.10   0.034   0.099
   51621.874    -0.214     2.260     1.754     -0.19   0.034   0.088
   51622.871    -0.216     2.306     1.785     -0.20   0.035   0.089
   51623.869    -0.212     2.343     1.167     -0.53   0.035   0.059
   51624.866    -0.216     2.357     1.603     -0.29   0.036   0.080
   51625.863    -0.213     2.311     1.749     -0.21   0.035   0.088
   51626.860    -0.212     2.235     1.666     -0.22   0.034   0.083
   51627.858    -0.213     2.483     1.735     -0.28   0.037   0.087
   51628.855    -0.216     2.267     1.743     -0.20   0.034   0.087
   51629.853    -0.213     2.291     1.809     -0.18   0.035   0.091
   51630.850    -0.214     2.332     1.778     -0.21   0.035   0.089
   51632.845    -0.216     2.236     1.847     -0.15   0.034   0.093
   51637.831    -0.214     2.243     1.758     -0.19   0.034   0.088
   51638.828    -0.217     2.207     1.794     -0.16   0.033   0.090
   51639.825    -0.215     2.156     1.811     -0.13   0.033   0.091
   51640.822    -0.220     2.181     1.751     -0.17   0.033   0.088
   51641.819    -0.213     2.270     1.802     -0.18   0.034   0.090
   51646.806    -0.214     2.105     1.717     -0.16   0.032   0.086
   51648.801    -0.216     2.198     1.713     -0.19   0.033   0.086
   51649.798    -0.215     2.118     1.732     -0.15   0.032   0.087
   51650.795    -0.213     2.130     1.800     -0.13   0.032   0.090
   51652.790    -0.209     2.054     1.698     -0.15   0.031   0.085
   51653.787    -0.214     2.070     1.795     -0.11   0.031   0.090
   51658.773    -0.213     2.168     2.009     -0.06   0.033   0.101
   51659.771    -0.214     2.251     1.743     -0.20   0.034   0.087
   51660.768    -0.213     2.215     1.682     -0.21   0.033   0.084
   51662.763    -0.215     2.242     1.607     -0.25   0.034   0.081
   51663.760    -0.212     2.160     1.619     -0.22   0.033   0.081
   51664.757    -0.209     2.207     1.655     -0.22   0.033   0.083
   51798.389    -0.267     2.068     1.404     -0.30   0.031   0.070
   51799.387    -0.264     1.953     1.708     -0.10   0.030   0.086
   51802.378    -0.267     1.853     1.708     -0.06   0.028   0.086
   51803.375    -0.266     1.901     1.691     -0.09   0.029   0.085
   51804.372    -0.268     1.950     1.738     -0.09   0.029   0.087
   51805.370    -0.268     1.995     1.879     -0.05   0.030   0.094
   51806.367    -0.269     1.924     1.492     -0.19   0.029   0.075
   51808.361    -0.265     2.037     1.801     -0.09   0.031   0.090
   51809.358    -0.272     1.988     1.671     -0.13   0.030   0.084
   51810.356    -0.267     2.027     1.695     -0.14   0.031   0.085
   51811.354    -0.267     2.035     1.738     -0.12   0.031   0.087
   51813.348    -0.271     1.989     1.675     -0.13   0.030   0.084
   51814.345    -0.269     2.034     1.773     -0.10   0.031   0.089
   51816.340    -0.264     2.044     1.741     -0.12   0.031   0.087
   51817.337    -0.267     2.018     1.688     -0.14   0.030   0.085
   51818.334    -0.268     2.048     1.634     -0.17   0.031   0.082
   51819.331    -0.272     2.051     1.656     -0.16   0.031   0.083
   51820.329    -0.271     1.989     1.669     -0.13   0.030   0.084
   51821.326    -0.267     1.985     1.830     -0.06   0.030   0.092
   51822.323    -0.271     1.956     1.710     -0.10   0.030   0.086
   51823.320    -0.270     1.979     1.919     -0.02   0.030   0.096
