50410.429	0.241	1.362	1.664	0.15	0.021	0.083
50410.449	0.725	1.381	1.722	0.17	0.021	0.086
50414.412	0.092	1.422	1.802	0.18	0.022	0.090
50414.480	1.745	1.360	1.832	0.23	0.021	0.092
50424.359	-0.505	1.328	1.694	0.19	0.020	0.085
50424.380	-0.026	1.296	1.767	0.24	0.020	0.089
50424.453	1.744	1.295	1.815	0.26	0.020	0.091
50425.356	-0.510	1.150	-1.000	-10.00	0.018	0.000
50425.377	-0.025	1.146	-1.000	-10.00	0.018	0.000
50425.450	1.743	1.278	1.759	0.25	0.020	0.088
50426.354	-0.508	1.375	1.713	0.17	0.021	0.086
50426.374	-0.026	1.349	1.726	0.19	0.021	0.086
50426.448	1.746	1.357	1.853	0.24	0.021	0.093
50427.362	-0.252	1.354	1.689	0.17	0.021	0.085
50428.359	-0.251	1.333	1.629	0.15	0.020	0.082
50429.356	-0.250	1.342	1.657	0.16	0.020	0.083
50434.343	-0.250	1.332	1.762	0.21	0.020	0.088
50435.340	-0.254	1.404	1.686	0.14	0.021	0.084
50437.335	-0.253	1.387	1.583	0.10	0.021	0.079
50438.312	-0.753	1.383	1.530	0.08	0.021	0.077
50440.306	-0.753	1.365	0.190	-1.51	0.021	0.011
50441.303	-0.751	1.376	1.624	0.13	0.021	0.081
50444.295	-0.755	1.421	1.530	0.06	0.022	0.077
50445.292	-0.753	0.150	0.093	-0.37	0.004	0.007
50446.289	-0.751	1.406	1.599	0.10	0.021	0.080
50447.287	-0.754	1.359	1.483	0.07	0.021	0.074
50455.265	-0.749	1.406	1.504	0.05	0.021	0.075
50456.262	-0.752	1.468	1.497	0.01	0.022	0.075
50457.260	-0.751	1.496	1.579	0.04	0.023	0.079
50458.257	-0.756	1.368	1.397	0.02	0.021	0.070
50459.254	-0.755	1.357	1.454	0.05	0.021	0.073
50460.251	-0.752	1.372	1.464	0.05	0.021	0.073
50461.249	-0.751	1.350	1.458	0.06	0.021	0.073
50462.246	-0.756	1.308	1.433	0.07	0.020	0.072
50463.243	-0.754	1.287	1.424	0.08	0.020	0.071
50464.239	-0.781	0.784	0.723	-0.06	0.012	0.037
50465.237	-0.754	1.338	1.343	0.00	0.020	0.067
50466.234	-0.753	1.285	1.332	0.03	0.020	0.067
50467.232	-0.754	1.353	1.375	0.01	0.021	0.069
50468.229	-0.751	1.324	1.402	0.04	0.020	0.070
50469.227	-0.751	1.348	1.439	0.05	0.021	0.072
50470.224	-0.753	1.330	1.481	0.08	0.020	0.074
50471.222	-0.752	1.336	1.393	0.03	0.020	0.070
50474.213	-0.753	1.330	1.316	-0.01	0.020	0.066
50474.213	-0.754	1.369	1.478	0.06	0.021	0.074
50475.210	-0.752	1.375	1.415	0.02	0.021	0.071
50477.205	-0.755	1.335	1.425	0.05	0.020	0.071
50478.202	-0.750	1.392	1.391	0.00	0.021	0.070
50479.199	-0.751	1.412	1.418	0.00	0.022	0.071
50480.196	-0.752	1.404	1.425	0.01	0.021	0.071
50481.194	-0.749	1.444	1.421	-0.01	0.022	0.071
50482.191	-0.749	1.432	1.417	-0.01	0.022	0.071
50483.188	-0.752	1.371	1.555	0.10	0.021	0.078
50484.186	-0.753	1.344	1.216	-0.08	0.020	0.061
50485.183	-0.751	1.364	1.399	0.02	0.021	0.070
50486.181	-0.751	1.372	1.438	0.04	0.021	0.072
50490.169	-0.755	1.303	1.487	0.10	0.020	0.075
50491.166	-0.755	1.247	1.493	0.14	0.019	0.075
50492.164	-0.754	1.258	1.414	0.09	0.019	0.071
50493.161	-0.751	1.297	1.259	-0.02	0.020	0.063
50494.158	-0.755	1.269	1.383	0.07	0.019	0.069
50495.155	-0.754	1.308	1.436	0.07	0.020	0.072
50496.152	-0.757	1.283	1.391	0.06	0.020	0.070
50497.150	-0.754	1.323	1.416	0.05	0.020	0.071
50498.147	-0.751	1.275	1.420	0.08	0.019	0.071
50499.145	-0.754	1.287	1.390	0.06	0.020	0.070
50500.142	-0.757	1.299	1.451	0.09	0.020	0.073
50501.140	-0.750	1.294	1.514	0.12	0.020	0.076
50502.137	-0.753	1.330	1.412	0.05	0.020	0.071
50503.134	-0.752	1.329	1.451	0.07	0.020	0.073
50504.131	-0.750	1.329	1.483	0.08	0.020	0.074
50505.128	-0.753	1.265	1.431	0.09	0.019	0.072
50506.126	-0.750	1.242	1.483	0.14	0.019	0.074
50507.123	-0.751	1.285	1.462	0.10	0.020	0.073
50508.120	-0.750	1.283	1.451	0.09	0.020	0.073
50509.117	-0.754	1.287	1.414	0.07	0.020	0.071
50510.114	-0.755	1.323	1.492	0.09	0.020	0.075
50511.112	-0.753	1.308	1.437	0.07	0.020	0.072
50512.109	-0.753	1.300	1.436	0.08	0.020	0.072
50513.106	-0.756	1.278	1.466	0.10	0.020	0.074
50515.101	-0.753	1.306	1.348	0.02	0.020	0.068
50516.099	-0.752	1.268	1.340	0.04	0.019	0.067
50517.096	-0.754	1.333	1.359	0.01	0.020	0.068
50518.093	-0.753	1.295	1.352	0.03	0.020	0.068
50520.088	-0.751	1.297	1.314	0.01	0.020	0.066
50521.085	-0.755	1.294	1.349	0.03	0.020	0.068
50522.082	-0.754	1.256	1.291	0.02	0.019	0.065
50523.079	-0.754	1.287	1.333	0.03	0.020	0.067
50524.076	-0.751	1.230	1.284	0.03	0.019	0.064
50525.074	-0.751	1.264	1.368	0.06	0.019	0.069
50526.071	-0.753	1.253	1.403	0.09	0.019	0.070
50527.068	-0.749	1.289	1.336	0.03	0.020	0.067
50528.065	-0.754	1.272	1.356	0.05	0.019	0.068
50529.062	-0.751	1.305	1.356	0.03	0.020	0.068
50530.061	-0.752	1.290	1.303	0.01	0.020	0.065
50533.062	-0.519	1.294	1.604	0.17	0.020	0.080
50535.057	-0.513	1.227	1.296	0.04	0.019	0.065
50536.054	-0.513	1.290	1.363	0.04	0.020	0.068
50537.051	-0.516	1.280	1.338	0.03	0.020	0.067
50538.048	-0.516	1.299	1.161	-0.09	0.020	0.058
50539.046	-0.513	1.276	1.325	0.03	0.019	0.066
50540.043	-0.519	1.299	1.309	0.01	0.020	0.066
50541.040	-0.517	1.308	1.357	0.03	0.020	0.068
50542.037	-0.519	1.328	1.370	0.02	0.020	0.069
50543.034	-0.517	1.314	1.364	0.03	0.020	0.068
50544.032	-0.513	1.327	1.398	0.04	0.020	0.070
50545.029	-0.516	1.323	1.381	0.03	0.020	0.069
50546.026	-0.519	1.327	1.355	0.02	0.020	0.068
50547.023	-0.516	1.342	1.427	0.05	0.020	0.072
50548.021	-0.515	1.371	1.398	0.01	0.021	0.070
50549.018	-0.517	1.316	1.381	0.04	0.020	0.069
50550.016	-0.518	1.267	1.397	0.08	0.019	0.070
50551.013	-0.517	1.270	1.454	0.10	0.019	0.073
50553.007	-0.514	1.288	1.387	0.06	0.020	0.070
50555.002	-0.512	1.297	1.422	0.07	0.020	0.071
50555.999	-0.510	1.284	1.433	0.08	0.020	0.072
50556.996	-0.512	1.287	1.399	0.06	0.020	0.070
50557.993	-0.515	1.295	1.443	0.08	0.020	0.072
50558.990	-0.519	1.227	1.442	0.12	0.019	0.072
50559.988	-0.513	1.301	1.474	0.10	0.020	0.074
50561.982	-0.518	1.346	1.455	0.06	0.021	0.073
50562.979	-0.519	1.391	1.533	0.07	0.021	0.077
50563.977	-0.517	1.365	1.475	0.06	0.021	0.074
50564.975	-0.517	1.347	1.450	0.06	0.021	0.073
50565.972	-0.516	1.312	1.451	0.08	0.020	0.073
50566.969	-0.515	1.293	1.457	0.09	0.020	0.073
50568.963	-0.519	1.277	1.474	0.11	0.020	0.074
50569.961	-0.514	1.279	1.482	0.11	0.020	0.074
50570.958	-0.513	1.286	1.456	0.09	0.020	0.073
50571.955	-0.512	1.265	1.551	0.16	0.019	0.078
50572.952	-0.516	1.228	1.477	0.14	0.019	0.074
50573.950	-0.514	1.250	1.497	0.14	0.019	0.075
50574.947	-0.515	1.201	1.483	0.16	0.018	0.074
50575.944	-0.516	1.176	1.478	0.17	0.018	0.074
50576.941	-0.518	1.206	1.184	-0.01	0.018	0.059
50577.938	-0.519	1.250	1.671	0.22	0.019	0.084
50578.937	-0.515	1.260	1.507	0.14	0.019	0.076
50579.934	-0.513	1.230	1.395	0.10	0.019	0.070
50580.931	-0.515	1.239	1.470	0.13	0.019	0.074
50581.928	-0.516	1.233	1.448	0.12	0.019	0.073
50582.925	-0.516	1.234	1.414	0.10	0.019	0.071
50583.923	-0.514	1.238	1.503	0.15	0.019	0.075
50584.920	-0.516	1.211	1.490	0.16	0.019	0.075
50585.917	-0.518	1.132	1.360	0.14	0.017	0.068
50586.914	-0.518	1.181	1.384	0.12	0.018	0.069
50587.912	-0.514	1.234	1.570	0.18	0.019	0.079
50588.908	-0.519	1.215	1.448	0.13	0.019	0.073
50589.906	-0.515	1.219	1.452	0.13	0.019	0.073
50590.903	-0.516	1.239	1.451	0.12	0.019	0.073
50591.900	-0.516	1.179	1.428	0.15	0.018	0.072
50592.898	-0.512	1.181	1.391	0.12	0.018	0.070
50593.896	-0.517	1.202	1.369	0.10	0.018	0.069
50594.893	-0.516	1.174	1.474	0.17	0.018	0.074
50595.890	-0.519	1.187	1.462	0.16	0.018	0.073
50596.887	-0.516	1.196	1.430	0.14	0.018	0.072
50597.884	-0.517	1.222	1.455	0.13	0.019	0.073
50598.882	-0.515	1.223	1.454	0.13	0.019	0.073
50599.879	-0.516	1.182	1.471	0.17	0.018	0.074
50600.876	-0.519	1.202	1.247	0.03	0.018	0.063
50601.873	-0.514	1.204	1.509	0.17	0.018	0.076
50602.870	-0.518	1.230	1.393	0.09	0.019	0.070
50603.868	-0.517	1.188	1.460	0.16	0.018	0.073
50604.865	-0.516	1.192	1.453	0.15	0.018	0.073
50605.862	-0.515	1.191	1.461	0.16	0.018	0.073
50606.859	-0.515	1.228	1.404	0.10	0.019	0.070
50607.856	-0.518	1.284	1.458	0.10	0.020	0.073
50608.854	-0.516	1.301	1.479	0.10	0.020	0.074
50609.852	-0.517	1.259	1.506	0.14	0.019	0.076
50610.849	-0.516	1.267	1.425	0.09	0.019	0.071
50611.846	-0.514	1.172	0.919	-0.19	0.018	0.046
50612.843	-0.516	1.197	1.404	0.12	0.018	0.070
50613.841	-0.519	1.139	1.478	0.20	0.017	0.074
50614.838	-0.518	1.207	1.416	0.12	0.018	0.071
50615.835	-0.519	1.248	1.410	0.09	0.019	0.071
50616.832	-0.516	1.260	1.481	0.12	0.019	0.074
50617.829	-0.517	1.193	1.463	0.16	0.018	0.073
50618.827	-0.517	1.225	1.455	0.13	0.019	0.073
50619.824	-0.516	1.302	1.418	0.06	0.020	0.071
50620.821	-0.514	1.314	1.495	0.10	0.020	0.075
50621.818	-0.518	1.245	1.422	0.10	0.019	0.071
50622.815	-0.519	1.176	1.362	0.11	0.018	0.068
50624.811	-0.516	1.238	1.460	0.13	0.019	0.073
50626.805	-0.516	1.267	1.370	0.06	0.019	0.069
50627.803	-0.514	1.227	1.360	0.08	0.019	0.068
50628.800	-0.516	1.201	1.391	0.11	0.018	0.070
50631.791	-0.516	1.211	1.451	0.14	0.019	0.073
50632.789	-0.514	1.225	1.551	0.18	0.019	0.078
50633.786	-0.519	1.193	1.421	0.13	0.018	0.071
50634.783	-0.517	1.217	1.435	0.13	0.019	0.072
50635.780	-0.514	1.236	1.376	0.08	0.019	0.069
50636.778	-0.513	1.112	1.378	0.16	0.017	0.069
50638.772	-0.517	1.169	-1.000	-10.00	0.018	0.000
50639.770	-0.516	1.196	1.447	0.15	0.018	0.073
50640.767	-0.519	1.180	1.373	0.12	0.018	0.069
50641.765	-0.515	1.225	1.457	0.13	0.019	0.073
50642.762	-0.517	1.245	1.439	0.11	0.019	0.072
50643.759	-0.514	1.203	1.442	0.14	0.018	0.072
50645.753	-0.517	1.192	1.483	0.17	0.018	0.074
50646.750	-0.516	1.187	1.475	0.17	0.018	0.074
50647.748	-0.516	1.183	1.531	0.20	0.018	0.077
50648.746	-0.493	1.168	1.483	0.18	0.018	0.074
50649.742	-0.516	1.168	1.473	0.18	0.018	0.074
50650.739	-0.519	1.192	1.480	0.17	0.018	0.074
50653.731	-0.516	1.141	1.677	0.29	0.018	0.084
50654.729	-0.519	0.028	0.041	0.29	0.004	0.006
50655.726	-0.516	0.997	1.534	0.33	0.015	0.077
50656.723	-0.517	1.009	1.597	0.35	0.016	0.080
50657.721	-0.517	1.097	1.636	0.31	0.017	0.082
50658.718	-0.519	1.163	1.528	0.21	0.018	0.077
50659.715	-0.516	1.081	1.498	0.25	0.017	0.075
50660.712	-0.517	1.051	1.435	0.24	0.016	0.072
50661.709	-0.518	0.998	1.372	0.24	0.015	0.069
50662.707	-0.519	0.943	1.462	0.34	0.015	0.073
50663.704	-0.516	0.467	1.311	0.79	0.008	0.066
50664.701	-0.518	1.119	1.516	0.23	0.017	0.076
50666.696	-0.516	1.040	1.492	0.28	0.016	0.075
50667.693	-0.518	1.121	1.439	0.19	0.017	0.072
50668.690	-0.517	1.091	1.438	0.21	0.017	0.072
50669.688	-0.515	1.108	1.414	0.19	0.017	0.071
50670.685	-0.518	1.135	1.476	0.20	0.017	0.074
50671.682	-0.518	1.148	1.512	0.21	0.018	0.076
50673.677	-0.518	1.231	1.244	0.01	0.019	0.062
50674.674	-0.519	1.208	1.609	0.22	0.018	0.081
50675.671	-0.516	1.215	1.484	0.15	0.019	0.074
50676.668	-0.519	1.313	1.625	0.16	0.020	0.081
50678.663	-0.516	1.220	1.578	0.20	0.019	0.079
50680.657	-0.516	1.251	1.353	0.06	0.019	0.068
50681.655	-0.516	1.209	1.472	0.15	0.019	0.074
50682.652	-0.516	1.200	1.498	0.17	0.018	0.075
50683.649	-0.517	1.137	1.535	0.23	0.017	0.077
50684.646	-0.513	1.185	1.562	0.21	0.018	0.078
50685.644	-0.517	1.182	1.501	0.18	0.018	0.075
50687.639	-0.515	1.135	1.528	0.23	0.017	0.077
50688.636	-0.516	1.165	1.465	0.18	0.018	0.073
50689.633	-0.518	1.204	1.571	0.20	0.018	0.079
50690.630	-0.519	1.222	1.433	0.12	0.019	0.072
50691.628	-0.515	1.118	1.456	0.20	0.017	0.073
50692.625	-0.515	1.168	1.427	0.15	0.018	0.072
50694.619	-0.518	1.084	1.498	0.25	0.017	0.075
50697.611	-0.516	1.109	1.470	0.22	0.017	0.074
50698.608	-0.513	1.105	1.386	0.17	0.017	0.070
50699.605	-0.517	1.168	1.383	0.13	0.018	0.069
50702.598	-0.515	1.062	1.453	0.24	0.016	0.073
50703.595	-0.516	1.139	1.508	0.22	0.017	0.076
50704.592	-0.519	1.168	1.491	0.19	0.018	0.075
50705.589	-0.518	1.312	1.534	0.12	0.020	0.077
50706.587	-0.517	1.271	1.513	0.13	0.019	0.076
50708.581	-0.515	1.172	1.580	0.23	0.018	0.079
50709.578	-0.518	1.134	1.501	0.22	0.017	0.075
50710.575	-0.519	1.164	1.562	0.22	0.018	0.078
50711.573	-0.519	1.138	1.423	0.17	0.017	0.071
50713.567	-0.516	1.193	1.591	0.22	0.018	0.080
50715.562	-0.517	1.131	1.561	0.25	0.017	0.078
50716.560	-0.518	1.129	1.586	0.26	0.017	0.080
50717.557	-0.514	1.176	1.506	0.19	0.018	0.076
50718.554	-0.514	1.162	1.543	0.22	0.018	0.077
50719.551	-0.514	1.189	1.832	0.33	0.018	0.092
50720.549	-0.512	1.174	1.823	0.34	0.018	0.091
50722.543	-0.515	1.177	1.635	0.25	0.018	0.082
50723.540	-0.517	1.169	1.649	0.26	0.018	0.083
50724.537	-0.513	1.163	1.587	0.24	0.018	0.080
50725.535	-0.516	1.137	1.666	0.29	0.017	0.083
50726.532	-0.519	1.145	1.610	0.26	0.018	0.081
50727.529	-0.516	1.152	1.643	0.27	0.018	0.082
50729.524	-0.502	1.163	1.656	0.27	0.018	0.083
50730.521	-0.505	1.125	1.613	0.28	0.017	0.081
50731.519	-0.501	1.094	1.587	0.28	0.017	0.080
50732.517	-0.490	1.210	1.629	0.23	0.019	0.082
50733.514	-0.490	1.228	1.624	0.21	0.019	0.081
50734.511	-0.492	1.190	1.622	0.24	0.018	0.081
50736.505	-0.517	1.156	1.605	0.25	0.018	0.080
50737.502	-0.517	1.191	1.548	0.20	0.018	0.078
50738.499	-0.516	1.166	1.594	0.24	0.018	0.080
50739.497	-0.513	1.160	1.569	0.23	0.018	0.079
50740.494	-0.514	1.231	1.634	0.22	0.019	0.082
50741.491	-0.515	1.271	1.590	0.17	0.019	0.080
50742.488	-0.514	1.282	1.637	0.19	0.020	0.082
50743.485	-0.518	1.249	1.579	0.18	0.019	0.079
50744.482	-0.519	1.231	1.559	0.18	0.019	0.078
50745.480	-0.519	1.224	1.635	0.22	0.019	0.082
50746.478	-0.513	1.197	1.671	0.26	0.018	0.084
50747.475	-0.516	1.169	1.847	0.35	0.018	0.093
50748.472	-0.516	1.178	1.749	0.30	0.018	0.088
50749.470	-0.515	1.185	1.589	0.22	0.018	0.080
50750.467	-0.517	1.188	1.606	0.23	0.018	0.081
50751.464	-0.517	1.202	1.607	0.22	0.018	0.081
50752.461	-0.515	1.189	1.615	0.23	0.018	0.081
50753.458	-0.515	1.191	1.196	0.00	0.018	0.060
50754.456	-0.514	1.222	1.571	0.19	0.019	0.079
50755.453	-0.519	1.312	1.625	0.16	0.020	0.081
50756.450	-0.515	1.343	1.196	-0.09	0.020	0.060
50757.447	-0.516	1.299	1.678	0.20	0.020	0.084
50758.444	-0.513	1.244	1.664	0.22	0.019	0.083
50759.441	-0.520	1.209	1.732	0.28	0.019	0.087
50761.437	-0.516	1.196	1.697	0.27	0.018	0.085
50762.434	-0.516	1.277	1.728	0.23	0.020	0.087
50763.431	-0.518	1.256	1.760	0.26	0.019	0.088
50764.428	-0.520	1.172	1.665	0.27	0.018	0.083
50765.426	-0.517	1.206	1.733	0.28	0.018	0.087
50766.423	-0.518	1.194	1.684	0.26	0.018	0.084
50767.420	-0.516	1.178	1.698	0.28	0.018	0.085
50768.418	-0.512	1.153	1.500	0.20	0.018	0.075
50769.415	-0.517	1.126	1.650	0.29	0.017	0.083
50770.412	-0.519	1.246	1.750	0.26	0.019	0.088
50771.409	-0.518	1.257	1.656	0.21	0.019	0.083
50772.406	-0.516	1.189	1.604	0.23	0.018	0.080
50773.403	-0.518	1.190	1.683	0.27	0.018	0.084
50774.401	-0.515	1.261	1.713	0.23	0.019	0.086
50775.398	-0.515	1.230	1.728	0.26	0.019	0.087
50776.396	-0.513	1.252	1.681	0.23	0.019	0.084
50777.393	-0.518	1.309	1.696	0.20	0.020	0.085
50778.390	-0.518	1.303	1.741	0.22	0.020	0.087
50781.382	-0.518	1.218	1.667	0.24	0.019	0.084
50782.379	-0.513	1.296	1.720	0.22	0.020	0.086
50783.376	-0.514	1.221	1.732	0.27	0.019	0.087
50784.374	-0.517	1.286	1.725	0.22	0.020	0.086
50785.371	-0.516	1.256	1.705	0.23	0.019	0.085
50786.368	-0.516	1.250	1.787	0.27	0.019	0.090
50787.366	-0.502	1.230	1.648	0.22	0.019	0.083
50788.363	-0.512	1.206	1.558	0.20	0.018	0.078
50789.360	-0.513	1.230	1.594	0.20	0.019	0.080
50790.357	-0.518	1.298	1.639	0.18	0.020	0.082
50791.354	-0.520	1.352	1.618	0.14	0.021	0.081
50792.352	-0.519	1.319	0.839	-0.35	0.020	0.042
50793.349	-0.518	1.294	1.666	0.19	0.020	0.083
50794.347	-0.517	1.276	1.681	0.21	0.019	0.084
50795.344	-0.519	1.261	1.641	0.20	0.019	0.082
50796.341	-0.519	1.237	1.667	0.23	0.019	0.084
50797.338	-0.519	1.316	1.682	0.19	0.020	0.084
50798.336	-0.515	1.251	1.687	0.23	0.019	0.085
50799.333	-0.517	1.316	1.699	0.20	0.020	0.085
50800.330	-0.520	1.244	1.714	0.25	0.019	0.086
50801.327	-0.516	1.246	1.696	0.24	0.019	0.085
50802.324	-0.518	1.197	1.669	0.25	0.018	0.084
50803.322	-0.516	1.123	1.693	0.31	0.017	0.085
50804.319	-0.515	1.213	1.769	0.29	0.019	0.089
50805.316	-0.518	1.260	1.744	0.25	0.019	0.087
50806.313	-0.518	1.249	1.742	0.25	0.019	0.087
50809.306	-0.517	1.314	2.122	0.37	0.020	0.106
50810.303	-0.515	1.254	1.748	0.25	0.019	0.088
50811.300	-0.519	1.306	1.729	0.22	0.020	0.087
50813.295	-0.517	1.223	1.639	0.22	0.019	0.082
50816.286	-0.518	1.217	1.653	0.23	0.019	0.083
50817.283	-0.519	1.204	1.630	0.23	0.018	0.082
50818.281	-0.517	1.271	1.649	0.20	0.019	0.083
50819.278	-0.516	1.224	1.585	0.20	0.019	0.079
50820.275	-0.519	1.223	1.660	0.23	0.019	0.083
50821.272	-0.517	1.215	1.324	0.07	0.019	0.066
50822.270	-0.515	1.237	1.788	0.28	0.019	0.090
50823.268	-0.516	1.308	1.685	0.19	0.020	0.084
50824.265	-0.516	1.234	1.696	0.24	0.019	0.085
50825.262	-0.515	1.243	1.737	0.26	0.019	0.087
50827.256	-0.516	1.269	1.648	0.20	0.019	0.083
50828.254	-0.516	1.218	1.660	0.24	0.019	0.083
50829.251	-0.520	1.171	1.586	0.23	0.018	0.080
50830.248	-0.519	1.259	1.701	0.23	0.019	0.085
50831.245	-0.514	1.249	1.653	0.22	0.019	0.083
50832.242	-0.518	1.237	1.635	0.21	0.019	0.082
50833.240	-0.516	1.138	1.598	0.26	0.017	0.080
50834.237	-0.520	1.241	1.659	0.22	0.019	0.083
50835.234	-0.518	1.207	1.707	0.27	0.018	0.086
50837.229	-0.515	1.249	1.713	0.24	0.019	0.086
50838.227	-0.513	1.236	1.589	0.19	0.019	0.080
50839.224	-0.520	1.164	1.694	0.29	0.018	0.085
50840.221	-0.515	1.163	1.655	0.27	0.018	0.083
50843.213	-0.517	1.237	1.725	0.25	0.019	0.086
50843.213	-0.520	1.271	1.769	0.25	0.019	0.089
50844.210	-0.519	1.217	1.772	0.29	0.019	0.089
50845.207	-0.520	1.203	1.769	0.29	0.018	0.089
50846.204	-0.515	1.241	1.802	0.29	0.019	0.090
50847.202	-0.516	1.278	1.852	0.28	0.020	0.093
50849.196	-0.513	1.282	1.992	0.34	0.020	0.100
50850.193	-0.515	1.276	2.020	0.35	0.019	0.101
50851.190	-0.517	1.308	1.903	0.29	0.020	0.095
50852.188	-0.516	1.290	1.899	0.30	0.020	0.095
50853.186	-0.514	1.306	1.873	0.28	0.020	0.094
50854.183	-0.520	1.309	1.856	0.27	0.020	0.093
50855.180	-0.517	1.268	1.907	0.31	0.019	0.096
50856.177	-0.518	1.290	1.928	0.31	0.020	0.097
50857.175	-0.513	1.289	1.871	0.28	0.020	0.094
50858.172	-0.520	1.332	1.916	0.28	0.020	0.096
50859.169	-0.515	1.323	1.906	0.28	0.020	0.095
50860.166	-0.520	1.275	1.894	0.30	0.019	0.095
50861.163	-0.520	1.320	1.972	0.31	0.020	0.099
50862.160	-0.519	1.261	1.901	0.31	0.019	0.095
50863.158	-0.517	1.211	1.876	0.34	0.019	0.094
50864.155	-0.515	1.249	1.921	0.33	0.019	0.096
50865.152	-0.517	1.232	1.919	0.34	0.019	0.096
50866.150	-0.513	1.233	1.868	0.32	0.019	0.094
50867.147	-0.513	1.261	1.799	0.27	0.019	0.090
50870.139	-0.519	1.175	1.822	0.34	0.018	0.091
50871.136	-0.519	1.213	1.771	0.29	0.019	0.089
50872.133	-0.519	1.203	1.811	0.31	0.018	0.091
50873.131	-0.518	1.300	1.855	0.27	0.020	0.093
50874.128	-0.516	1.277	1.855	0.29	0.020	0.093
50875.125	-0.518	1.253	1.878	0.31	0.019	0.094
50876.122	-0.516	1.270	1.916	0.31	0.019	0.096
50877.120	-0.517	1.397	2.042	0.29	0.021	0.102
50878.117	-0.518	1.313	1.889	0.28	0.020	0.095
50879.114	-0.514	1.280	1.880	0.29	0.020	0.094
50880.111	-0.516	1.348	2.134	0.35	0.021	0.107
50881.108	-0.516	1.315	2.260	0.41	0.020	0.113
50882.106	-0.517	1.390	2.082	0.31	0.021	0.104
50883.104	-0.519	1.370	1.985	0.28	0.021	0.099
50884.101	-0.519	1.261	1.942	0.33	0.019	0.097
50885.098	-0.519	1.238	1.897	0.33	0.019	0.095
50886.095	-0.518	1.210	1.936	0.36	0.019	0.097
50887.093	-0.519	1.243	1.858	0.31	0.019	0.093
50888.090	-0.515	1.303	1.891	0.28	0.020	0.095
50889.087	-0.520	1.310	1.895	0.28	0.020	0.095
50890.084	-0.518	1.255	2.217	0.44	0.019	0.111
50891.081	-0.518	1.296	1.984	0.33	0.020	0.099
50892.079	-0.516	1.425	2.128	0.31	0.022	0.107
50893.076	-0.518	1.408	2.397	0.41	0.021	0.120
50894.073	-0.514	1.429	2.073	0.28	0.022	0.104
50895.070	-0.516	1.450	2.043	0.26	0.022	0.102
50896.067	-0.517	1.411	2.056	0.29	0.021	0.103
50897.065	-0.518	1.408	2.016	0.28	0.021	0.101
50898.062	-0.519	1.346	1.977	0.29	0.021	0.099
50899.060	-0.518	1.371	2.031	0.30	0.021	0.102
50900.057	-0.516	1.314	2.013	0.33	0.020	0.101
50901.055	-0.515	1.385	1.997	0.28	0.021	0.100
50902.052	-0.512	1.358	2.114	0.34	0.021	0.106
50903.049	-0.514	1.327	2.088	0.35	0.020	0.105
50904.046	-0.519	1.384	2.138	0.33	0.021	0.107
50919.065	0.944	1.601	2.396	0.31	0.024	0.120
50920.062	0.941	1.519	2.573	0.40	0.023	0.129
50921.059	0.901	1.514	2.349	0.34	0.023	0.118
50922.056	0.901	1.419	2.297	0.37	0.022	0.115
50923.053	0.902	1.413	2.383	0.40	0.022	0.119
50924.050	0.900	1.464	2.381	0.37	0.022	0.119
50925.048	0.897	1.435	2.274	0.35	0.022	0.114
50926.045	0.900	1.533	2.391	0.34	0.023	0.120
50927.042	0.902	1.552	2.330	0.31	0.024	0.117
50928.039	0.898	1.500	2.477	0.38	0.023	0.124
50929.037	0.900	1.510	2.521	0.39	0.023	0.126
50930.034	0.906	1.506	2.713	0.45	0.023	0.136
50931.031	0.902	1.571	2.484	0.35	0.024	0.124
50932.028	0.902	1.634	2.484	0.32	0.025	0.124
50933.025	0.904	1.561	2.357	0.32	0.024	0.118
50934.023	0.903	1.519	2.278	0.31	0.023	0.114
50935.021	0.903	1.477	2.286	0.34	0.022	0.114
50936.018	0.899	1.591	2.447	0.33	0.024	0.122
50937.015	0.898	1.565	2.425	0.34	0.024	0.121
50938.012	0.897	1.563	2.336	0.31	0.024	0.117
50939.009	0.897	1.521	2.279	0.31	0.023	0.114
50940.007	0.899	1.527	2.181	0.27	0.023	0.109
50941.004	0.897	1.572	2.238	0.27	0.024	0.112
50942.001	0.900	1.537	2.282	0.30	0.023	0.114
50942.998	0.902	1.538	2.227	0.28	0.023	0.111
50943.996	0.905	1.510	2.155	0.27	0.023	0.108
50944.993	0.902	1.507	2.150	0.27	0.023	0.108
50945.990	0.901	1.567	2.168	0.25	0.024	0.109
50946.987	0.900	1.488	2.062	0.25	0.023	0.103
50947.984	0.900	1.527	2.067	0.23	0.023	0.104
50948.982	0.900	1.478	2.138	0.28	0.022	0.107
50949.979	0.902	1.494	1.295	-0.11	0.023	0.065
50950.977	0.901	1.561	2.142	0.24	0.024	0.107
50951.974	0.902	1.518	2.154	0.27	0.023	0.108
50952.971	0.897	1.481	2.099	0.27	0.023	0.105
50953.969	0.901	1.461	2.089	0.27	0.022	0.105
50954.966	0.902	1.508	2.066	0.24	0.023	0.103
50955.963	0.899	1.518	2.139	0.26	0.023	0.107
50956.960	0.904	1.489	2.080	0.26	0.023	0.104
50957.957	0.899	1.455	2.154	0.30	0.022	0.108
50958.955	0.901	1.506	2.201	0.29	0.023	0.110
50959.952	0.903	1.588	2.216	0.25	0.024	0.111
50960.949	0.903	1.584	2.183	0.25	0.024	0.109
50961.946	0.899	1.546	2.174	0.26	0.023	0.109
50962.943	0.901	1.451	2.149	0.30	0.022	0.108
50963.941	0.900	1.463	2.159	0.30	0.022	0.108
50964.938	0.903	1.428	2.296	0.36	0.022	0.115
50965.936	0.900	1.509	2.240	0.30	0.023	0.112
50966.933	0.901	1.518	2.204	0.29	0.023	0.110
50967.930	0.900	1.496	2.041	0.24	0.023	0.102
50968.928	0.900	1.487	2.195	0.30	0.023	0.110
50969.925	0.898	1.476	2.286	0.34	0.022	0.114
50970.922	0.897	1.471	2.179	0.30	0.022	0.109
50971.919	0.902	1.524	2.282	0.31	0.023	0.114
50973.914	0.902	1.516	2.129	0.26	0.023	0.107
50974.911	0.903	1.590	2.245	0.26	0.024	0.112
50975.908	0.903	1.566	2.083	0.22	0.024	0.104
50976.905	0.902	1.569	2.293	0.29	0.024	0.115
50977.903	0.904	1.489	2.188	0.29	0.023	0.110
50978.900	0.900	1.451	2.193	0.32	0.022	0.110
50979.897	0.898	1.494	2.240	0.31	0.023	0.112
50980.797	-1.443	1.416	1.850	0.20	0.022	0.093
50980.895	0.906	1.426	2.133	0.31	0.022	0.107
50981.892	0.900	1.418	2.110	0.30	0.022	0.106
50982.889	0.899	1.422	2.100	0.30	0.022	0.105
50983.887	0.898	1.392	2.068	0.30	0.021	0.104
50984.884	0.898	1.396	2.036	0.29	0.021	0.102
50985.881	0.901	1.460	2.012	0.25	0.022	0.101
50986.812	-0.700	1.271	1.706	0.22	0.019	0.085
50986.878	0.898	1.566	2.111	0.23	0.024	0.106
50987.875	0.899	1.519	2.108	0.25	0.023	0.106
50988.873	0.899	1.577	2.056	0.20	0.024	0.103
50989.870	0.897	0.787	0.933	0.13	0.012	0.047
50990.867	0.898	1.554	2.101	0.23	0.024	0.105
50991.864	0.902	1.428	2.060	0.28	0.022	0.103
50992.861	0.897	1.480	2.103	0.27	0.023	0.105
50993.859	0.903	1.570	2.099	0.22	0.024	0.105
50994.856	0.904	1.567	1.976	0.18	0.024	0.099
50995.854	0.897	1.527	2.059	0.23	0.023	0.103
50996.851	0.897	1.506	1.977	0.21	0.023	0.099
50997.849	0.903	1.527	1.925	0.18	0.023	0.096
50998.846	0.897	1.553	1.866	0.14	0.024	0.093
50999.843	0.901	1.520	1.876	0.16	0.023	0.094
51000.840	0.902	1.474	1.909	0.20	0.022	0.096
51001.837	0.901	1.537	1.980	0.19	0.023	0.099
51002.835	0.899	1.518	1.971	0.20	0.023	0.099
51003.834	0.957	1.602	1.984	0.16	0.024	0.099
51004.829	0.900	1.570	2.027	0.20	0.024	0.102
51005.826	0.898	1.486	1.955	0.21	0.023	0.098
51006.823	0.899	1.537	1.991	0.20	0.023	0.100
51007.821	0.900	1.572	1.848	0.12	0.024	0.093
51008.818	0.900	1.576	2.046	0.20	0.024	0.102
51009.815	0.900	1.561	1.989	0.19	0.024	0.100
51010.816	0.983	0.073	0.049	-0.31	0.004	0.006
51011.810	0.899	1.585	1.999	0.18	0.024	0.100
51012.808	0.902	1.538	1.923	0.17	0.023	0.096
51013.805	0.900	1.560	1.939	0.17	0.024	0.097
51014.802	0.899	1.548	1.979	0.19	0.024	0.099
51015.799	0.900	1.569	1.924	0.16	0.024	0.096
51016.796	0.900	1.473	1.952	0.22	0.022	0.098
51017.795	0.929	1.479	2.014	0.24	0.022	0.101
51018.792	0.934	1.573	1.935	0.16	0.024	0.097
51019.789	0.932	1.434	1.933	0.23	0.022	0.097
51020.788	0.961	1.333	1.898	0.27	0.020	0.095
51021.784	0.933	1.313	1.942	0.30	0.020	0.097
51022.782	0.961	1.389	1.895	0.24	0.021	0.095
51023.780	0.964	1.304	1.884	0.28	0.020	0.094
51024.775	0.933	1.411	1.972	0.26	0.021	0.099
51025.774	0.960	1.292	1.843	0.27	0.020	0.092
51026.771	0.961	1.318	1.807	0.24	0.020	0.091
51027.769	0.963	1.073	1.820	0.41	0.017	0.091
51028.766	0.960	0.346	1.502	1.12	0.006	0.075
51029.764	0.965	1.310	1.880	0.28	0.020	0.094
51030.761	0.964	1.300	1.854	0.27	0.020	0.093
51032.754	0.929	1.542	1.929	0.17	0.023	0.097
51033.753	0.963	1.368	1.847	0.23	0.021	0.093
51034.750	0.960	1.529	1.988	0.20	0.023	0.100
51035.747	0.961	1.596	1.885	0.13	0.024	0.094
51037.741	0.963	1.597	1.992	0.17	0.024	0.100
51038.737	0.932	1.566	1.925	0.16	0.024	0.096
51039.736	0.962	1.645	2.138	0.20	0.025	0.107
51040.733	0.961	1.317	1.423	0.06	0.020	0.071
51041.730	0.962	1.683	1.989	0.13	0.026	0.100
51044.722	0.933	1.638	2.240	0.24	0.025	0.112
51046.714	0.898	1.561	2.302	0.30	0.024	0.115
51047.712	0.899	1.574	2.169	0.25	0.024	0.109
51048.709	0.901	1.656	2.074	0.17	0.025	0.104
51049.706	0.898	1.667	2.085	0.17	0.025	0.104
51050.703	0.900	1.732	2.186	0.18	0.026	0.109
51051.701	0.900	1.699	2.291	0.23	0.026	0.115
51053.695	0.904	1.517	2.046	0.23	0.023	0.102
51054.692	0.900	1.576	2.019	0.19	0.024	0.101
51055.690	0.903	1.620	2.017	0.17	0.025	0.101
51056.688	0.903	1.579	1.990	0.18	0.024	0.100
51057.685	0.901	1.627	2.030	0.17	0.025	0.102
51058.682	0.900	1.605	2.031	0.18	0.024	0.102
51060.676	0.902	1.638	2.029	0.16	0.025	0.102
51061.674	0.898	1.627	1.956	0.14	0.025	0.098
51062.671	0.899	1.625	1.948	0.14	0.025	0.098
51064.665	0.902	1.608	2.031	0.18	0.024	0.102
51065.663	0.902	1.695	2.156	0.18	0.026	0.108
51067.660	0.968	1.817	1.911	0.04	0.028	0.096
51068.654	0.902	1.851	2.001	0.06	0.028	0.100
51069.651	0.904	1.789	1.880	0.04	0.027	0.094
51070.648	0.896	1.861	2.288	0.16	0.028	0.115
51074.638	0.901	1.636	2.010	0.16	0.025	0.101
51075.635	0.900	1.654	1.888	0.10	0.025	0.095
51076.633	0.902	1.655	1.867	0.09	0.025	0.094
51077.630	0.900	1.628	1.913	0.12	0.025	0.096
51078.627	0.898	1.594	1.833	0.11	0.024	0.092
51079.625	0.919	1.598	1.797	0.09	0.024	0.090
51081.619	0.901	1.674	1.833	0.07	0.025	0.092
51082.616	0.902	1.646	1.779	0.06	0.025	0.089
51083.613	0.901	1.648	1.744	0.04	0.025	0.087
51084.610	0.900	1.554	1.682	0.06	0.024	0.084
51085.608	0.899	1.660	2.007	0.14	0.025	0.101
51089.597	0.903	1.613	1.866	0.11	0.024	0.093
51090.595	0.903	1.582	1.926	0.15	0.024	0.096
51091.592	0.900	1.528	1.842	0.14	0.023	0.092
51093.586	0.900	1.460	1.750	0.14	0.022	0.088
51095.581	0.900	1.493	1.921	0.19	0.023	0.096
51097.575	0.900	1.518	1.867	0.16	0.023	0.094
51098.572	0.902	1.571	1.870	0.13	0.024	0.094
51099.569	0.900	1.602	1.838	0.10	0.024	0.092
51100.567	0.904	1.583	1.825	0.11	0.024	0.091
51102.562	0.898	1.578	1.838	0.12	0.024	0.092
51103.559	0.904	1.606	1.851	0.11	0.024	0.093
51104.557	0.902	1.601	1.850	0.11	0.024	0.093
51105.554	0.898	1.563	1.860	0.13	0.024	0.093
51106.551	0.903	1.568	1.872	0.14	0.024	0.094
51107.548	0.897	1.565	1.805	0.11	0.024	0.090
51109.542	0.900	1.603	1.860	0.11	0.024	0.093
51110.540	0.900	1.616	1.815	0.09	0.025	0.091
51111.537	0.897	1.587	1.775	0.09	0.024	0.089
51112.534	0.901	1.563	1.766	0.09	0.024	0.088
51113.531	0.902	1.618	1.741	0.06	0.025	0.087
51114.528	0.898	1.568	1.883	0.14	0.024	0.094
51115.526	0.899	1.554	1.898	0.15	0.024	0.095
51116.523	0.897	1.433	1.904	0.22	0.022	0.095
51117.521	0.901	1.477	1.692	0.10	0.022	0.085
51118.518	0.897	1.439	1.653	0.11	0.022	0.083
51119.515	0.898	1.574	1.824	0.11	0.024	0.091
51120.513	0.899	1.495	1.398	-0.05	0.023	0.070
51121.510	0.899	1.588	1.674	0.04	0.024	0.084
51122.507	0.898	1.623	1.815	0.09	0.025	0.091
51123.505	0.906	1.517	1.674	0.08	0.023	0.084
51124.501	0.896	1.459	1.694	0.11	0.022	0.085
51125.499	0.898	1.447	1.747	0.14	0.022	0.088
51126.496	0.902	1.492	1.695	0.10	0.023	0.085
51127.493	0.898	1.464	1.651	0.09	0.022	0.083
51128.490	0.899	1.485	1.681	0.09	0.023	0.084
51129.487	0.899	1.508	1.669	0.08	0.023	0.084
51130.485	0.899	1.492	1.732	0.11	0.023	0.087
51131.482	0.898	1.498	1.727	0.11	0.023	0.087
51132.479	0.900	1.426	1.584	0.08	0.022	0.079
51133.477	0.899	1.432	1.649	0.11	0.022	0.083
51138.463	0.902	1.555	1.628	0.04	0.024	0.082
51139.461	0.901	1.434	1.646	0.11	0.022	0.082
51140.458	0.898	1.440	1.602	0.08	0.022	0.080
51142.452	0.899	1.442	1.668	0.11	0.022	0.084
51144.447	0.899	1.508	1.612	0.05	0.023	0.081
51145.444	0.896	1.586	1.704	0.05	0.024	0.085
51146.441	0.899	1.530	1.724	0.09	0.023	0.086
51147.438	0.901	1.559	1.726	0.08	0.024	0.086
51148.436	0.901	1.531	1.777	0.11	0.023	0.089
51149.433	0.897	1.508	1.698	0.09	0.023	0.085
51150.431	0.902	1.496	1.744	0.12	0.023	0.087
51151.428	0.901	1.492	1.726	0.11	0.023	0.086
51152.425	0.899	1.488	1.803	0.15	0.023	0.090
51153.422	0.897	1.475	1.821	0.16	0.022	0.091
51154.419	0.897	1.581	1.873	0.13	0.024	0.094
51155.417	0.896	1.575	1.985	0.18	0.024	0.099
51156.414	0.898	1.539	1.867	0.15	0.023	0.094
51157.411	0.898	1.508	1.799	0.14	0.023	0.090
51158.408	0.897	1.500	1.834	0.15	0.023	0.092
51159.406	0.902	1.469	1.965	0.22	0.022	0.098
51160.403	0.899	1.655	2.016	0.15	0.025	0.101
51161.400	0.902	1.495	1.919	0.19	0.023	0.096
51162.397	0.897	1.454	1.887	0.20	0.022	0.095
51163.395	0.900	1.598	1.910	0.14	0.024	0.096
51164.393	0.899	1.525	1.901	0.17	0.023	0.095
51165.390	0.897	1.509	1.911	0.18	0.023	0.096
51166.387	0.898	1.499	1.957	0.20	0.023	0.098
51167.384	0.897	1.620	1.945	0.14	0.025	0.097
51168.382	0.902	1.540	1.876	0.15	0.023	0.094
51169.379	0.902	1.653	1.573	-0.04	0.025	0.079
51170.376	0.899	1.613	1.892	0.12	0.024	0.095
51174.365	0.897	1.530	1.934	0.18	0.023	0.097
51175.362	0.898	1.593	1.874	0.12	0.024	0.094
51176.359	0.901	1.624	1.777	0.07	0.025	0.089
51178.354	0.899	1.503	2.046	0.24	0.023	0.102
51182.343	0.896	1.503	2.087	0.25	0.023	0.105
51183.341	0.903	1.545	2.111	0.24	0.023	0.106
51184.338	0.897	1.354	1.694	0.17	0.021	0.085
51190.321	0.897	1.477	2.026	0.24	0.022	0.101
51191.318	0.899	1.536	1.958	0.19	0.023	0.098
51192.315	0.897	1.555	2.080	0.22	0.024	0.104
51193.313	0.899	1.496	1.915	0.19	0.023	0.096
51194.311	0.897	1.454	1.960	0.23	0.022	0.098
51197.302	0.898	1.845	1.892	0.02	0.028	0.095
51198.299	0.897	2.002	2.408	0.14	0.030	0.121
51199.297	0.897	1.805	2.013	0.08	0.027	0.101
51200.294	0.898	1.484	1.946	0.21	0.023	0.097
51201.291	0.899	1.440	1.931	0.22	0.022	0.097
51202.288	0.901	1.298	1.840	0.27	0.020	0.092
51204.283	0.901	1.594	2.114	0.22	0.024	0.106
51205.280	0.898	1.604	2.145	0.22	0.024	0.107
51206.277	0.901	1.581	2.152	0.24	0.024	0.108
51207.274	0.899	1.605	2.170	0.23	0.024	0.109
51208.272	0.902	1.691	2.179	0.19	0.026	0.109
51209.270	0.899	1.685	2.130	0.18	0.026	0.107
51210.267	0.896	1.598	2.191	0.24	0.024	0.110
51211.264	0.899	1.666	2.071	0.17	0.025	0.104
51212.261	0.900	1.523	2.042	0.22	0.023	0.102
51213.259	0.898	1.526	2.149	0.26	0.023	0.108
51214.256	0.899	1.632	2.221	0.24	0.025	0.111
51215.253	0.899	1.543	2.154	0.26	0.023	0.108
51216.250	0.897	1.639	2.205	0.23	0.025	0.110
51217.247	0.899	1.612	2.125	0.21	0.024	0.106
51218.245	0.897	1.703	2.217	0.20	0.026	0.111
51219.242	0.898	1.587	2.144	0.23	0.024	0.107
51221.236	0.899	1.525	2.212	0.28	0.023	0.111
51222.233	0.899	1.542	2.224	0.28	0.023	0.111
51223.231	0.899	1.602	2.219	0.25	0.024	0.111
51224.229	0.896	1.522	2.160	0.27	0.023	0.108
51225.226	0.898	-1.000	-1.000	-10.00	0.000	0.000
51226.223	0.895	1.622	2.197	0.23	0.025	0.110
51227.220	0.897	1.576	2.143	0.23	0.024	0.107
51228.218	0.899	1.691	2.200	0.20	0.026	0.110
51230.212	0.903	1.596	2.229	0.26	0.024	0.112
51230.212	0.898	1.548	2.174	0.26	0.024	0.109
51231.209	0.900	1.588	2.228	0.26	0.024	0.112
51232.206	0.898	1.642	2.142	0.20	0.025	0.107
51233.204	0.899	1.601	2.271	0.27	0.024	0.114
51234.201	0.901	1.758	2.322	0.21	0.027	0.116
51235.198	0.898	1.748	2.184	0.17	0.026	0.109
51236.195	0.900	1.709	2.097	0.16	0.026	0.105
51237.192	0.897	1.631	2.187	0.22	0.025	0.109
51238.190	0.902	1.708	2.201	0.19	0.026	0.110
51239.188	0.897	1.646	2.030	0.16	0.025	0.102
51240.185	0.896	1.586	2.079	0.21	0.024	0.104
51242.180	0.900	1.666	2.277	0.24	0.025	0.114
51243.177	0.897	1.602	2.075	0.20	0.024	0.104
51244.174	0.901	1.702	1.975	0.11	0.026	0.099
51245.171	0.900	1.722	2.109	0.16	0.026	0.106
51246.168	0.900	1.610	2.084	0.20	0.024	0.104
51248.163	0.897	1.603	2.114	0.21	0.024	0.106
51249.160	0.903	1.589	2.018	0.18	0.024	0.101
51250.157	0.902	1.608	2.097	0.20	0.024	0.105
51251.154	0.897	1.527	2.141	0.26	0.023	0.107
51253.149	0.900	1.592	2.124	0.22	0.024	0.106
51254.146	0.897	1.531	2.139	0.26	0.023	0.107
51255.144	0.896	1.717	2.110	0.16	0.026	0.106
51256.141	0.900	1.648	2.226	0.23	0.025	0.111
51257.139	0.897	1.710	2.079	0.15	0.026	0.104
51258.136	0.899	1.691	2.092	0.16	0.026	0.105
51259.133	0.897	1.631	2.104	0.19	0.025	0.105
51260.130	0.898	1.752	2.074	0.13	0.027	0.104
51261.127	0.900	1.589	2.008	0.18	0.024	0.101
51262.125	0.898	1.556	2.143	0.25	0.024	0.107
51263.122	0.896	1.617	1.991	0.16	0.025	0.100
51264.119	0.898	1.589	2.025	0.19	0.024	0.101
51265.116	0.897	1.667	2.026	0.15	0.025	0.101
51266.114	0.902	1.642	2.045	0.17	0.025	0.102
51267.110	0.896	1.534	2.068	0.23	0.023	0.104
51268.108	0.898	1.548	2.024	0.20	0.024	0.101
51269.105	0.901	1.522	2.087	0.24	0.023	0.105
51270.103	0.899	1.576	1.775	0.09	0.024	0.089
51271.100	0.896	1.647	2.115	0.19	0.025	0.106
51272.098	0.896	1.598	2.108	0.21	0.024	0.106
51273.095	0.899	1.603	2.196	0.24	0.024	0.110
51274.092	0.899	1.580	2.084	0.21	0.024	0.104
51275.089	0.899	1.598	2.094	0.21	0.024	0.105
51276.086	0.899	1.600	2.068	0.20	0.024	0.104
51277.084	0.896	1.559	2.070	0.22	0.024	0.104
51278.081	0.899	1.603	2.051	0.19	0.024	0.103
51279.078	0.902	1.673	2.077	0.17	0.025	0.104
51280.075	0.898	1.620	2.040	0.18	0.025	0.102
51281.073	0.901	1.741	2.086	0.14	0.026	0.104
51282.070	0.899	1.632	2.051	0.17	0.025	0.103
51283.067	0.896	1.651	2.005	0.15	0.025	0.100
51284.064	0.898	1.569	1.890	0.14	0.024	0.095
51285.062	0.897	1.618	2.013	0.17	0.025	0.101
51286.060	0.899	1.607	2.063	0.19	0.024	0.103
51287.057	0.901	1.675	2.110	0.18	0.025	0.106
51288.054	0.899	1.661	2.169	0.20	0.025	0.109
51289.051	0.899	1.687	2.065	0.16	0.026	0.103
51290.048	0.898	1.576	2.051	0.20	0.024	0.103
51291.046	0.900	1.633	2.089	0.19	0.025	0.105
51293.040	0.897	1.613	1.958	0.15	0.024	0.098
51294.037	0.902	1.600	1.992	0.17	0.024	0.100
51295.034	0.897	1.657	2.017	0.15	0.025	0.101
51296.032	0.901	1.704	1.981	0.12	0.026	0.099
51297.029	0.898	1.699	2.009	0.13	0.026	0.101
51310.991	0.903	1.754	2.160	0.16	0.027	0.108
51312.985	0.899	1.769	2.082	0.12	0.027	0.104
51315.978	0.899	1.664	1.963	0.13	0.025	0.098
51316.975	0.896	1.672	2.190	0.21	0.025	0.110
51317.972	0.897	1.719	2.042	0.13	0.026	0.102
51318.969	0.896	1.612	1.832	0.10	0.024	0.092
51319.967	0.900	1.620	1.989	0.16	0.025	0.100
51322.958	0.900	-1.000	-1.000	-10.00	0.000	0.000
51326.947	0.899	1.652	2.073	0.17	0.025	0.104
51326.947	0.899	1.652	2.073	0.17	0.025	0.104
51327.944	0.896	1.584	2.074	0.21	0.024	0.104
51328.941	0.896	1.671	2.112	0.18	0.025	0.106
51329.939	0.900	1.820	2.178	0.14	0.028	0.109
51330.937	0.899	1.833	2.100	0.10	0.028	0.105
51331.934	0.897	1.736	2.162	0.17	0.026	0.108
51332.931	0.901	1.715	1.987	0.11	0.026	0.100
51333.928	0.897	1.670	2.134	0.19	0.025	0.107
51334.926	0.899	1.709	2.170	0.18	0.026	0.109
51335.923	0.901	1.641	2.061	0.17	0.025	0.103
51336.920	0.903	1.657	2.099	0.18	0.025	0.105
51337.917	0.900	1.647	2.063	0.17	0.025	0.103
51338.914	0.902	1.674	2.066	0.16	0.025	0.103
51339.912	0.899	1.687	1.594	-0.04	0.026	0.080
51340.909	0.899	1.748	1.974	0.09	0.026	0.099
51341.906	0.902	1.872	2.074	0.08	0.028	0.104
51342.903	0.898	1.865	1.999	0.05	0.028	0.100
51343.900	0.903	1.845	2.007	0.06	0.028	0.101
51344.898	0.898	1.802	2.065	0.10	0.027	0.103
51345.896	0.901	1.817	2.079	0.10	0.028	0.104
51346.893	0.897	1.831	2.015	0.07	0.028	0.101
51347.890	0.895	1.805	2.113	0.12	0.027	0.106
51348.887	0.899	1.770	2.141	0.15	0.027	0.107
51349.885	0.898	1.790	2.043	0.10	0.027	0.102
51350.882	0.902	1.740	2.102	0.14	0.026	0.105
51351.879	0.896	1.729	2.120	0.16	0.026	0.106
51352.876	0.897	1.723	2.077	0.14	0.026	0.104
51353.873	0.898	1.626	1.994	0.16	0.025	0.100
51354.871	0.898	1.615	1.978	0.16	0.025	0.099
51356.865	0.896	1.744	1.993	0.10	0.026	0.100
51357.862	0.902	1.723	2.318	0.23	0.026	0.116
51358.859	0.899	1.672	2.345	0.26	0.025	0.117
51359.857	0.897	1.743	2.106	0.14	0.026	0.105
51360.854	0.896	1.745	2.168	0.17	0.026	0.109
51361.852	0.898	1.679	2.186	0.20	0.025	0.109
51362.849	0.903	1.807	2.307	0.19	0.027	0.115
51366.838	0.899	1.702	1.993	0.12	0.026	0.100
51367.835	0.900	1.826	2.220	0.15	0.028	0.111
51369.830	0.901	1.764	2.041	0.11	0.027	0.102
51370.827	0.899	1.822	2.193	0.14	0.028	0.110
51371.824	0.900	1.206	2.097	0.42	0.018	0.105
51372.821	0.899	1.827	2.083	0.10	0.028	0.104
51373.818	0.897	1.937	2.339	0.14	0.029	0.117
51375.813	0.898	1.858	2.081	0.09	0.028	0.104
51376.811	0.897	1.901	2.098	0.08	0.029	0.105
51377.808	0.896	1.911	2.318	0.15	0.029	0.116
51378.805	0.898	1.794	2.238	0.17	0.027	0.112
51379.804	0.936	1.694	2.285	0.23	0.026	0.114
51380.801	0.930	1.840	2.235	0.15	0.028	0.112
51382.796	0.932	1.783	2.252	0.18	0.027	0.113
51383.793	0.931	1.853	2.136	0.11	0.028	0.107
51384.790	0.932	1.638	2.144	0.21	0.025	0.107
51389.776	0.932	1.502	2.112	0.26	0.023	0.106
51390.773	0.928	1.319	2.120	0.36	0.020	0.106
51391.771	0.931	1.295	2.144	0.39	0.020	0.107
51392.769	0.933	0.976	1.961	0.54	0.015	0.098
51393.766	0.931	-1.000	1.667	-10.00	0.000	0.084
51396.757	0.929	1.241	2.183	0.43	0.019	0.109
51397.755	0.929	1.710	2.167	0.18	0.026	0.108
51398.752	0.930	1.824	2.246	0.16	0.028	0.112
51399.531	-4.318	0.314	0.082	-1.03	0.006	0.007
51399.750	0.960	1.732	2.225	0.19	0.026	0.111
51400.746	0.928	1.720	2.147	0.17	0.026	0.108
51401.743	0.929	1.796	2.091	0.12	0.027	0.105
51403.727	0.654	1.874	2.119	0.09	0.028	0.106
51404.724	0.652	1.844	2.001	0.06	0.028	0.100
51405.722	0.655	1.765	1.959	0.08	0.027	0.098
51406.719	0.650	1.673	2.002	0.14	0.025	0.100
51407.716	0.650	1.818	2.093	0.11	0.028	0.105
51408.713	0.653	1.863	2.090	0.09	0.028	0.105
51410.708	0.653	1.880	2.241	0.14	0.028	0.112
51411.705	0.650	1.828	2.091	0.10	0.028	0.105
51413.699	0.652	1.844	2.316	0.17	0.028	0.116
51414.696	0.649	1.836	2.147	0.12	0.028	0.108
51415.694	0.654	1.895	1.604	-0.13	0.029	0.080
51417.688	0.652	1.924	1.930	0.00	0.029	0.097
51418.686	0.652	1.834	2.011	0.07	0.028	0.101
51419.683	0.650	1.822	1.948	0.05	0.028	0.098
51420.681	0.653	1.900	2.095	0.08	0.029	0.105
51421.678	0.653	1.857	2.055	0.08	0.028	0.103
51422.675	0.653	1.865	2.142	0.11	0.028	0.107
51424.669	0.654	1.784	2.089	0.12	0.027	0.105
51425.667	0.653	1.924	2.263	0.12	0.029	0.113
51426.664	0.653	1.875	2.362	0.18	0.028	0.118
51427.661	0.650	1.904	2.434	0.19	0.029	0.122
51428.658	0.650	1.936	2.116	0.07	0.029	0.106
51429.655	0.651	1.941	2.022	0.03	0.029	0.101
51431.650	0.654	1.955	2.106	0.06	0.030	0.105
51432.647	0.652	1.949	2.027	0.03	0.029	0.102
51433.645	0.653	1.905	2.049	0.06	0.029	0.103
51434.642	0.653	1.932	2.099	0.06	0.029	0.105
51435.640	0.653	1.941	2.149	0.08	0.029	0.108
51436.637	0.654	2.000	2.138	0.05	0.030	0.107
51438.631	0.652	1.981	2.176	0.07	0.030	0.109
51439.628	0.653	1.933	2.172	0.09	0.029	0.109
51440.626	0.652	1.922	2.249	0.12	0.029	0.113
51441.623	0.651	1.924	2.439	0.18	0.029	0.122
51442.620	0.653	1.954	2.214	0.10	0.030	0.111
51443.617	0.651	1.965	2.119	0.06	0.030	0.106
51445.612	0.652	1.961	2.233	0.10	0.030	0.112
51446.609	0.651	1.956	2.156	0.08	0.030	0.108
51447.606	0.652	2.045	2.057	0.00	0.031	0.103
51453.590	0.653	2.097	2.292	0.07	0.032	0.115
51454.588	0.653	2.131	2.296	0.06	0.032	0.115
51455.585	0.651	2.032	2.117	0.03	0.031	0.106
51456.582	0.651	1.973	2.235	0.10	0.030	0.112
51457.579	0.649	1.999	2.232	0.08	0.030	0.112
51458.576	0.650	2.055	2.513	0.15	0.031	0.126
51459.574	0.652	2.027	2.352	0.11	0.031	0.118
51460.571	0.653	2.113	2.323	0.07	0.032	0.116
51461.568	0.652	2.063	2.313	0.09	0.031	0.116
51462.565	0.653	2.088	2.240	0.05	0.032	0.112
51463.562	0.649	2.096	2.282	0.06	0.032	0.114
51464.561	0.652	2.122	2.238	0.04	0.032	0.112
51466.555	0.653	2.055	2.156	0.04	0.031	0.108
51467.552	0.652	2.064	2.175	0.04	0.031	0.109
51468.549	0.654	1.981	2.153	0.06	0.030	0.108
51469.547	0.652	2.028	2.150	0.05	0.031	0.108
51470.544	0.653	2.051	2.311	0.09	0.031	0.116
51471.541	0.652	2.050	2.298	0.09	0.031	0.115
51472.535	0.571	2.026	2.438	0.14	0.031	0.122
51474.532	0.649	2.063	2.020	-0.02	0.031	0.101
51475.530	0.650	2.079	1.257	-0.38	0.031	0.063
51476.527	0.650	2.119	2.134	0.00	0.032	0.107
51477.524	0.652	2.160	2.265	0.04	0.033	0.113
51478.521	0.649	2.105	2.130	0.01	0.032	0.107
51479.520	0.650	2.150	2.336	0.06	0.032	0.117
51480.517	0.653	2.084	2.218	0.05	0.031	0.111
51484.506	0.650	2.079	2.122	0.02	0.031	0.106
51486.500	0.651	2.157	2.744	0.18	0.033	0.137
51487.497	0.650	2.028	2.283	0.09	0.031	0.114
51488.494	0.649	2.150	2.161	0.00	0.032	0.108
51489.492	0.652	2.110	2.257	0.05	0.032	0.113
51490.489	0.648	1.988	2.345	0.13	0.030	0.117
51491.486	0.652	1.987	2.251	0.10	0.030	0.113
51492.483	0.652	2.125	2.325	0.07	0.032	0.116
51493.480	0.650	2.169	2.353	0.06	0.033	0.118
51494.479	0.653	2.166	2.363	0.07	0.033	0.118
51495.476	0.650	2.173	2.348	0.06	0.033	0.118
51496.473	0.650	2.240	2.413	0.06	0.034	0.121
51497.470	0.654	2.183	2.390	0.07	0.033	0.120
51498.468	0.652	2.289	2.434	0.05	0.035	0.122
51499.465	0.650	2.179	2.667	0.16	0.033	0.133
51500.462	0.653	2.299	2.826	0.16	0.035	0.141
51501.459	0.652	2.239	2.509	0.09	0.034	0.126
51502.456	0.653	2.293	2.478	0.06	0.035	0.124
51503.454	0.652	2.255	2.552	0.09	0.034	0.128
51504.451	0.652	2.224	2.627	0.13	0.034	0.131
51506.445	0.653	2.265	2.686	0.13	0.034	0.134
51509.438	0.651	2.391	2.790	0.12	0.036	0.140
51510.436	0.667	2.361	2.726	0.11	0.036	0.136
51511.432	0.652	2.474	2.684	0.06	0.037	0.134
51512.430	0.658	2.428	2.832	0.12	0.037	0.142
51513.426	0.647	2.417	2.812	0.12	0.036	0.141
51514.424	0.651	2.396	2.964	0.16	0.036	0.148
51515.421	0.651	2.374	2.853	0.14	0.036	0.143
51516.418	0.651	2.384	2.874	0.14	0.036	0.144
51517.415	0.651	2.336	2.734	0.12	0.035	0.137
51518.412	0.649	2.336	2.667	0.10	0.035	0.133
51519.410	0.648	2.350	2.846	0.15	0.035	0.142
51520.407	0.652	2.397	2.703	0.09	0.036	0.135
51521.404	0.652	2.374	2.821	0.13	0.036	0.141
51522.401	0.650	2.420	3.669	0.32	0.036	0.184
51526.391	0.652	2.389	2.167	-0.08	0.036	0.108
51527.388	0.650	2.501	2.971	0.13	0.038	0.149
51528.385	0.647	2.439	2.794	0.10	0.037	0.140
51529.383	0.648	2.482	3.099	0.17	0.037	0.155
51530.380	0.650	2.477	3.241	0.21	0.037	0.162
51531.377	0.650	2.394	3.081	0.19	0.036	0.154
51532.374	0.653	2.385	2.910	0.15	0.036	0.146
51533.372	0.649	2.443	3.011	0.16	0.037	0.151
51534.369	0.656	2.435	1.901	-0.19	0.037	0.095
51541.350	0.651	2.549	2.980	0.12	0.038	0.149
51542.347	0.649	2.553	3.018	0.13	0.038	0.151
51543.345	0.651	2.503	3.440	0.24	0.038	0.172
51549.328	0.651	2.667	2.850	0.05	0.040	0.143
51550.325	0.653	2.620	2.874	0.07	0.039	0.144
51551.322	0.652	2.644	2.803	0.05	0.040	0.140
51552.320	0.652	2.676	2.715	0.01	0.040	0.136
51553.317	0.651	2.517	2.730	0.06	0.038	0.137
51554.314	0.652	2.614	2.708	0.03	0.039	0.136
51558.304	0.652	2.508	2.829	0.09	0.038	0.142
51559.301	0.649	2.613	2.422	-0.06	0.039	0.121
51560.298	0.649	2.605	3.018	0.11	0.039	0.151
51561.295	0.650	2.539	3.371	0.22	0.038	0.169
51562.293	0.650	2.637	2.993	0.10	0.040	0.150
51565.284	0.648	2.625	2.682	0.02	0.040	0.134
51566.281	0.651	2.521	2.457	-0.02	0.038	0.123
51570.271	0.651	2.499	2.504	0.00	0.038	0.125
51571.268	0.648	2.470	2.513	0.01	0.037	0.126
51572.266	0.650	2.534	2.923	0.11	0.038	0.146
51575.257	0.648	2.552	2.655	0.03	0.038	0.133
51576.254	0.651	2.508	2.744	0.07	0.038	0.137
51577.252	0.651	2.475	2.627	0.05	0.037	0.131
51578.249	0.652	2.468	2.101	-0.12	0.037	0.105
51580.243	0.650	2.495	2.547	0.02	0.038	0.127
51581.240	0.650	2.376	2.498	0.04	0.036	0.125
51582.238	0.653	2.407	2.401	0.00	0.036	0.120
51583.235	0.652	2.421	2.831	0.12	0.037	0.142
51584.232	0.651	2.468	2.498	0.01	0.037	0.125
51585.229	0.651	2.343	2.383	0.01	0.035	0.119
51586.228	0.654	2.417	2.419	0.00	0.036	0.121
51587.225	0.649	2.381	2.278	-0.03	0.036	0.114
51588.222	0.649	2.175	2.194	0.01	0.033	0.110
51589.219	0.649	2.215	2.391	0.06	0.033	0.120
51590.216	0.648	2.305	2.389	0.03	0.035	0.120
51591.213	0.649	2.440	2.381	-0.02	0.037	0.119
51592.211	0.650	2.441	2.344	-0.03	0.037	0.117
51598.194	0.654	2.310	2.350	0.01	0.035	0.118
51599.191	0.655	2.294	2.304	0.00	0.035	0.115
51600.188	0.652	2.222	2.297	0.03	0.034	0.115
51601.187	0.652	2.279	2.314	0.01	0.034	0.116
51602.184	0.653	2.256	2.252	0.00	0.034	0.113
51603.181	0.649	2.395	2.235	-0.05	0.036	0.112
51604.178	0.654	2.217	2.078	-0.05	0.033	0.104
51605.175	0.649	2.339	2.253	-0.03	0.035	0.113
51606.173	0.652	2.329	2.192	-0.05	0.035	0.110
51607.170	0.649	2.211	2.042	-0.06	0.033	0.102
51610.162	0.656	2.347	2.206	-0.05	0.035	0.110
51611.158	0.649	1.681	1.587	-0.04	0.025	0.080
51612.156	0.654	2.254	2.153	-0.04	0.034	0.108
51613.153	0.652	2.217	2.148	-0.02	0.033	0.108
51614.150	0.653	2.140	1.991	-0.05	0.032	0.100
51615.148	0.655	2.062	1.985	-0.03	0.031	0.099
51616.145	0.649	2.107	2.064	-0.02	0.032	0.103
51617.143	0.649	2.100	2.037	-0.02	0.032	0.102
51618.140	0.649	2.147	2.003	-0.05	0.032	0.100
51619.137	0.653	2.140	2.033	-0.04	0.032	0.102
51620.135	0.654	2.177	2.203	0.01	0.033	0.110
51621.131	0.649	2.104	2.118	0.00	0.032	0.106
51622.129	0.651	2.086	1.886	-0.08	0.032	0.094
51623.126	0.652	2.010	1.811	-0.08	0.030	0.091
51624.123	0.650	2.042	2.024	-0.01	0.031	0.101
51625.120	0.652	1.953	1.853	-0.04	0.030	0.093
51626.118	0.655	1.922	1.851	-0.03	0.029	0.093
51627.115	0.653	1.946	1.777	-0.07	0.029	0.089
51628.112	0.650	2.124	1.795	-0.13	0.032	0.090
51629.109	0.653	1.952	1.780	-0.07	0.030	0.089
51630.107	0.655	1.916	1.759	-0.06	0.029	0.088
51631.104	0.653	1.884	1.951	0.03	0.029	0.098
51633.099	0.654	1.913	1.695	-0.09	0.029	0.085
51638.085	0.655	1.819	1.632	-0.08	0.028	0.082
51639.082	0.651	1.814	1.688	-0.05	0.027	0.085
51640.079	0.651	1.760	1.658	-0.05	0.027	0.083
51641.077	0.651	1.915	1.777	-0.06	0.029	0.089
51646.063	0.650	1.746	1.552	-0.09	0.026	0.078
51647.061	0.651	1.764	1.611	-0.07	0.027	0.081
51648.058	0.652	1.723	1.582	-0.06	0.026	0.079
51649.055	0.650	1.674	1.654	-0.01	0.025	0.083
51650.052	0.650	1.746	1.600	-0.07	0.026	0.080
51651.050	0.651	1.748	1.632	-0.05	0.026	0.082
51652.047	0.651	1.637	1.074	-0.32	0.025	0.054
51653.044	0.654	1.694	1.634	-0.03	0.026	0.082
51654.041	0.652	1.647	1.581	-0.03	0.025	0.079
51659.027	0.652	1.640	1.679	0.02	0.025	0.084
51660.025	0.655	1.613	1.633	0.01	0.024	0.082
51661.022	0.652	1.559	1.519	-0.02	0.024	0.076
51662.020	0.654	1.513	1.500	-0.01	0.023	0.075
51663.017	0.653	1.543	1.348	-0.10	0.023	0.068
51664.014	0.652	1.554	1.539	-0.01	0.024	0.077
51665.012	0.652	1.593	1.484	-0.05	0.024	0.074
51798.642	0.554	1.168	1.271	0.06	0.018	0.064
51798.646	0.658	1.172	1.246	0.05	0.018	0.063
51798.648	0.725	1.186	1.320	0.08	0.018	0.066
51799.639	0.556	1.198	1.518	0.18	0.018	0.076
51803.628	0.558	1.231	1.577	0.19	0.019	0.079
51806.620	0.557	1.220	1.402	0.11	0.019	0.070
51807.616	0.550	1.231	1.656	0.23	0.019	0.083
51809.611	0.555	1.248	1.590	0.19	0.019	0.080
51810.608	0.556	1.305	1.654	0.18	0.020	0.083
51812.604	0.555	1.224	1.096	-0.09	0.019	0.055
51813.601	0.554	1.274	1.557	0.15	0.019	0.078
51814.598	0.558	1.309	1.575	0.14	0.020	0.079
51816.592	0.555	1.277	1.654	0.20	0.020	0.083
51817.590	0.556	1.284	1.510	0.12	0.020	0.076
51818.587	0.554	1.326	1.638	0.16	0.020	0.082
51819.584	0.553	1.295	1.595	0.16	0.020	0.080
51820.581	0.550	1.236	1.522	0.16	0.019	0.076
51821.579	0.558	1.232	1.655	0.23	0.019	0.083
