50410.471	0.179	0.729	0.885	0.15	0.012	0.045
50414.429	-0.573	0.767	0.902	0.12	0.012	0.045
50424.401	-0.572	0.734	0.898	0.15	0.012	0.045
50425.398	-0.575	0.675	0.213	-0.88	0.011	0.012
50426.396	-0.572	0.750	0.864	0.11	0.012	0.044
50631.812	-1.073	0.524	0.504	-0.03	0.009	0.026
50632.810	-1.070	0.509	0.461	-0.08	0.008	0.024
50633.807	-1.072	0.493	0.504	0.02	0.008	0.026
50634.805	-1.070	0.496	0.501	0.01	0.008	0.026
50635.802	-1.070	0.475	0.485	0.02	0.008	0.025
50636.799	-1.070	0.455	0.498	0.07	0.008	0.026
50638.794	-1.069	0.472	-1.000	-10.00	0.008	0.000
50639.791	-1.071	0.477	0.488	0.02	0.008	0.025
50640.788	-1.070	0.483	0.471	-0.02	0.008	0.024
50641.785	-1.070	0.486	0.491	0.01	0.008	0.025
50642.782	-1.071	0.495	0.476	-0.03	0.008	0.024
50643.780	-1.070	0.475	0.483	0.01	0.008	0.025
50645.774	-1.071	0.464	0.477	0.02	0.008	0.025
50646.771	-1.071	0.462	0.490	0.05	0.008	0.025
50647.769	-1.069	0.459	0.502	0.07	0.008	0.026
50648.767	-1.070	0.487	0.469	-0.03	0.008	0.024
50649.764	-1.071	0.503	0.498	-0.01	0.008	0.026
50650.761	-1.072	0.488	0.476	-0.02	0.008	0.024
50653.764	-0.792	0.498	0.539	0.06	0.008	0.028
50654.762	-0.784	0.502	0.498	-0.01	0.008	0.026
50655.759	-0.790	0.508	0.485	-0.04	0.008	0.025
50656.756	-0.787	0.467	0.501	0.05	0.008	0.026
50657.753	-0.789	0.472	0.528	0.09	0.008	0.027
50658.749	-0.823	0.485	0.510	0.04	0.008	0.026
50659.747	-0.819	0.481	0.502	0.03	0.008	0.026
50660.744	-0.824	0.500	0.499	0.00	0.008	0.026
50661.741	-0.820	0.505	0.471	-0.05	0.008	0.024
50662.738	-0.822	0.492	0.514	0.03	0.008	0.026
50663.735	-0.818	0.492	0.470	-0.04	0.008	0.024
50664.733	-0.819	0.511	0.520	0.01	0.009	0.027
50666.728	-0.821	0.481	0.499	0.03	0.008	0.026
50667.725	-0.821	0.474	0.493	0.03	0.008	0.025
50668.722	-0.820	0.484	0.487	0.00	0.008	0.025
50669.720	-0.820	0.488	0.473	-0.02	0.008	0.024
50670.717	-0.821	0.495	0.492	0.00	0.008	0.025
50671.714	-0.819	0.494	0.500	0.01	0.008	0.026
50673.708	-0.821	0.483	0.497	0.02	0.008	0.025
50674.706	-0.821	0.495	0.509	0.02	0.008	0.026
50675.703	-0.821	0.460	0.485	0.04	0.008	0.025
50676.700	-0.821	0.469	0.480	0.02	0.008	0.025
50678.694	-0.818	0.506	0.517	0.02	0.008	0.026
50680.689	-0.820	0.497	0.506	0.01	0.008	0.026
50681.687	-0.823	0.391	0.496	0.18	0.007	0.025
50682.684	-0.821	0.491	0.476	-0.02	0.008	0.024
50683.681	-0.820	0.487	0.484	0.00	0.008	0.025
50684.679	-0.820	0.476	0.487	0.02	0.008	0.025
50685.676	-0.818	0.489	0.479	-0.02	0.008	0.025
50687.670	-0.821	0.500	0.472	-0.04	0.008	0.024
50688.667	-0.824	0.511	0.480	-0.05	0.009	0.025
50689.665	-0.821	0.494	0.470	-0.04	0.008	0.024
50690.662	-0.818	0.482	0.464	-0.03	0.008	0.024
50691.659	-0.820	0.460	0.452	-0.01	0.008	0.023
50692.656	-0.818	0.450	0.442	-0.01	0.008	0.023
50694.651	-0.820	0.474	0.474	0.00	0.008	0.024
50697.643	-0.819	0.483	0.455	-0.05	0.008	0.023
50698.641	-0.818	0.468	0.437	-0.05	0.008	0.023
50699.638	-0.820	0.461	0.425	-0.06	0.008	0.022
50701.632	-0.820	0.443	0.430	-0.02	0.008	0.022
50702.629	-0.821	0.483	0.431	-0.09	0.008	0.022
50703.626	-0.820	0.453	0.456	0.00	0.008	0.024
50704.624	-0.818	0.442	0.435	-0.01	0.008	0.022
50705.621	-0.820	0.460	0.442	-0.03	0.008	0.023
50706.618	-0.822	0.477	0.430	-0.08	0.008	0.022
50708.612	-0.821	0.460	0.456	-0.01	0.008	0.024
50709.610	-0.821	0.461	0.446	-0.03	0.008	0.023
50710.607	-0.819	0.443	0.418	-0.05	0.008	0.022
50711.604	-0.820	0.447	0.427	-0.04	0.008	0.022
50713.599	-0.822	0.476	0.436	-0.07	0.008	0.023
50715.594	-0.822	0.435	0.412	-0.04	0.008	0.021
50716.591	-0.821	0.463	0.439	-0.04	0.008	0.023
50717.588	-0.822	0.405	0.441	0.06	0.007	0.023
50718.585	-0.821	0.456	0.433	-0.04	0.008	0.022
50719.583	-0.821	0.464	0.483	0.03	0.008	0.025
50720.580	-0.819	0.449	0.468	0.03	0.008	0.024
50722.574	-0.820	0.472	0.440	-0.05	0.008	0.023
50723.572	-0.819	0.474	0.431	-0.07	0.008	0.022
50724.569	-0.823	0.471	0.416	-0.09	0.008	0.022
50725.566	-0.822	0.480	0.429	-0.09	0.008	0.022
50726.563	-0.820	0.476	0.425	-0.09	0.008	0.022
50727.561	-0.824	0.471	0.427	-0.08	0.008	0.022
50729.556	-0.822	0.454	0.430	-0.04	0.008	0.022
50730.553	-0.821	0.454	0.412	-0.07	0.008	0.021
50731.550	-0.820	0.460	0.419	-0.07	0.008	0.022
50732.547	-0.819	0.452	0.418	-0.06	0.008	0.022
50733.545	-0.822	0.446	0.418	-0.05	0.008	0.022
50734.542	-0.819	0.449	0.410	-0.07	0.008	0.021
50736.536	-0.822	0.454	0.402	-0.09	0.008	0.021
50737.533	-0.823	0.449	0.395	-0.10	0.008	0.021
50738.531	-0.819	0.458	0.428	-0.05	0.008	0.022
50739.528	-0.818	0.450	0.418	-0.06	0.008	0.022
50740.525	-0.818	0.429	0.408	-0.04	0.007	0.021
50741.522	-0.821	0.446	0.405	-0.07	0.008	0.021
50743.518	-0.822	0.443	0.401	-0.08	0.008	0.021
50744.515	-0.823	0.474	0.420	-0.09	0.008	0.022
50745.512	-0.823	0.468	0.419	-0.09	0.008	0.022
50746.509	-0.822	0.413	0.410	-0.01	0.007	0.021
50747.506	-0.820	0.404	0.437	0.06	0.007	0.023
50748.504	-0.821	0.432	0.445	0.02	0.007	0.023
50749.501	-0.825	0.401	0.400	0.00	0.007	0.021
50750.498	-0.820	0.391	0.406	0.03	0.007	0.021
50751.495	-0.821	0.444	0.408	-0.06	0.008	0.021
50752.492	-0.821	0.453	0.397	-0.10	0.008	0.021
50753.490	-0.821	0.415	0.283	-0.29	0.007	0.015
50754.487	-0.817	0.425	0.371	-0.10	0.007	0.019
50755.484	-0.820	0.420	0.380	-0.08	0.007	0.020
50756.481	-0.819	0.376	0.310	-0.15	0.007	0.017
50757.479	-0.820	0.429	0.381	-0.09	0.007	0.020
50758.477	-0.823	0.446	0.411	-0.06	0.008	0.021
50759.474	-0.820	0.435	0.416	-0.03	0.008	0.022
50761.468	-0.819	0.437	0.414	-0.04	0.008	0.021
50762.466	-0.820	0.438	0.395	-0.08	0.008	0.021
50763.463	-0.819	0.444	0.410	-0.06	0.008	0.021
50764.460	-0.822	0.428	0.372	-0.11	0.007	0.019
50765.457	-0.823	0.432	0.405	-0.05	0.007	0.021
50766.454	-0.820	0.438	0.383	-0.10	0.008	0.020
50767.451	-0.822	0.420	0.400	-0.04	0.007	0.021
50768.449	-0.819	0.415	0.361	-0.11	0.007	0.019
50769.446	-0.825	0.416	0.409	-0.01	0.007	0.021
50770.443	-0.823	0.426	0.416	-0.02	0.007	0.022
50771.440	-0.821	0.417	0.401	-0.03	0.007	0.021
50772.438	-0.821	0.411	0.384	-0.05	0.007	0.020
50773.436	-0.819	0.420	0.406	-0.03	0.007	0.021
50774.433	-0.819	0.418	0.418	0.00	0.007	0.022
50775.430	-0.823	0.426	0.418	-0.01	0.007	0.022
50776.427	-0.822	0.423	0.416	-0.01	0.007	0.022
50777.425	-0.820	0.427	0.397	-0.06	0.007	0.021
50778.422	-0.821	0.452	0.400	-0.09	0.008	0.021
50781.413	-0.822	0.446	0.379	-0.12	0.008	0.020
50782.411	-0.820	0.430	0.389	-0.08	0.007	0.020
50783.408	-0.820	0.430	0.410	-0.04	0.007	0.021
50784.405	-0.819	0.473	0.419	-0.09	0.008	0.022
50785.402	-0.821	0.450	0.400	-0.09	0.008	0.021
50786.399	-0.820	0.436	0.413	-0.04	0.008	0.021
50787.397	-0.822	0.433	0.388	-0.08	0.007	0.020
50788.395	-0.821	0.427	0.400	-0.05	0.007	0.021
50789.392	-0.821	0.432	0.367	-0.12	0.007	0.019
50790.389	-0.820	0.423	0.383	-0.08	0.007	0.020
50791.386	-0.824	0.416	0.383	-0.06	0.007	0.020
50792.384	-0.822	0.418	-1.000	-10.00	0.007	0.000
50793.381	-0.824	0.411	0.388	-0.04	0.007	0.020
50794.378	-0.820	0.400	0.398	0.00	0.007	0.021
50795.375	-0.823	0.410	0.384	-0.05	0.007	0.020
50796.372	-0.823	0.415	0.398	-0.03	0.007	0.021
50797.370	-0.820	0.410	0.399	-0.02	0.007	0.021
50798.367	-0.820	0.428	0.382	-0.09	0.007	0.020
50799.364	-0.821	0.416	0.379	-0.07	0.007	0.020
50800.361	-0.824	0.422	0.385	-0.07	0.007	0.020
50801.358	-0.821	0.420	0.386	-0.06	0.007	0.020
50802.356	-0.820	0.422	0.371	-0.10	0.007	0.019
50803.354	-0.821	0.402	0.384	-0.04	0.007	0.020
50804.351	-0.822	0.399	0.395	-0.01	0.007	0.021
50805.348	-0.820	0.397	0.386	-0.02	0.007	0.020
50806.345	-0.821	0.387	0.378	-0.02	0.007	0.020
50809.337	-0.826	0.432	0.480	0.08	0.007	0.025
50810.334	-0.822	0.405	0.389	-0.03	0.007	0.020
50811.331	-0.823	0.429	0.374	-0.10	0.007	0.020
50813.326	-0.824	0.413	0.371	-0.08	0.007	0.019
50816.317	-0.825	0.415	0.369	-0.09	0.007	0.019
50817.315	-0.818	0.416	0.356	-0.12	0.007	0.019
50818.312	-0.822	0.411	0.365	-0.09	0.007	0.019
50819.310	-0.820	0.405	0.368	-0.07	0.007	0.019
50820.307	-0.823	0.396	0.352	-0.09	0.007	0.019
50821.305	-0.819	0.386	0.120	-0.89	0.007	0.008
50822.302	-0.820	0.407	0.383	-0.05	0.007	0.020
50823.299	-0.821	0.401	0.365	-0.07	0.007	0.019
50824.296	-0.820	0.429	0.360	-0.13	0.007	0.019
50825.293	-0.821	0.406	0.356	-0.10	0.007	0.019
50827.288	-0.823	0.409	0.355	-0.11	0.007	0.019
50828.285	-0.821	0.411	0.331	-0.17	0.007	0.018
50829.282	-0.820	0.392	0.350	-0.09	0.007	0.018
50830.279	-0.820	0.401	0.358	-0.09	0.007	0.019
50831.277	-0.821	0.400	0.360	-0.08	0.007	0.019
50832.274	-0.820	0.389	0.372	-0.03	0.007	0.019
50833.271	-0.823	0.410	0.360	-0.10	0.007	0.019
50834.269	-0.826	0.396	0.383	-0.03	0.007	0.020
50835.266	-0.822	0.419	0.404	-0.03	0.007	0.021
50837.261	-0.820	0.416	0.403	-0.02	0.007	0.021
50838.258	-0.822	0.399	0.375	-0.05	0.007	0.020
50839.255	-0.822	0.416	0.407	-0.02	0.007	0.021
50840.252	-0.821	0.411	0.387	-0.05	0.007	0.020
50842.247	-0.823	0.435	0.397	-0.07	0.008	0.021
50843.244	-0.821	0.423	0.393	-0.06	0.007	0.020
50844.241	-0.822	0.391	0.392	0.00	0.007	0.020
50845.238	-0.821	0.404	0.393	-0.02	0.007	0.020
50846.236	-0.821	0.396	0.384	-0.02	0.007	0.020
50847.233	-0.822	0.392	0.382	-0.02	0.007	0.020
50849.228	-0.821	0.399	0.397	0.00	0.007	0.021
50850.225	-0.823	0.403	0.415	0.02	0.007	0.022
50851.223	-0.821	0.406	0.428	0.04	0.007	0.022
50852.220	-0.821	0.438	0.395	-0.08	0.008	0.021
50853.217	-0.820	0.395	0.391	-0.01	0.007	0.020
50854.214	-0.819	0.391	0.390	0.00	0.007	0.020
50855.211	-0.823	0.400	0.420	0.04	0.007	0.022
50856.209	-0.822	0.404	0.422	0.03	0.007	0.022
50857.206	-0.822	0.413	0.418	0.01	0.007	0.022
50858.203	-0.823	0.380	0.408	0.05	0.007	0.021
50859.200	-0.821	0.384	0.429	0.09	0.007	0.022
50860.198	-0.819	0.392	0.424	0.06	0.007	0.022
50861.195	-0.820	0.416	0.459	0.08	0.007	0.024
50862.192	-0.823	0.403	0.442	0.07	0.007	0.023
50863.189	-0.822	0.421	0.450	0.05	0.007	0.023
50864.187	-0.822	0.384	0.445	0.11	0.007	0.023
50865.184	-0.823	0.414	0.456	0.07	0.007	0.024
50866.182	-0.820	0.389	0.443	0.10	0.007	0.023
50867.179	-0.821	0.388	0.379	-0.02	0.007	0.020
50870.171	-0.819	0.402	0.431	0.05	0.007	0.022
50871.168	-0.822	0.407	0.432	0.05	0.007	0.022
50872.165	-0.822	0.399	0.432	0.06	0.007	0.022
50873.162	-0.819	0.404	0.413	0.02	0.007	0.021
50874.159	-0.821	0.403	0.446	0.08	0.007	0.023
50875.157	-0.822	0.423	0.437	0.03	0.007	0.023
50876.154	-0.821	0.396	0.435	0.07	0.007	0.022
50877.151	-0.825	0.420	0.458	0.07	0.007	0.024
50878.148	-0.822	0.393	0.420	0.05	0.007	0.022
50879.146	-0.824	0.383	0.418	0.07	0.007	0.022
50880.144	-0.822	0.398	0.462	0.11	0.007	0.024
50881.141	-0.819	0.420	0.474	0.09	0.007	0.024
50882.138	-0.822	0.386	0.468	0.15	0.007	0.024
50883.135	-0.826	0.389	0.448	0.11	0.007	0.023
50884.132	-0.825	0.400	0.420	0.04	0.007	0.022
50885.130	-0.822	0.406	0.429	0.04	0.007	0.022
50886.127	-0.824	0.390	0.410	0.04	0.007	0.021
50887.124	-0.821	0.399	0.392	-0.01	0.007	0.020
50888.121	-0.821	0.426	0.412	-0.03	0.007	0.021
50889.118	-0.821	0.418	0.425	0.01	0.007	0.022
50890.116	-0.823	0.407	0.437	0.05	0.007	0.023
50891.113	-0.824	0.430	0.398	-0.06	0.007	0.021
50892.110	-0.823	0.435	0.444	0.02	0.008	0.023
50893.107	-0.820	0.447	0.510	0.10	0.008	0.026
50894.104	-0.824	0.434	0.463	0.05	0.007	0.024
50895.103	-0.821	0.468	0.452	-0.03	0.008	0.023
50896.100	-0.824	0.426	0.443	0.03	0.007	0.023
50897.097	-0.821	0.456	0.439	-0.03	0.008	0.023
50898.094	-0.821	0.451	0.422	-0.05	0.008	0.022
50899.092	-0.821	0.417	0.432	0.03	0.007	0.022
50900.089	-0.822	0.459	0.441	-0.03	0.008	0.023
50901.086	-0.820	0.415	0.421	0.01	0.007	0.022
50902.083	-0.823	0.442	0.428	-0.03	0.008	0.022
50903.080	-0.822	0.426	0.422	-0.01	0.007	0.022
50904.078	-0.820	0.428	0.462	0.06	0.007	0.024
50905.075	-0.822	0.431	0.436	0.01	0.007	0.023
50906.072	-0.821	0.414	0.445	0.05	0.007	0.023
50907.069	-0.822	0.399	0.476	0.14	0.007	0.024
50908.066	-0.822	0.410	0.387	-0.04	0.007	0.020
50909.063	-0.823	0.424	0.413	-0.02	0.007	0.021
50910.062	-0.823	0.400	0.419	0.04	0.007	0.022
50911.059	-0.823	0.401	0.423	0.04	0.007	0.022
50912.056	-0.823	0.454	0.422	-0.06	0.008	0.022
50913.053	-0.822	0.431	0.397	-0.06	0.007	0.021
50914.051	-0.821	0.429	0.417	-0.02	0.007	0.022
50915.048	-0.820	0.422	0.415	-0.01	0.007	0.022
50916.045	-0.820	0.421	0.410	-0.02	0.007	0.021
50917.042	-0.823	0.432	0.413	-0.03	0.007	0.021
50918.039	-0.823	0.438	0.430	-0.01	0.008	0.022
50919.037	-0.819	0.422	0.410	-0.02	0.007	0.021
50920.034	-0.823	0.438	0.447	0.02	0.008	0.023
50921.028	-0.893	0.449	0.429	-0.04	0.008	0.022
50922.025	-0.891	0.418	0.390	-0.05	0.007	0.020
50923.022	-0.893	0.432	0.420	-0.02	0.007	0.022
50924.021	-0.893	0.427	0.433	0.01	0.007	0.022
50925.018	-0.894	0.418	0.382	-0.07	0.007	0.020
50926.015	-0.892	0.427	0.400	-0.05	0.007	0.021
50927.012	-0.893	0.419	0.400	-0.04	0.007	0.021
50928.009	-0.893	0.427	0.401	-0.05	0.007	0.021
50929.007	-0.892	0.416	0.406	-0.02	0.007	0.021
50930.004	-0.895	0.433	0.458	0.04	0.007	0.024
50931.001	-0.894	0.429	0.424	-0.01	0.007	0.022
50931.998	-0.890	0.410	0.399	-0.02	0.007	0.021
50932.996	-0.887	0.432	0.408	-0.04	0.007	0.021
50933.993	-0.888	0.436	0.387	-0.09	0.008	0.020
50934.990	-0.895	0.432	0.363	-0.13	0.007	0.019
50935.987	-0.892	0.460	0.429	-0.05	0.008	0.022
50936.984	-0.892	0.454	0.437	-0.03	0.008	0.023
50937.981	-0.893	0.428	0.377	-0.10	0.007	0.020
50938.979	-0.894	0.456	0.425	-0.05	0.008	0.022
50939.977	-0.892	0.437	0.409	-0.05	0.008	0.021
50940.974	-0.898	0.444	0.421	-0.04	0.008	0.022
50941.971	-0.892	0.458	0.421	-0.06	0.008	0.022
50942.968	-0.892	0.448	0.440	-0.01	0.008	0.023
50943.966	-0.892	0.439	0.426	-0.02	0.008	0.022
50944.963	-0.894	0.444	0.425	-0.03	0.008	0.022
50945.960	-0.893	0.450	0.452	0.00	0.008	0.023
50946.957	-0.893	0.392	0.383	-0.02	0.007	0.020
50947.954	-0.893	0.435	0.434	0.00	0.008	0.022
50948.952	-0.892	0.441	0.429	-0.02	0.008	0.022
50949.949	-0.889	0.458	0.452	-0.01	0.008	0.023
50950.946	-0.891	0.420	0.439	0.03	0.007	0.023
50951.943	-0.890	0.408	0.426	0.03	0.007	0.022
50952.940	-0.893	0.426	0.426	0.00	0.007	0.022
50953.938	-0.894	0.429	0.429	0.00	0.007	0.022
50954.936	-0.887	0.428	0.410	-0.03	0.007	0.021
50955.933	-0.893	0.428	0.442	0.03	0.007	0.023
50956.930	-0.891	0.451	0.449	0.00	0.008	0.023
50957.929	-0.856	0.436	0.449	0.02	0.008	0.023
50958.925	-0.893	0.435	0.449	0.02	0.008	0.023
50959.922	-0.896	0.436	0.453	0.03	0.008	0.023
50960.919	-0.894	0.403	0.420	0.03	0.007	0.022
50961.916	-0.891	0.380	0.419	0.08	0.007	0.022
50962.913	-0.894	0.419	0.433	0.03	0.007	0.022
50963.911	-0.893	0.419	0.425	0.01	0.007	0.022
50964.908	-0.892	0.426	0.442	0.03	0.007	0.023
50965.905	-0.892	0.420	0.437	0.03	0.007	0.023
50966.902	-0.894	0.429	0.386	-0.08	0.007	0.020
50967.899	-0.895	0.434	0.412	-0.04	0.007	0.021
50968.897	-0.890	0.415	0.382	-0.06	0.007	0.020
50969.895	-0.890	0.423	0.353	-0.14	0.007	0.019
50970.892	-0.893	0.422	0.406	-0.03	0.007	0.021
50971.889	-0.893	0.390	0.419	0.05	0.007	0.022
50973.884	-0.893	0.408	0.427	0.04	0.007	0.022
50974.881	-0.891	0.416	0.412	-0.01	0.007	0.021
50975.878	-0.893	0.427	0.423	-0.01	0.007	0.022
50976.875	-0.891	0.427	0.405	-0.04	0.007	0.021
50977.873	-0.893	0.420	0.428	0.01	0.007	0.022
50978.870	-0.890	0.408	0.379	-0.06	0.007	0.020
50979.867	-0.891	0.405	0.421	0.03	0.007	0.022
50980.864	-0.894	0.401	0.410	0.02	0.007	0.021
50981.861	-0.891	0.417	0.361	-0.11	0.007	0.019
50982.859	-0.890	0.414	0.413	0.00	0.007	0.021
50983.856	-0.895	0.408	0.392	-0.03	0.007	0.020
50984.854	-0.890	0.425	0.405	-0.04	0.007	0.021
50985.851	-0.894	0.430	0.427	0.00	0.007	0.022
50986.848	-0.892	0.464	0.284	-0.38	0.008	0.015
50987.846	-0.892	0.424	0.449	0.04	0.007	0.023
50988.843	-0.891	0.446	0.410	-0.06	0.008	0.021
50989.840	-0.893	0.276	0.236	-0.12	0.006	0.013
50990.838	-0.880	0.439	0.409	-0.05	0.008	0.021
50991.834	-0.892	0.390	0.424	0.06	0.007	0.022
50992.831	-0.895	0.452	0.436	-0.03	0.008	0.023
50993.829	-0.897	0.390	0.471	0.14	0.007	0.024
50994.826	-0.893	0.418	0.453	0.06	0.007	0.023
50995.823	-0.894	0.419	0.439	0.04	0.007	0.023
50996.820	-0.894	0.429	0.422	-0.01	0.007	0.022
50997.817	-0.897	0.405	0.397	-0.01	0.007	0.021
50998.815	-0.896	0.419	0.330	-0.18	0.007	0.017
50999.812	-0.897	0.402	0.390	-0.02	0.007	0.020
51000.810	-0.890	0.405	0.414	0.02	0.007	0.021
51001.807	-0.893	0.423	0.417	-0.01	0.007	0.022
51002.805	-0.893	0.411	0.444	0.06	0.007	0.023
51004.799	-0.892	0.423	0.404	-0.04	0.007	0.021
51005.796	-0.890	0.407	0.386	-0.04	0.007	0.020
51006.793	-0.893	0.423	0.405	-0.03	0.007	0.021
51007.791	-0.893	0.397	0.432	0.06	0.007	0.022
51008.788	-0.891	0.393	0.384	-0.02	0.007	0.020
51009.785	-0.895	0.388	0.404	0.03	0.007	0.021
51011.780	-0.890	0.411	0.343	-0.14	0.007	0.018
51012.777	-0.893	0.408	0.393	-0.03	0.007	0.020
51013.774	-0.892	0.396	0.378	-0.04	0.007	0.020
51014.771	-0.893	0.389	0.419	0.06	0.007	0.022
51015.769	-0.892	0.381	0.392	0.02	0.007	0.020
51016.767	-0.889	0.402	0.410	0.01	0.007	0.021
51018.761	-0.897	0.392	0.410	0.03	0.007	0.021
51019.758	-0.894	0.399	0.402	0.01	0.007	0.021
51020.755	-0.893	0.380	0.392	0.02	0.007	0.020
51021.752	-0.896	0.364	0.422	0.11	0.007	0.022
51022.750	-0.893	0.419	0.408	-0.02	0.007	0.021
51023.747	-0.891	0.393	0.437	0.08	0.007	0.023
51024.744	-0.895	0.399	0.444	0.08	0.007	0.023
51025.741	-0.893	0.402	0.411	0.02	0.007	0.021
51026.738	-0.895	0.401	0.418	0.03	0.007	0.022
51027.736	-0.892	0.408	0.388	-0.04	0.007	0.020
51028.733	-0.892	0.419	0.387	-0.06	0.007	0.020
51029.730	-0.890	0.390	0.387	-0.01	0.007	0.020
51030.728	-0.893	0.393	0.391	0.00	0.007	0.020
51032.723	-0.893	0.400	0.397	-0.01	0.007	0.021
51033.720	-0.893	0.398	0.401	0.01	0.007	0.021
51034.717	-0.891	0.404	0.389	-0.03	0.007	0.020
51035.714	-0.894	0.388	0.340	-0.10	0.007	0.018
51036.715	-0.807	0.328	0.389	0.13	0.006	0.020
51037.709	-0.893	0.415	0.389	-0.05	0.007	0.020
51039.703	-0.893	0.371	0.441	0.13	0.007	0.023
51041.697	-0.896	0.369	0.397	0.06	0.007	0.021
51044.689	-0.892	0.436	0.402	-0.06	0.008	0.021
51046.685	-0.891	0.382	0.423	0.08	0.007	0.022
51047.682	-0.894	0.401	0.418	0.03	0.007	0.022
51048.679	-0.893	0.401	0.406	0.01	0.007	0.021
51049.676	-0.892	0.405	0.368	-0.07	0.007	0.019
51050.673	-0.894	0.407	0.408	0.00	0.007	0.021
51051.671	-0.884	0.420	0.479	0.10	0.007	0.025
51053.665	-0.891	0.333	0.355	0.05	0.006	0.019
51054.662	-0.888	0.384	0.436	0.10	0.007	0.023
51055.659	-0.891	0.375	0.386	0.02	0.007	0.020
51056.657	-0.893	0.412	0.349	-0.13	0.007	0.018
51057.654	-0.895	0.380	0.350	-0.06	0.007	0.018
51058.651	-0.892	0.420	0.358	-0.12	0.007	0.019
51060.646	-0.895	0.409	0.366	-0.09	0.007	0.019
51061.644	-0.893	0.422	0.345	-0.15	0.007	0.018
51062.641	-0.891	0.397	0.352	-0.09	0.007	0.019
51065.633	-0.890	0.384	0.383	0.00	0.007	0.020
51068.624	-0.894	0.370	0.342	-0.06	0.007	0.018
51069.621	-0.893	0.384	0.339	-0.09	0.007	0.018
51070.619	-0.892	0.428	0.421	-0.01	0.007	0.022
51074.607	-0.896	0.358	0.376	0.04	0.007	0.020
51075.605	-0.892	0.385	0.371	-0.03	0.007	0.019
51076.603	-0.892	0.299	0.371	0.17	0.006	0.019
51077.600	-0.894	0.308	0.391	0.18	0.006	0.020
51078.597	-0.890	0.384	0.363	-0.04	0.007	0.019
51079.594	-0.891	0.428	0.349	-0.16	0.007	0.018
51081.589	-0.893	0.379	0.335	-0.09	0.007	0.018
51082.586	-0.893	0.377	0.345	-0.07	0.007	0.018
51083.583	-0.892	0.391	0.328	-0.14	0.007	0.017
51084.580	-0.893	0.380	0.360	-0.04	0.007	0.019
51085.577	-0.895	0.393	0.382	-0.02	0.007	0.020
51089.566	-0.891	0.383	0.354	-0.06	0.007	0.019
51090.564	-0.890	0.368	0.356	-0.03	0.007	0.019
51091.562	-0.891	0.407	0.353	-0.11	0.007	0.019
51093.556	-0.895	0.403	0.405	0.00	0.007	0.021
51095.550	-0.897	0.350	0.356	0.01	0.006	0.019
51097.546	-0.869	0.369	0.335	-0.07	0.007	0.018
51098.543	-0.870	0.376	0.338	-0.08	0.007	0.018
51099.540	-0.883	0.388	0.348	-0.08	0.007	0.018
51100.538	-0.868	0.392	0.356	-0.07	0.007	0.019
51102.532	-0.870	0.357	0.339	-0.04	0.007	0.018
51103.529	-0.868	0.388	0.337	-0.11	0.007	0.018
51104.527	-0.868	0.388	0.330	-0.12	0.007	0.017
51105.524	-0.871	0.386	0.331	-0.12	0.007	0.018
51106.521	-0.871	0.394	0.341	-0.11	0.007	0.018
51107.519	-0.879	0.396	0.322	-0.16	0.007	0.017
51109.513	-0.880	0.377	0.339	-0.08	0.007	0.018
51110.510	-0.883	0.258	0.303	0.12	0.005	0.016
51111.507	-0.882	0.270	0.340	0.18	0.005	0.018
51112.505	-0.882	0.335	0.330	-0.01	0.006	0.017
51113.502	-0.883	0.403	0.332	-0.15	0.007	0.018
51114.499	-0.879	0.420	0.339	-0.16	0.007	0.018
51115.496	-0.882	0.401	0.364	-0.07	0.007	0.019
51116.493	-0.892	0.313	0.381	0.15	0.006	0.020
51117.490	-0.896	0.386	0.336	-0.11	0.007	0.018
51118.487	-0.893	0.320	0.345	0.06	0.006	0.018
51119.485	-0.893	0.398	0.364	-0.07	0.007	0.019
51120.482	-0.894	0.391	0.298	-0.21	0.007	0.016
51121.479	-0.893	0.396	0.339	-0.12	0.007	0.018
51122.477	-0.894	0.355	0.364	0.02	0.006	0.019
51123.474	-0.897	0.356	0.347	-0.02	0.006	0.018
51124.471	-0.897	0.364	0.354	-0.02	0.007	0.019
51125.469	-0.894	0.359	0.372	0.03	0.007	0.019
51126.466	-0.891	0.378	0.346	-0.07	0.007	0.018
51127.463	-0.896	0.383	0.341	-0.09	0.007	0.018
51128.460	-0.894	0.382	0.335	-0.10	0.007	0.018
51129.458	-0.894	0.379	0.337	-0.09	0.007	0.018
51130.455	-0.895	0.345	0.342	-0.01	0.006	0.018
51131.452	-0.892	0.381	0.356	-0.05	0.007	0.019
51132.449	-0.896	0.361	0.334	-0.06	0.007	0.018
51133.446	-0.896	0.374	0.342	-0.07	0.007	0.018
51138.433	-0.898	0.352	0.338	-0.03	0.006	0.018
51139.430	-0.898	0.323	0.365	0.09	0.006	0.019
51140.428	-0.893	0.345	0.337	-0.02	0.006	0.018
51142.422	-0.894	0.344	0.351	0.01	0.006	0.018
51144.416	-0.898	0.371	0.330	-0.09	0.007	0.017
51145.414	-0.898	0.384	0.350	-0.07	0.007	0.018
51146.411	-0.894	0.369	0.347	-0.05	0.007	0.018
51147.408	-0.895	0.383	0.347	-0.08	0.007	0.018
51148.405	-0.895	0.340	0.319	-0.05	0.006	0.017
51149.403	-0.895	0.344	0.367	0.05	0.006	0.019
51150.400	-0.896	0.351	0.345	-0.01	0.006	0.018
51151.397	-0.894	0.343	0.354	0.02	0.006	0.019
51152.395	-0.893	0.395	0.345	-0.10	0.007	0.018
51153.392	-0.892	0.369	0.367	0.00	0.007	0.019
51154.390	-0.894	0.373	0.353	-0.04	0.007	0.019
51155.387	-0.893	0.345	0.386	0.09	0.006	0.020
51156.384	-0.895	0.314	0.350	0.08	0.006	0.018
51157.381	-0.897	0.335	0.360	0.05	0.006	0.019
51158.378	-0.893	0.300	0.344	0.10	0.006	0.018
51159.376	-0.896	0.372	0.354	-0.04	0.007	0.019
51160.373	-0.891	0.339	0.359	0.04	0.006	0.019
51161.370	-0.895	0.355	0.362	0.01	0.006	0.019
51162.367	-0.892	0.332	0.347	0.03	0.006	0.018
51163.365	-0.893	0.430	0.348	-0.16	0.007	0.018
51164.362	-0.892	0.373	0.343	-0.06	0.007	0.018
51165.359	-0.892	0.367	0.337	-0.06	0.007	0.018
51166.356	-0.894	0.351	0.354	0.01	0.006	0.019
51167.354	-0.899	0.387	0.351	-0.08	0.007	0.018
51168.351	-0.895	0.323	0.348	0.06	0.006	0.018
51169.349	-0.895	0.356	0.292	-0.15	0.006	0.016
51170.346	-0.893	0.362	0.361	0.00	0.007	0.019
51174.335	-0.894	0.381	0.354	-0.06	0.007	0.019
51175.332	-0.898	0.363	0.340	-0.05	0.007	0.018
51176.329	-0.897	0.357	0.302	-0.13	0.007	0.016
51178.323	-0.896	0.371	0.365	-0.01	0.007	0.019
51182.312	-0.895	0.360	0.361	0.00	0.007	0.019
51183.310	-0.898	0.360	0.344	-0.04	0.007	0.018
51184.308	-0.897	0.324	0.273	-0.13	0.006	0.015
51190.291	-0.898	0.359	0.391	0.06	0.007	0.020
51191.288	-0.893	0.344	0.361	0.04	0.006	0.019
51192.285	-0.894	0.310	0.402	0.20	0.006	0.021
51193.283	-0.894	0.357	0.333	-0.05	0.007	0.018
51194.280	-0.897	0.362	0.342	-0.04	0.007	0.018
51197.271	-0.894	0.342	0.355	0.03	0.006	0.019
51198.270	-0.893	0.371	0.385	0.03	0.007	0.020
51199.267	-0.894	0.362	0.342	-0.04	0.007	0.018
51200.264	-0.894	0.353	0.346	-0.01	0.006	0.018
51201.261	-0.895	0.339	0.329	-0.02	0.006	0.017
51202.258	-0.899	0.301	0.303	0.00	0.006	0.016
51204.253	-0.893	0.330	0.339	0.02	0.006	0.018
51205.250	-0.899	0.317	0.339	0.05	0.006	0.018
51206.247	-0.896	0.341	0.349	0.02	0.006	0.018
51207.244	-0.898	0.326	0.346	0.05	0.006	0.018
51208.242	-0.895	0.393	0.325	-0.15	0.007	0.017
51209.239	-0.898	0.400	0.349	-0.10	0.007	0.018
51210.236	-0.893	0.358	0.323	-0.08	0.007	0.017
51211.233	-0.893	0.375	0.315	-0.13	0.007	0.017
51212.231	-0.894	0.361	0.325	-0.08	0.007	0.017
51213.229	-0.894	0.342	0.324	-0.04	0.006	0.017
51214.226	-0.899	0.352	0.322	-0.07	0.006	0.017
51215.223	-0.893	0.302	0.328	0.06	0.006	0.017
51216.220	-0.898	0.365	0.340	-0.05	0.007	0.018
51217.218	-0.895	0.364	0.314	-0.11	0.007	0.017
51218.215	-0.893	0.380	0.327	-0.12	0.007	0.017
51219.212	-0.893	0.352	0.318	-0.08	0.006	0.017
51221.206	-0.899	0.336	0.319	-0.04	0.006	0.017
51222.204	-0.894	0.336	0.360	0.05	0.006	0.019
51223.201	-0.896	0.302	0.270	-0.09	0.006	0.015
51224.198	-0.893	0.335	0.303	-0.08	0.006	0.016
51225.195	-0.895	-1.000	-1.000	-10.00	0.000	0.000
51226.192	-0.895	0.292	0.313	0.05	0.006	0.017
51227.190	-0.893	0.288	0.330	0.10	0.006	0.017
51228.188	-0.898	0.313	0.329	0.04	0.006	0.017
51229.185	-0.899	0.335	0.333	0.00	0.006	0.018
51230.182	-0.896	0.338	0.335	-0.01	0.006	0.018
51231.179	-0.898	0.332	0.338	0.01	0.006	0.018
51232.176	-0.897	0.335	0.322	-0.03	0.006	0.017
51233.174	-0.892	0.327	0.318	-0.02	0.006	0.017
51234.171	-0.898	0.334	0.333	0.00	0.006	0.018
51235.168	-0.894	0.378	0.353	-0.05	0.007	0.019
51236.165	-0.895	0.345	0.331	-0.03	0.006	0.018
51237.162	-0.899	0.349	0.388	0.08	0.006	0.020
51238.160	-0.897	0.348	0.314	-0.08	0.006	0.017
51239.157	-0.894	0.342	0.326	-0.04	0.006	0.017
51240.154	-0.898	0.326	0.316	-0.02	0.006	0.017
51242.148	-0.898	0.342	0.368	0.06	0.006	0.019
51243.146	-0.893	0.329	0.308	-0.05	0.006	0.016
51244.144	-0.898	0.314	0.302	-0.03	0.006	0.016
51245.141	-0.894	0.339	0.317	-0.05	0.006	0.017
51246.138	-0.899	0.318	0.323	0.01	0.006	0.017
51248.133	-0.894	0.276	0.317	0.11	0.006	0.017
51249.130	-0.896	0.288	0.312	0.06	0.006	0.017
51250.127	-0.893	0.287	0.323	0.09	0.006	0.017
51251.124	-0.897	0.300	0.314	0.04	0.006	0.017
51253.119	-0.896	0.287	0.337	0.12	0.006	0.018
51254.116	-0.899	0.281	0.310	0.08	0.006	0.017
51255.113	-0.897	0.284	0.323	0.10	0.006	0.017
51256.110	-0.897	0.290	0.338	0.12	0.006	0.018
51257.108	-0.894	0.314	0.346	0.07	0.006	0.018
51258.105	-0.893	0.291	0.315	0.06	0.006	0.017
51259.103	-0.891	0.273	0.312	0.10	0.006	0.017
51260.100	-0.896	0.294	0.323	0.07	0.006	0.017
51261.097	-0.894	0.271	0.328	0.15	0.005	0.017
51262.095	-0.894	0.263	0.342	0.20	0.005	0.018
51263.092	-0.894	0.288	0.310	0.06	0.006	0.017
51264.089	-0.900	0.306	0.321	0.04	0.006	0.017
51265.086	-0.896	0.304	0.319	0.04	0.006	0.017
51266.083	-0.899	0.297	0.327	0.07	0.006	0.017
51267.081	-0.892	0.271	0.332	0.16	0.005	0.018
51268.078	-0.893	0.275	0.337	0.16	0.006	0.018
51269.075	-0.894	0.280	0.345	0.16	0.006	0.018
51270.072	-0.895	0.294	0.333	0.09	0.006	0.018
51271.070	-0.895	0.275	0.332	0.14	0.006	0.018
51272.067	-0.896	0.272	0.355	0.20	0.006	0.019
51273.064	-0.893	0.295	0.376	0.19	0.006	0.020
51274.062	-0.898	0.291	0.355	0.15	0.006	0.019
51275.059	-0.894	0.280	0.366	0.20	0.006	0.019
51276.057	-0.892	0.281	0.348	0.16	0.006	0.018
51277.054	-0.896	0.259	0.355	0.24	0.005	0.019
51278.051	-0.895	0.315	0.374	0.13	0.006	0.020
51279.048	-0.894	0.288	0.346	0.14	0.006	0.018
51280.045	-0.897	0.274	0.367	0.22	0.006	0.019
51281.043	-0.893	0.293	0.365	0.17	0.006	0.019
51282.040	-0.893	0.271	0.378	0.25	0.005	0.020
51283.037	-0.893	0.301	0.386	0.19	0.006	0.020
51284.034	-0.898	0.275	0.366	0.22	0.006	0.019
51285.031	-0.894	0.274	0.379	0.25	0.006	0.020
51286.029	-0.895	0.223	0.380	0.41	0.005	0.020
51287.026	-0.893	0.276	0.406	0.30	0.006	0.021
51288.023	-0.890	0.271	0.409	0.31	0.005	0.021
51289.021	-0.893	0.268	0.378	0.26	0.005	0.020
51290.018	-0.893	0.263	0.393	0.31	0.005	0.020
51291.016	-0.894	0.242	0.400	0.38	0.005	0.021
51293.010	-0.894	0.249	0.379	0.32	0.005	0.020
51294.007	-0.893	0.283	0.386	0.24	0.006	0.020
51295.004	-0.898	0.279	0.374	0.22	0.006	0.020
51296.001	-0.897	0.323	0.379	0.12	0.006	0.020
51296.999	-0.895	0.270	0.376	0.25	0.005	0.020
51297.968	-1.576	0.304	0.375	0.16	0.006	0.020
51298.965	-1.572	0.318	0.399	0.17	0.006	0.021
51299.963	-1.572	0.328	0.409	0.17	0.006	0.021
51300.960	-1.571	0.331	0.386	0.12	0.006	0.020
51301.957	-1.572	0.319	0.392	0.16	0.006	0.020
51302.954	-1.574	0.318	0.362	0.10	0.006	0.019
51303.951	-1.573	0.336	0.376	0.09	0.006	0.020
51304.949	-1.571	0.285	0.369	0.20	0.006	0.019
51305.946	-1.569	0.328	0.383	0.12	0.006	0.020
51306.943	-1.574	0.341	0.384	0.09	0.006	0.020
51307.940	-1.571	0.332	0.382	0.11	0.006	0.020
51308.938	-1.572	0.300	0.397	0.22	0.006	0.021
51309.936	-1.572	0.293	0.370	0.18	0.006	0.019
51310.961	-0.892	0.312	0.421	0.23	0.006	0.022
51312.955	-0.895	0.337	0.364	0.06	0.006	0.019
51315.947	-0.896	0.304	0.600	0.52	0.006	0.031
51316.944	-0.895	0.319	0.389	0.15	0.006	0.020
51317.941	-0.891	0.341	0.369	0.06	0.006	0.019
51318.938	-0.894	0.348	0.312	-0.08	0.006	0.017
51319.937	-0.892	0.327	0.352	0.06	0.006	0.019
51322.928	-0.891	-1.000	-1.000	-10.00	0.000	0.000
51326.917	-0.892	0.347	0.330	-0.04	0.006	0.017
51326.917	-0.892	0.347	0.330	-0.04	0.006	0.017
51327.914	-0.893	0.337	0.357	0.04	0.006	0.019
51328.911	-0.893	0.322	0.355	0.08	0.006	0.019
51329.909	-0.892	0.329	0.345	0.04	0.006	0.018
51330.906	-0.895	0.415	0.334	-0.17	0.007	0.018
51331.903	-0.894	0.394	0.375	-0.04	0.007	0.020
51332.900	-0.896	0.336	0.334	0.00	0.006	0.018
51333.897	-0.893	0.328	0.350	0.05	0.006	0.018
51334.896	-0.892	0.366	0.335	-0.07	0.007	0.018
51335.893	-0.892	0.333	0.325	-0.02	0.006	0.017
51336.890	-0.895	0.242	0.349	0.28	0.005	0.018
51337.887	-0.891	0.311	0.330	0.05	0.006	0.017
51338.884	-0.895	0.318	0.352	0.08	0.006	0.019
51339.882	-0.893	0.292	0.239	-0.15	0.006	0.013
51340.879	-0.895	0.272	0.351	0.19	0.006	0.018
51341.876	-0.896	0.297	0.355	0.14	0.006	0.019
51342.873	-0.893	0.348	0.355	0.01	0.006	0.019
51343.870	-0.896	0.285	0.358	0.17	0.006	0.019
51344.868	-0.896	0.323	0.375	0.11	0.006	0.020
51345.865	-0.893	0.357	0.336	-0.05	0.007	0.018
51346.862	-0.897	0.317	0.342	0.06	0.006	0.018
51347.859	-0.894	0.317	0.369	0.12	0.006	0.019
51348.856	-0.893	0.367	0.357	-0.02	0.007	0.019
51349.854	-0.888	0.358	0.361	0.01	0.007	0.019
51350.852	-0.896	0.313	0.372	0.13	0.006	0.019
51351.849	-0.896	0.337	0.363	0.06	0.006	0.019
51352.846	-0.891	0.305	0.388	0.18	0.006	0.020
51353.843	-0.899	0.311	0.335	0.06	0.006	0.018
51354.841	-0.894	0.295	0.353	0.14	0.006	0.019
51356.835	-0.897	0.310	0.355	0.10	0.006	0.019
51357.832	-0.895	0.318	0.397	0.17	0.006	0.021
51358.829	-0.895	0.259	0.379	0.29	0.005	0.020
51359.827	-0.893	0.348	0.342	-0.01	0.006	0.018
51360.824	-0.889	0.369	0.324	-0.10	0.007	0.017
51361.821	-0.896	0.315	0.346	0.07	0.006	0.018
51362.818	-0.899	0.281	0.390	0.25	0.006	0.020
51366.808	-0.894	0.293	0.342	0.12	0.006	0.018
51367.805	-0.892	0.310	0.357	0.11	0.006	0.019
51368.803	-0.891	0.348	0.339	-0.02	0.006	0.018
51369.800	-0.895	0.315	0.312	-0.01	0.006	0.017
51370.797	-0.894	0.329	0.344	0.03	0.006	0.018
51371.794	-0.895	0.335	0.342	0.02	0.006	0.018
51372.791	-0.895	0.400	0.383	-0.03	0.007	0.020
51373.789	-0.893	0.373	0.405	0.06	0.007	0.021
51375.783	-0.890	0.312	0.368	0.13	0.006	0.019
51376.780	-0.891	0.373	0.340	-0.07	0.007	0.018
51377.777	-0.895	0.290	0.381	0.21	0.006	0.020
51378.775	-0.895	0.304	0.378	0.17	0.006	0.020
51379.772	-0.894	0.328	0.396	0.14	0.006	0.021
51380.770	-0.895	0.304	0.361	0.13	0.006	0.019
51382.764	-0.892	0.302	0.415	0.24	0.006	0.022
51383.762	-0.892	0.368	0.408	0.08	0.007	0.021
51384.759	-0.893	0.309	0.335	0.06	0.006	0.018
51389.745	-0.891	0.354	0.415	0.12	0.006	0.022
51390.742	-0.895	0.336	0.399	0.13	0.006	0.021
51391.739	-0.895	0.367	0.433	0.13	0.007	0.022
51392.736	-0.895	0.364	0.393	0.06	0.007	0.020
51393.734	-0.893	0.345	0.366	0.05	0.006	0.019
51397.724	-0.889	0.339	0.314	-0.06	0.006	0.017
51398.721	-0.892	0.323	0.365	0.09	0.006	0.019
51399.718	-0.894	0.296	0.382	0.19	0.006	0.020
51400.715	-0.891	0.339	0.362	0.05	0.006	0.019
51401.712	-0.894	0.309	0.376	0.15	0.006	0.020
51403.707	-0.897	0.352	0.469	0.22	0.006	0.024
51404.704	-0.898	0.330	0.324	-0.01	0.006	0.017
51405.701	-0.894	0.414	0.516	0.17	0.007	0.026
51406.698	-0.893	0.370	0.372	0.00	0.007	0.019
51407.695	-0.893	0.328	0.444	0.23	0.006	0.023
51408.693	-0.896	0.329	0.376	0.10	0.006	0.020
51410.688	-0.892	0.375	0.394	0.04	0.007	0.021
51411.685	-0.893	0.372	0.423	0.10	0.007	0.022
51413.680	-0.894	0.374	0.408	0.07	0.007	0.021
51414.677	-0.892	0.360	0.386	0.05	0.007	0.020
51415.674	-0.895	0.355	0.340	-0.03	0.006	0.018
51417.668	-0.898	0.342	0.324	-0.04	0.006	0.017
51418.666	-0.892	0.346	0.384	0.08	0.006	0.020
51419.663	-0.894	0.369	0.346	-0.05	0.007	0.018
51420.660	-0.895	0.393	0.385	-0.02	0.007	0.020
51421.657	-0.897	0.396	0.387	-0.02	0.007	0.020
51422.655	-0.892	0.413	0.409	-0.01	0.007	0.021
51424.649	-0.894	0.335	0.378	0.09	0.006	0.020
51425.646	-0.896	0.366	0.364	0.00	0.007	0.019
51426.645	-0.889	0.354	0.274	-0.20	0.006	0.015
51427.642	-0.894	0.360	0.398	0.08	0.007	0.021
51428.639	-0.892	0.331	0.252	-0.21	0.006	0.014
51429.636	-0.894	0.320	0.322	0.00	0.006	0.017
51431.630	-0.896	0.327	0.350	0.05	0.006	0.018
51432.627	-0.897	0.343	0.364	0.05	0.006	0.019
51433.625	-0.895	0.373	0.403	0.06	0.007	0.021
51434.622	-0.894	0.365	0.393	0.06	0.007	0.020
51435.619	-0.898	0.322	0.366	0.10	0.006	0.019
51436.616	-0.897	0.349	0.372	0.05	0.006	0.019
51438.611	-0.889	0.331	0.384	0.11	0.006	0.020
51439.608	-0.895	0.300	0.394	0.21	0.006	0.021
51440.605	-0.894	0.355	0.424	0.14	0.006	0.022
51441.603	-0.896	0.333	0.422	0.18	0.006	0.022
51442.601	-0.893	0.351	0.366	0.03	0.006	0.019
51443.598	-0.896	0.333	0.403	0.15	0.006	0.021
51445.592	-0.895	0.408	0.419	0.02	0.007	0.022
51446.589	-0.892	0.349	0.383	0.07	0.006	0.020
51447.587	-0.895	0.363	0.308	-0.13	0.007	0.016
51448.584	-0.892	0.337	0.466	0.25	0.006	0.024
51453.570	-0.892	0.360	0.407	0.09	0.007	0.021
51454.567	-0.893	0.353	0.388	0.07	0.006	0.020
51455.564	-0.894	0.324	0.361	0.08	0.006	0.019
51456.562	-0.893	0.337	0.399	0.13	0.006	0.021
51457.560	-0.894	0.327	0.405	0.16	0.006	0.021
51458.557	-0.894	0.318	0.437	0.24	0.006	0.023
51459.554	-0.891	0.315	0.372	0.13	0.006	0.019
51460.551	-0.890	0.377	0.319	-0.13	0.007	0.017
51461.549	-0.893	0.364	0.387	0.05	0.007	0.020
51462.546	-0.890	0.351	0.378	0.06	0.006	0.020
51463.543	-0.888	0.331	0.411	0.17	0.006	0.021
51464.540	-0.889	0.315	0.383	0.15	0.006	0.020
51466.535	-0.891	0.410	0.410	0.00	0.007	0.021
51467.532	-0.890	0.370	0.399	0.06	0.007	0.021
51468.529	-0.889	0.354	0.403	0.10	0.006	0.021
51469.526	-0.894	0.331	0.399	0.14	0.006	0.021
51470.523	-0.890	0.388	0.435	0.09	0.007	0.022
51471.521	-0.889	0.331	0.422	0.19	0.006	0.022
51472.519	-0.895	0.365	0.441	0.14	0.007	0.023
51474.513	-0.890	0.336	0.382	0.10	0.006	0.020
51475.510	-0.899	0.318	0.267	-0.13	0.006	0.015
51476.507	-0.897	0.350	0.364	0.03	0.006	0.019
51477.505	-0.889	0.358	0.364	0.01	0.007	0.019
51478.502	-0.892	0.341	0.416	0.15	0.006	0.022
51479.499	-0.891	0.371	0.396	0.05	0.007	0.021
51480.496	-0.892	0.374	0.395	0.04	0.007	0.021
51484.485	-0.895	0.336	0.368	0.07	0.006	0.019
51486.480	-0.894	0.362	0.489	0.23	0.007	0.025
51487.478	-0.893	0.289	0.322	0.08	0.006	0.017
51488.475	-0.894	0.333	0.384	0.11	0.006	0.020
51489.472	-0.892	0.402	0.398	-0.01	0.007	0.021
51490.469	-0.895	0.302	0.411	0.24	0.006	0.021
51491.467	-0.889	0.271	0.431	0.35	0.005	0.022
51492.464	-0.895	0.286	0.415	0.28	0.006	0.022
51493.461	-0.890	0.266	0.435	0.38	0.005	0.022
51494.458	-0.889	0.283	0.421	0.30	0.006	0.022
51495.455	-0.894	0.314	0.399	0.18	0.006	0.021
51496.453	-0.891	0.303	0.422	0.25	0.006	0.022
51497.450	-0.893	0.292	0.419	0.28	0.006	0.022
51498.447	-0.891	0.364	0.400	0.07	0.007	0.021
51500.442	-0.892	0.377	0.329	-0.10	0.007	0.017
51501.439	-0.895	0.298	0.367	0.16	0.006	0.019
51502.437	-0.893	0.369	0.386	0.04	0.007	0.020
51503.434	-0.892	0.363	0.397	0.07	0.007	0.021
51504.431	-0.893	0.310	0.420	0.23	0.006	0.022
51505.428	-0.896	0.376	0.405	0.06	0.007	0.021
51506.426	-0.893	0.375	0.440	0.12	0.007	0.023
51508.420	-0.894	0.321	0.454	0.27	0.006	0.023
51509.417	-0.894	0.328	0.397	0.15	0.006	0.021
51510.414	-0.894	0.331	0.409	0.16	0.006	0.021
51511.412	-0.893	0.352	0.370	0.04	0.006	0.019
51512.409	-0.890	0.356	0.411	0.11	0.006	0.021
51513.406	-0.895	0.365	0.421	0.11	0.007	0.022
51514.403	-0.896	0.369	0.398	0.06	0.007	0.021
51515.401	-0.890	0.363	0.424	0.12	0.007	0.022
51516.398	-0.894	0.378	0.442	0.12	0.007	0.023
51517.396	-0.894	0.361	0.421	0.12	0.007	0.022
51518.393	-0.892	0.364	0.405	0.08	0.007	0.021
51519.390	-0.892	0.331	0.416	0.17	0.006	0.022
51520.388	-0.892	0.374	0.425	0.10	0.007	0.022
51521.385	-0.896	0.331	0.425	0.19	0.006	0.022
51522.382	-0.892	0.353	0.563	0.36	0.006	0.029
51526.371	-0.895	0.334	0.398	0.13	0.006	0.021
51527.368	-0.895	0.352	0.407	0.11	0.006	0.021
51528.365	-0.895	0.311	0.392	0.18	0.006	0.020
51529.362	-0.896	0.294	0.438	0.31	0.006	0.023
51530.360	-0.892	0.289	0.333	0.11	0.006	0.018
51531.357	-0.891	0.295	0.409	0.25	0.006	0.021
51532.354	-0.890	0.258	0.397	0.33	0.005	0.021
51533.352	-0.893	0.267	0.424	0.35	0.005	0.022
51534.350	-0.892	0.253	0.195	-0.20	0.005	0.011
51541.330	-0.890	0.325	0.406	0.17	0.006	0.021
51542.327	-0.894	0.350	0.446	0.19	0.006	0.023
51543.324	-0.892	0.251	0.411	0.38	0.005	0.021
51549.309	-0.892	0.322	0.427	0.22	0.006	0.022
51550.306	-0.896	0.291	0.419	0.28	0.006	0.022
51551.303	-0.896	0.295	0.438	0.30	0.006	0.023
51552.300	-0.894	0.329	0.450	0.24	0.006	0.023
51553.297	-0.894	0.321	0.440	0.24	0.006	0.023
51554.295	-0.894	0.333	0.441	0.22	0.006	0.023
51558.283	-0.894	0.356	0.477	0.22	0.006	0.025
51559.281	-0.894	0.279	0.343	0.16	0.006	0.018
51560.278	-0.893	0.325	0.369	0.10	0.006	0.019
51561.275	-0.896	0.269	0.481	0.44	0.005	0.025
51562.272	-0.892	0.298	0.394	0.21	0.006	0.021
51565.265	-0.894	0.383	0.541	0.26	0.007	0.028
51566.262	-0.897	0.383	0.497	0.20	0.007	0.025
51570.251	-0.896	0.380	0.577	0.32	0.007	0.029
51571.248	-0.896	0.379	0.550	0.28	0.007	0.028
51572.245	-0.896	0.364	0.664	0.46	0.007	0.034
51575.237	-0.897	0.383	0.597	0.34	0.007	0.030
51576.234	-0.897	0.406	0.639	0.35	0.007	0.032
51577.231	-0.896	0.403	0.597	0.30	0.007	0.030
51578.229	-0.897	-1.000	0.505	-10.00	0.000	0.026
51580.224	-0.896	0.396	0.590	0.31	0.007	0.030
51581.221	-0.897	0.415	0.596	0.28	0.007	0.030
51582.218	-0.893	0.384	0.568	0.30	0.007	0.029
51584.213	-0.894	0.411	0.719	0.43	0.007	0.036
51584.213	-0.896	0.374	0.591	0.35	0.007	0.030
51585.210	-0.895	0.427	0.585	0.24	0.007	0.030
51586.207	-0.899	0.403	0.588	0.29	0.007	0.030
51587.204	-0.897	0.439	0.580	0.21	0.008	0.030
51588.202	-0.891	0.398	0.561	0.26	0.007	0.029
51589.198	-0.899	0.446	0.666	0.31	0.008	0.034
51590.196	-0.896	0.384	0.617	0.36	0.007	0.031
51591.193	-0.896	0.479	0.622	0.20	0.008	0.032
51592.190	-0.894	0.455	0.630	0.25	0.008	0.032
51598.175	-0.891	0.307	0.632	0.55	0.006	0.032
51599.172	-0.894	0.275	0.696	0.71	0.006	0.035
51600.169	-0.891	0.351	0.703	0.53	0.006	0.036
51601.166	-0.892	0.310	0.682	0.60	0.006	0.035
51602.163	-0.891	0.413	0.673	0.37	0.007	0.034
51603.161	-0.891	0.371	0.706	0.49	0.007	0.036
51604.158	-0.892	0.395	0.641	0.37	0.007	0.033
51605.155	-0.891	0.437	0.705	0.37	0.008	0.036
51606.152	-0.896	0.440	0.712	0.37	0.008	0.036
51607.149	-0.894	0.385	0.664	0.42	0.007	0.034
51610.142	-0.894	0.399	0.696	0.43	0.007	0.035
51612.136	-0.894	0.467	0.741	0.35	0.008	0.037
51613.133	-0.896	0.421	0.732	0.42	0.007	0.037
51614.131	-0.894	0.438	0.696	0.35	0.008	0.035
51615.128	-0.894	0.493	0.701	0.27	0.008	0.036
51616.125	-0.895	0.450	0.742	0.38	0.008	0.038
51617.122	-0.896	0.424	0.726	0.41	0.007	0.037
51618.119	-0.897	0.447	0.740	0.39	0.008	0.037
51619.117	-0.891	0.389	0.782	0.54	0.007	0.040
51620.114	-0.893	0.385	0.868	0.62	0.007	0.044
51621.111	-0.894	0.357	0.868	0.68	0.007	0.044
51622.108	-0.896	0.496	0.760	0.33	0.008	0.038
51623.106	-0.897	0.475	0.786	0.39	0.008	0.040
51624.104	-0.897	0.487	0.859	0.44	0.008	0.043
51625.101	-0.894	0.462	0.800	0.42	0.008	0.040
51626.098	-0.895	0.460	0.778	0.40	0.008	0.039
51627.095	-0.894	0.350	0.778	0.61	0.006	0.039
51628.093	-0.892	0.328	0.783	0.67	0.006	0.040
51629.090	-0.892	0.440	0.796	0.45	0.008	0.040
51630.087	-0.894	0.456	0.812	0.44	0.008	0.041
51631.084	-0.894	-1.000	0.880	-10.00	0.000	0.044
51633.079	-0.894	0.372	0.804	0.59	0.007	0.041
51638.065	-0.891	0.438	0.766	0.43	0.008	0.039
51639.062	-0.896	0.508	0.793	0.34	0.008	0.040
51640.060	-0.893	0.432	0.779	0.45	0.007	0.039
51641.058	-0.877	0.510	0.837	0.38	0.008	0.042
51646.043	-0.897	0.498	0.737	0.30	0.008	0.037
51647.040	-0.895	0.450	0.759	0.40	0.008	0.038
51648.038	-0.893	0.455	0.746	0.38	0.008	0.038
51649.035	-0.891	0.475	0.773	0.37	0.008	0.039
51650.032	-0.891	0.521	0.774	0.30	0.009	0.039
51651.029	-0.892	0.451	0.871	0.50	0.008	0.044
51652.026	-0.897	0.461	0.574	0.17	0.008	0.029
51653.024	-0.891	0.502	0.815	0.37	0.008	0.041
51654.021	-0.894	0.515	0.756	0.29	0.009	0.038
51659.008	-0.889	0.552	0.882	0.36	0.009	0.044
51660.005	-0.892	0.583	0.797	0.24	0.009	0.040
51661.002	-0.896	0.520	0.743	0.27	0.009	0.038
51662.000	-0.895	0.514	0.732	0.27	0.009	0.037
51662.997	-0.895	0.570	0.648	0.10	0.009	0.033
51663.994	-0.892	0.452	0.736	0.37	0.008	0.037
51664.991	-0.889	0.474	0.712	0.31	0.008	0.036
51798.628	-0.832	0.369	0.205	-0.45	0.007	0.012
51799.619	-0.976	0.399	0.238	-0.40	0.007	0.013
51803.608	-0.970	0.417	0.272	-0.33	0.007	0.015
51806.601	-0.971	0.404	0.224	-0.45	0.007	0.013
51807.598	-0.977	0.410	0.290	-0.26	0.007	0.016
51809.592	-0.974	0.456	0.269	-0.40	0.008	0.015
51812.584	-0.973	0.394	0.163	-0.68	0.007	0.010
51813.581	-0.975	0.454	0.253	-0.45	0.008	0.014
51814.579	-0.963	0.478	0.267	-0.45	0.008	0.015
51816.573	-0.971	0.448	0.272	-0.38	0.008	0.015
51817.570	-0.974	0.450	0.260	-0.42	0.008	0.014
51818.567	-0.971	0.435	0.252	-0.42	0.008	0.014
51819.564	-0.975	0.474	0.267	-0.44	0.008	0.015
51820.562	-0.973	0.432	0.246	-0.43	0.007	0.014
51821.560	-0.970	0.421	0.257	-0.38	0.007	0.014
