50647.883	-2.622	0.910	1.237	0.23	0.014	0.062
50648.880	-2.625	0.898	1.229	0.24	0.014	0.062
50649.877	-2.626	0.887	1.202	0.23	0.014	0.060
50647.883	-2.622	0.910	1.237	0.23	0.014	0.062
50648.880	-2.625	0.898	1.229	0.24	0.014	0.062
50649.877	-2.626	0.887	1.202	0.23	0.014	0.060
50650.874	-2.624	0.906	1.187	0.21	0.014	0.060
50652.879	-2.373	0.937	1.286	0.24	0.015	0.065
50653.877	-2.372	0.933	1.324	0.27	0.014	0.066
50654.874	-2.369	0.929	1.260	0.23	0.014	0.063
50655.871	-2.372	0.926	1.255	0.23	0.014	0.063
50656.868	-2.370	0.931	1.260	0.23	0.014	0.063
50657.866	-2.368	0.929	1.292	0.25	0.014	0.065
50658.863	-2.370	0.936	1.311	0.26	0.015	0.066
50659.860	-2.369	0.928	1.265	0.24	0.014	0.064
50660.857	-2.372	0.932	1.228	0.21	0.014	0.062
50661.854	-2.369	0.935	1.238	0.22	0.015	0.062
50662.853	-2.369	0.937	1.255	0.22	0.015	0.063
50663.850	-2.370	0.935	1.247	0.22	0.015	0.063
50664.847	-2.372	0.944	1.253	0.22	0.015	0.063
50665.844	-2.370	0.935	1.221	0.20	0.015	0.061
50666.841	-2.372	0.939	1.228	0.21	0.015	0.062
50667.839	-2.370	0.925	1.245	0.23	0.014	0.063
50668.836	-2.372	0.921	1.254	0.24	0.014	0.063
50669.833	-2.371	0.924	1.216	0.21	0.014	0.061
50670.830	-2.372	0.928	1.215	0.21	0.014	0.061
50671.827	-2.373	0.935	1.228	0.21	0.015	0.062
50672.825	-2.372	0.914	1.228	0.23	0.014	0.062
50673.822	-2.370	0.934	1.279	0.24	0.014	0.064
50674.819	-2.373	0.933	1.235	0.22	0.014	0.062
50675.816	-2.369	0.480	1.254	0.74	0.008	0.063
50676.813	-2.370	0.931	1.286	0.25	0.014	0.065
50677.812	-2.368	0.914	1.121	0.16	0.014	0.056
50678.809	-2.369	0.929	1.274	0.24	0.014	0.064
50679.806	-2.372	0.962	1.311	0.24	0.015	0.066
50680.803	-2.369	0.934	1.368	0.29	0.014	0.069
50681.800	-2.372	0.946	1.268	0.22	0.015	0.064
50682.798	-2.372	0.942	1.266	0.23	0.015	0.064
50683.795	-2.366	0.929	1.265	0.24	0.014	0.064
50684.792	-2.371	0.929	1.243	0.22	0.014	0.062
50685.790	-2.365	0.933	1.276	0.24	0.014	0.064
50687.784	-2.372	0.949	1.289	0.23	0.015	0.065
50688.781	-2.372	0.947	1.278	0.23	0.015	0.064
50689.778	-2.373	0.942	1.249	0.22	0.015	0.063
50690.775	-2.371	0.932	1.231	0.21	0.014	0.062
50691.772	-2.372	0.941	1.253	0.22	0.015	0.063
50692.771	-2.370	0.933	1.228	0.21	0.014	0.062
50694.765	-2.370	0.935	1.207	0.20	0.015	0.061
50697.757	-2.368	0.927	1.202	0.20	0.014	0.060
50698.754	-2.372	0.928	1.220	0.21	0.014	0.061
50699.751	-2.364	0.937	1.177	0.17	0.015	0.059
50701.746	-2.369	0.951	1.163	0.15	0.015	0.058
50702.743	-2.369	0.943	1.218	0.20	0.015	0.061
50703.740	-2.370	0.932	1.204	0.20	0.014	0.060
50704.737	-2.370	0.940	1.241	0.21	0.015	0.062
50705.734	-2.374	0.947	1.269	0.22	0.015	0.064
50706.731	-2.372	0.950	1.195	0.18	0.015	0.060
50708.727	-2.375	0.932	1.243	0.22	0.014	0.062
50709.724	-2.371	0.938	1.215	0.20	0.015	0.061
50710.721	-2.370	0.929	1.201	0.20	0.014	0.060
50711.718	-2.373	0.930	1.223	0.21	0.014	0.061
50713.713	-2.373	0.934	1.234	0.21	0.014	0.062
50715.707	-2.374	0.941	1.247	0.22	0.015	0.063
50716.705	-2.372	0.925	1.198	0.20	0.014	0.060
50717.702	-2.371	0.941	1.225	0.20	0.015	0.062
50718.699	-2.369	0.924	1.230	0.22	0.014	0.062
50719.696	-2.370	0.952	1.341	0.26	0.015	0.067
50720.693	-2.373	0.942	1.291	0.24	0.015	0.065
50721.691	-2.370	0.939	1.208	0.19	0.015	0.061
50722.688	-2.369	0.952	1.261	0.22	0.015	0.063
50723.686	-2.370	0.942	1.229	0.20	0.015	0.062
50724.683	-2.369	0.934	1.212	0.20	0.014	0.061
50725.680	-2.369	0.928	1.186	0.19	0.014	0.060
50726.678	-2.369	0.933	1.192	0.19	0.014	0.060
50727.675	-2.371	0.921	1.161	0.18	0.014	0.058
50729.669	-2.370	0.943	1.230	0.20	0.015	0.062
50730.666	-2.373	0.936	1.224	0.21	0.015	0.061
50731.664	-2.371	0.934	1.219	0.20	0.014	0.061
50732.661	-2.371	0.943	1.245	0.21	0.015	0.063
50733.658	-2.370	0.932	1.219	0.21	0.014	0.061
50734.655	-2.373	0.925	1.201	0.20	0.014	0.060
50736.650	-2.365	0.931	1.222	0.21	0.014	0.061
50737.647	-2.374	0.933	1.167	0.17	0.014	0.059
50738.645	-2.369	0.941	1.237	0.21	0.015	0.062
50739.642	-2.369	0.934	1.230	0.21	0.014	0.062
50740.640	-2.367	0.930	1.202	0.20	0.014	0.060
50741.637	-2.367	0.919	1.236	0.23	0.014	0.062
50743.631	-2.372	0.936	1.208	0.19	0.015	0.061
50744.628	-2.369	0.944	1.229	0.20	0.015	0.062
50745.626	-2.370	0.942	1.236	0.21	0.015	0.062
50746.623	-2.369	0.857	1.239	0.28	0.013	0.062
50747.620	-2.370	0.856	1.340	0.34	0.013	0.067
50748.617	-2.373	0.878	1.267	0.28	0.014	0.064
50749.614	-2.372	0.939	1.205	0.19	0.015	0.061
50750.612	-2.371	0.934	1.230	0.21	0.014	0.062
50751.609	-2.370	0.926	1.214	0.21	0.014	0.061
50752.606	-2.369	0.758	1.242	0.38	0.012	0.062
50753.604	-2.368	0.921	0.837	-0.07	0.014	0.042
50754.601	-2.370	0.959	1.189	0.17	0.015	0.060
50755.599	-2.371	0.951	1.242	0.20	0.015	0.062
50757.593	-2.371	0.664	1.181	0.44	0.011	0.059
50758.590	-2.367	0.963	1.260	0.21	0.015	0.063
50759.587	-2.369	0.504	1.155	0.63	0.008	0.058
50761.582	-2.370	0.501	1.221	0.68	0.008	0.061
50762.579	-2.365	0.965	1.236	0.19	0.015	0.062
50764.574	-2.359	0.955	1.204	0.18	0.015	0.060
50765.572	-2.345	0.971	1.331	0.24	0.015	0.067
50766.570	-2.325	0.969	1.302	0.23	0.015	0.065
50767.566	-2.358	0.823	1.225	0.31	0.013	0.062
50768.563	-2.347	0.971	1.253	0.19	0.015	0.063
50769.561	-2.361	0.990	1.289	0.20	0.015	0.065
50771.555	-2.361	0.968	1.262	0.20	0.015	0.063
50772.553	-2.347	0.945	1.259	0.22	0.015	0.063
50773.550	-2.346	0.961	1.296	0.23	0.015	0.065
50774.547	-2.357	0.961	1.294	0.23	0.015	0.065
50775.544	-2.351	0.958	1.298	0.23	0.015	0.065
50776.542	-2.347	0.960	1.241	0.20	0.015	0.062
50777.539	-2.348	0.965	1.277	0.22	0.015	0.064
50778.536	-2.357	0.959	1.276	0.22	0.015	0.064
50780.530	-2.356	0.948	1.265	0.22	0.015	0.064
50781.527	-2.360	0.508	1.270	0.70	0.008	0.064
50782.525	-2.349	0.955	1.259	0.21	0.015	0.063
50783.522	-2.345	0.958	1.308	0.24	0.015	0.066
50784.521	-2.344	0.993	1.335	0.23	0.015	0.067
50785.517	-2.369	0.978	1.301	0.22	0.015	0.065
50786.514	-2.366	0.511	1.292	0.71	0.009	0.065
50787.511	-2.371	0.976	1.301	0.22	0.015	0.065
50788.508	-2.372	0.972	1.295	0.22	0.015	0.065
50789.506	-2.366	0.964	1.259	0.20	0.015	0.063
50790.503	-2.369	0.959	1.297	0.23	0.015	0.065
50791.500	-2.365	0.950	1.264	0.22	0.015	0.063
50792.497	-2.375	0.911	0.616	-0.30	0.014	0.031
50793.494	-2.371	0.962	1.281	0.22	0.015	0.064
50794.492	-2.369	0.955	1.278	0.22	0.015	0.064
50795.489	-2.372	0.968	1.284	0.22	0.015	0.064
50796.486	-2.370	0.964	1.301	0.23	0.015	0.065
50797.483	-2.369	0.957	1.290	0.23	0.015	0.065
50798.480	-2.370	0.959	1.284	0.22	0.015	0.064
50799.479	-2.371	0.968	1.308	0.23	0.015	0.066
50800.476	-2.371	0.954	1.283	0.23	0.015	0.064
50801.473	-2.369	0.963	1.310	0.24	0.015	0.066
50802.470	-2.370	0.872	1.286	0.30	0.014	0.065
50803.468	-2.365	0.960	1.299	0.23	0.015	0.065
50804.465	-2.365	0.978	0.905	-0.06	0.015	0.046
50805.462	-2.371	0.952	1.296	0.24	0.015	0.065
50806.459	-2.371	0.954	1.328	0.25	0.015	0.067
50810.448	-2.370	0.968	1.373	0.27	0.015	0.069
50811.445	-2.372	0.965	1.332	0.25	0.015	0.067
50813.439	-2.371	0.953	1.302	0.24	0.015	0.065
50816.432	-2.366	0.963	1.316	0.24	0.015	0.066
50817.429	-2.370	0.952	1.337	0.26	0.015	0.067
50818.426	-2.370	0.967	1.341	0.25	0.015	0.067
50819.424	-2.365	0.959	1.313	0.24	0.015	0.066
50820.421	-2.373	0.967	1.411	0.29	0.015	0.071
50821.418	-2.371	0.513	1.326	0.73	0.009	0.067
50822.415	-2.369	0.964	1.503	0.34	0.015	0.075
50823.412	-2.371	0.962	1.351	0.26	0.015	0.068
50824.410	-2.371	0.961	1.318	0.24	0.015	0.066
50825.407	-2.368	0.954	1.324	0.25	0.015	0.066
50827.401	-2.374	0.962	1.334	0.25	0.015	0.067
50828.398	-2.372	0.689	1.288	0.48	0.011	0.065
50829.396	-2.372	0.958	1.339	0.26	0.015	0.067
50830.394	-2.371	0.970	1.308	0.23	0.015	0.066
50831.391	-2.368	0.969	1.302	0.23	0.015	0.065
50832.388	-2.371	0.968	1.313	0.23	0.015	0.066
50833.386	-2.367	0.954	1.314	0.25	0.015	0.066
50834.383	-2.374	0.972	1.290	0.22	0.015	0.065
50835.380	-2.370	0.967	1.340	0.25	0.015	0.067
50837.374	-2.373	0.961	1.312	0.24	0.015	0.066
50838.371	-2.374	0.957	1.240	0.20	0.015	0.062
50839.369	-2.372	0.966	1.312	0.23	0.015	0.066
50840.366	-2.371	0.964	1.315	0.24	0.015	0.066
50842.360	-2.371	0.948	1.307	0.25	0.015	0.066
50843.358	-2.371	0.968	1.349	0.25	0.015	0.068
50844.355	-2.367	0.968	1.361	0.26	0.015	0.068
50845.353	-2.370	0.967	1.334	0.25	0.015	0.067
50846.350	-2.368	0.957	1.321	0.25	0.015	0.066
50847.347	-2.370	0.951	1.272	0.22	0.015	0.064
50849.342	-2.369	0.970	1.384	0.27	0.015	0.069
50850.339	-2.366	0.965	1.398	0.28	0.015	0.070
50851.336	-2.369	0.961	1.343	0.26	0.015	0.067
50852.333	-2.371	0.964	1.307	0.23	0.015	0.066
50853.331	-2.368	0.975	1.322	0.23	0.015	0.066
50854.328	-2.368	0.977	1.301	0.22	0.015	0.065
50855.325	-2.370	0.975	1.296	0.22	0.015	0.065
50856.322	-2.373	0.827	1.300	0.35	0.013	0.065
50857.319	-2.371	0.963	1.333	0.25	0.015	0.067
50858.317	-2.372	0.987	1.293	0.21	0.015	0.065
50859.314	-2.372	0.979	1.324	0.23	0.015	0.066
50860.312	-2.369	0.979	1.335	0.24	0.015	0.067
50861.309	-2.372	0.974	1.359	0.25	0.015	0.068
50862.307	-2.368	0.967	1.377	0.27	0.015	0.069
50863.304	-2.366	0.976	1.326	0.23	0.015	0.067
50864.301	-2.369	0.975	1.364	0.26	0.015	0.068
50865.298	-2.370	0.977	1.382	0.27	0.015	0.069
50866.295	-2.367	0.962	1.350	0.26	0.015	0.068
50867.292	-2.372	0.958	1.179	0.16	0.015	0.059
50868.290	-2.373	0.956	1.240	0.20	0.015	0.062
50869.287	-2.365	0.949	1.090	0.11	0.015	0.055
50870.284	-2.369	0.968	1.332	0.25	0.015	0.067
50871.281	-2.373	0.971	1.294	0.22	0.015	0.065
50872.278	-2.371	0.965	1.287	0.22	0.015	0.065
50873.276	-2.369	0.971	1.295	0.22	0.015	0.065
50874.276	-2.372	0.966	1.321	0.24	0.015	0.066
50875.271	-2.370	0.980	1.337	0.24	0.015	0.067
50876.268	-2.369	0.960	1.287	0.22	0.015	0.065
50877.266	-2.369	0.970	1.284	0.22	0.015	0.064
50878.263	-2.367	0.973	1.297	0.22	0.015	0.065
50879.260	-2.367	0.963	1.293	0.23	0.015	0.065
50880.257	-2.367	0.959	1.314	0.24	0.015	0.066
50881.254	-2.373	0.537	1.415	0.74	0.009	0.071
50882.252	-2.367	1.010	1.364	0.23	0.016	0.068
50883.249	-2.370	0.667	1.302	0.51	0.011	0.065
50884.246	-2.373	0.969	1.274	0.21	0.015	0.064
50885.243	-2.370	0.980	1.261	0.19	0.015	0.063
50886.240	-2.373	0.970	1.233	0.18	0.015	0.062
50887.238	-2.369	0.974	1.275	0.21	0.015	0.064
50888.235	-2.373	0.972	1.316	0.23	0.015	0.066
50889.232	-2.368	0.982	1.313	0.22	0.015	0.066
50890.229	-2.369	0.521	1.388	0.75	0.009	0.070
50891.227	-2.371	0.496	1.350	0.77	0.008	0.068
50892.225	-2.369	1.010	1.365	0.23	0.016	0.068
50893.222	-2.370	0.963	1.239	0.19	0.015	0.062
50894.219	-2.370	0.979	1.328	0.23	0.015	0.067
50895.216	-2.367	0.975	1.311	0.23	0.015	0.066
50896.213	-2.368	0.992	1.284	0.20	0.015	0.064
50897.210	-2.373	0.984	1.286	0.20	0.015	0.065
50898.208	-2.369	0.981	1.304	0.22	0.015	0.065
50899.205	-2.368	0.984	1.313	0.22	0.015	0.066
50900.202	-2.365	0.526	1.291	0.69	0.009	0.065
50901.200	-2.365	0.993	1.289	0.20	0.015	0.065
50902.197	-2.369	0.989	1.305	0.21	0.015	0.065
50903.194	-2.368	0.966	1.283	0.22	0.015	0.064
50904.191	-2.370	0.976	1.352	0.25	0.015	0.068
50905.188	-2.367	0.975	1.293	0.22	0.015	0.065
50906.186	-2.369	0.973	1.294	0.22	0.015	0.065
50907.184	-2.368	0.977	1.496	0.33	0.015	0.075
50908.181	-2.370	0.977	1.339	0.24	0.015	0.067
50909.178	-2.366	0.962	1.285	0.22	0.015	0.065
50910.175	-2.369	0.977	1.319	0.23	0.015	0.066
50911.173	-2.367	0.980	1.344	0.24	0.015	0.067
50912.170	-2.372	0.975	1.346	0.25	0.015	0.068
50913.167	-2.370	0.971	1.311	0.23	0.015	0.066
50914.164	-2.371	0.987	1.344	0.24	0.015	0.067
50915.161	-2.367	0.980	1.313	0.22	0.015	0.066
50916.159	-2.362	0.978	1.310	0.22	0.015	0.066
50917.156	-2.366	0.973	1.333	0.24	0.015	0.067
50918.153	-2.370	0.982	1.341	0.24	0.015	0.067
50919.150	-2.367	0.974	1.374	0.26	0.015	0.069
50920.147	-2.369	0.985	1.475	0.31	0.015	0.074
50921.146	-2.363	0.979	1.354	0.25	0.015	0.068
50922.143	-2.366	0.975	1.349	0.25	0.015	0.068
50923.140	-2.367	0.978	1.273	0.20	0.015	0.064
50924.137	-2.373	0.989	1.390	0.26	0.015	0.070
50925.134	-2.371	0.983	1.381	0.26	0.015	0.069
50926.132	-2.369	0.983	1.377	0.26	0.015	0.069
50927.129	-2.367	0.992	1.396	0.26	0.015	0.070
50928.126	-2.367	0.994	1.406	0.27	0.015	0.071
50929.123	-2.368	0.988	1.383	0.26	0.015	0.069
50930.120	-2.369	0.974	1.176	0.14	0.015	0.059
50931.117	-2.372	0.979	1.335	0.24	0.015	0.067
50932.115	-2.367	0.985	1.346	0.24	0.015	0.068
50933.112	-2.369	0.971	1.333	0.24	0.015	0.067
50934.109	-2.365	0.979	1.345	0.24	0.015	0.067
50935.106	-2.373	0.985	1.489	0.32	0.015	0.075
50936.104	-2.369	0.988	1.431	0.28	0.015	0.072
50937.102	-2.370	0.984	1.313	0.22	0.015	0.066
50938.099	-2.372	0.996	1.373	0.25	0.015	0.069
50939.096	-2.373	1.007	1.410	0.26	0.016	0.071
50940.093	-2.370	0.994	1.380	0.25	0.015	0.069
50941.091	-2.372	0.984	1.340	0.24	0.015	0.067
50942.088	-2.374	0.981	1.391	0.27	0.015	0.070
50943.085	-2.370	0.991	1.366	0.25	0.015	0.069
50944.082	-2.372	0.985	1.409	0.27	0.015	0.071
50945.079	-2.369	0.994	1.438	0.28	0.015	0.072
50946.077	-2.373	0.988	1.409	0.27	0.015	0.071
50947.074	-2.365	0.908	1.378	0.32	0.014	0.069
50948.071	-2.372	0.964	1.343	0.25	0.015	0.067
50949.068	-2.367	0.984	1.378	0.26	0.015	0.069
50950.065	-2.369	0.529	1.473	0.79	0.009	0.074
50951.063	-2.369	0.986	1.434	0.29	0.015	0.072
50952.061	-2.369	0.981	1.400	0.27	0.015	0.070
50953.058	-2.366	0.992	1.424	0.28	0.015	0.071
50954.055	-2.370	0.799	1.425	0.44	0.013	0.071
50955.053	-2.368	0.979	1.417	0.28	0.015	0.071
50956.050	-2.371	0.979	1.382	0.26	0.015	0.069
50957.047	-2.368	0.999	1.490	0.31	0.015	0.075
50958.044	-2.372	0.779	1.398	0.45	0.012	0.070
50959.041	-2.367	0.989	1.464	0.30	0.015	0.073
50960.038	-2.370	0.993	1.411	0.27	0.015	0.071
50961.036	-2.370	0.966	1.452	0.31	0.015	0.073
50962.033	-2.366	0.826	1.418	0.41	0.013	0.071
50963.030	-2.370	0.999	1.422	0.27	0.015	0.071
50964.027	-2.374	1.000	1.426	0.27	0.015	0.072
50965.025	-2.368	0.999	1.481	0.30	0.015	0.074
50966.022	-2.373	1.001	1.468	0.29	0.015	0.074
50967.020	-2.360	0.968	1.261	0.20	0.015	0.063
50968.017	-2.370	0.988	1.434	0.28	0.015	0.072
50969.014	-2.367	0.978	1.461	0.31	0.015	0.073
50970.011	-2.371	1.001	1.590	0.35	0.015	0.080
50971.009	-2.369	1.023	1.466	0.28	0.016	0.074
50972.006	-2.366	0.992	1.512	0.32	0.015	0.076
50974.000	-2.369	1.003	1.425	0.27	0.015	0.071
50974.998	-2.366	1.002	1.538	0.33	0.015	0.077
50975.995	-2.370	1.012	1.312	0.20	0.016	0.066
50976.992	-2.366	1.002	1.500	0.31	0.015	0.075
50977.989	-2.370	1.001	1.454	0.29	0.015	0.073
50978.986	-2.368	0.996	1.536	0.33	0.015	0.077
50979.984	-2.370	0.993	1.424	0.28	0.015	0.071
50980.981	-2.372	0.975	1.432	0.29	0.015	0.072
50981.979	-2.372	0.947	1.516	0.36	0.015	0.076
50982.976	-2.371	0.987	1.499	0.32	0.015	0.075
50983.973	-2.370	0.933	1.472	0.35	0.014	0.074
50984.971	-2.369	0.865	1.526	0.44	0.013	0.077
50985.968	-2.367	0.941	1.573	0.39	0.015	0.079
50986.965	-2.373	0.977	1.580	0.37	0.015	0.079
50987.962	-2.370	0.969	1.539	0.35	0.015	0.077
50988.959	-2.374	1.000	1.508	0.31	0.015	0.076
50989.957	-2.371	1.003	1.632	0.37	0.015	0.082
50990.954	-2.367	1.031	1.623	0.35	0.016	0.081
50991.951	-2.372	0.918	1.624	0.44	0.014	0.081
50992.948	-2.372	1.008	1.604	0.36	0.016	0.080
50993.945	-2.368	1.008	1.655	0.38	0.016	0.083
50994.942	-2.372	1.001	1.591	0.35	0.015	0.080
50995.940	-2.373	1.007	1.612	0.36	0.016	0.081
50996.938	-2.370	1.006	1.571	0.34	0.016	0.079
50997.935	-2.367	1.012	1.577	0.34	0.016	0.079
50998.932	-2.372	0.990	1.555	0.35	0.015	0.078
50999.930	-2.367	1.013	1.611	0.35	0.016	0.081
51000.927	-2.366	1.016	1.624	0.36	0.016	0.081
51001.924	-2.372	1.025	1.588	0.34	0.016	0.080
51002.921	-2.370	1.009	1.657	0.38	0.016	0.083
51003.918	-2.372	0.987	1.651	0.39	0.015	0.083
51004.916	-2.371	1.006	1.631	0.37	0.016	0.082
51005.913	-2.370	0.968	1.601	0.38	0.015	0.080
51006.910	-2.371	1.002	1.636	0.38	0.015	0.082
51007.907	-2.373	1.026	1.628	0.35	0.016	0.082
51008.904	-2.370	1.016	1.613	0.35	0.016	0.081
51009.902	-2.367	0.931	1.625	0.43	0.014	0.081
51010.899	-2.372	0.996	1.614	0.37	0.015	0.081
51011.896	-2.374	1.013	1.629	0.36	0.016	0.082
51012.894	-2.371	1.010	1.582	0.34	0.016	0.079
51013.892	-2.366	1.018	1.653	0.37	0.016	0.083
51014.889	-2.366	0.998	1.643	0.38	0.015	0.082
51015.886	-2.367	1.014	1.608	0.35	0.016	0.081
51016.883	-2.369	0.974	1.630	0.39	0.015	0.082
51017.880	-2.372	1.003	0.995	-0.01	0.015	0.050
51018.878	-2.368	0.819	1.594	0.51	0.013	0.080
51019.875	-2.371	1.008	1.577	0.34	0.016	0.079
51020.872	-2.373	1.007	1.594	0.35	0.016	0.080
51021.869	-2.371	0.988	1.428	0.28	0.015	0.072
51022.866	-2.369	0.997	1.616	0.37	0.015	0.081
51023.864	-2.369	1.000	1.663	0.39	0.015	0.083
51024.861	-2.369	0.986	1.609	0.38	0.015	0.081
51025.858	-2.373	1.017	1.659	0.38	0.016	0.083
51026.855	-2.371	1.010	1.650	0.38	0.016	0.083
51027.853	-2.368	1.002	1.617	0.37	0.015	0.081
51028.850	-2.373	1.005	1.604	0.36	0.016	0.080
51029.848	-2.368	0.963	1.592	0.38	0.015	0.080
51030.845	-2.366	0.998	1.576	0.35	0.015	0.079
51031.842	-2.372	0.998	1.522	0.32	0.015	0.076
51032.839	-2.367	1.015	1.592	0.34	0.016	0.080
51033.837	-2.366	1.018	1.588	0.34	0.016	0.080
51034.834	-2.370	1.008	1.632	0.37	0.016	0.082
51035.831	-2.371	1.005	1.601	0.36	0.016	0.080
51036.828	-2.366	1.007	1.593	0.35	0.016	0.080
51037.825	-2.372	0.998	1.578	0.35	0.015	0.079
51038.823	-2.371	1.018	1.578	0.34	0.016	0.079
51039.820	-2.372	1.007	0.890	-0.09	0.016	0.045
51040.817	-2.368	0.817	1.283	0.35	0.013	0.064
51041.814	-2.373	0.990	1.660	0.40	0.015	0.083
51044.807	-2.371	1.003	1.624	0.37	0.015	0.081
51046.801	-2.372	0.988	1.503	0.32	0.015	0.075
51047.798	-2.371	1.021	1.641	0.36	0.016	0.082
51048.796	-2.369	1.009	1.402	0.25	0.016	0.070
51049.793	-2.372	0.998	1.304	0.20	0.015	0.065
51050.790	-2.370	0.988	0.782	-0.18	0.015	0.040
51051.787	-2.373	0.926	1.592	0.41	0.014	0.080
51052.786	-2.332	0.981	1.314	0.22	0.015	0.066
51053.782	-2.372	1.003	1.402	0.26	0.015	0.070
51054.779	-2.370	1.013	1.527	0.31	0.016	0.077
51055.776	-2.369	0.999	1.497	0.31	0.015	0.075
51056.773	-2.364	1.001	1.468	0.29	0.015	0.074
51057.771	-2.350	0.952	1.487	0.34	0.015	0.075
51058.769	-2.369	1.007	1.544	0.33	0.016	0.077
51060.763	-2.373	1.016	1.456	0.28	0.016	0.073
51061.760	-2.368	0.973	1.440	0.30	0.015	0.072
51062.757	-2.370	0.991	1.457	0.29	0.015	0.073
51064.752	-2.366	0.977	1.360	0.25	0.015	0.068
51068.741	-2.371	0.993	1.425	0.28	0.015	0.071
51069.738	-2.369	0.992	1.419	0.27	0.015	0.071
51070.735	-2.365	1.112	1.789	0.36	0.017	0.090
51074.725	-2.368	0.985	1.524	0.33	0.015	0.076
51075.722	-2.369	1.005	1.494	0.30	0.016	0.075
51076.719	-2.367	1.016	1.518	0.31	0.016	0.076
51077.717	-2.367	1.017	1.574	0.34	0.016	0.079
51078.714	-2.373	1.002	1.477	0.30	0.015	0.074
51079.711	-2.370	0.995	1.417	0.27	0.015	0.071
51081.705	-2.371	1.015	1.497	0.30	0.016	0.075
51082.702	-2.371	0.975	1.447	0.30	0.015	0.073
51083.700	-2.367	0.985	1.267	0.19	0.015	0.064
51084.697	-2.369	0.989	1.431	0.28	0.015	0.072
51085.694	-2.368	1.036	1.689	0.37	0.016	0.085
51089.684	-2.373	1.011	1.454	0.28	0.016	0.073
51090.681	-2.373	1.000	1.456	0.29	0.015	0.073
51091.678	-2.371	1.016	1.445	0.27	0.016	0.072
51092.676	-2.366	0.976	1.005	0.02	0.015	0.051
51093.673	-2.369	0.987	1.605	0.37	0.015	0.080
51095.667	-2.371	0.966	1.452	0.31	0.015	0.073
51096.664	-2.371	0.064	0.034	-0.49	0.004	0.006
51097.662	-2.371	0.989	1.456	0.30	0.015	0.073
51098.659	-2.371	0.990	1.456	0.30	0.015	0.073
51099.656	-2.371	0.999	1.472	0.30	0.015	0.074
51100.653	-2.365	0.993	1.405	0.27	0.015	0.070
51102.648	-2.370	1.008	1.437	0.27	0.016	0.072
51103.646	-2.372	0.997	1.407	0.26	0.015	0.071
51104.643	-2.370	1.003	1.436	0.28	0.015	0.072
51105.640	-2.372	0.996	1.450	0.29	0.015	0.073
51106.638	-2.366	0.983	1.448	0.30	0.015	0.073
51107.635	-2.371	1.009	1.461	0.28	0.016	0.073
51109.629	-2.370	0.999	1.440	0.28	0.015	0.072
51110.626	-2.371	0.986	1.435	0.29	0.015	0.072
51111.624	-2.367	0.981	1.460	0.31	0.015	0.073
51112.621	-2.370	1.003	1.415	0.26	0.015	0.071
51113.618	-2.371	1.011	1.461	0.28	0.016	0.073
51114.615	-2.370	1.011	1.483	0.29	0.016	0.074
51117.607	-2.369	0.991	1.427	0.28	0.015	0.072
51118.604	-2.370	0.980	1.398	0.27	0.015	0.070
51119.602	-2.366	1.012	1.521	0.31	0.016	0.076
51120.599	-2.371	0.985	1.333	0.23	0.015	0.067
51121.596	-2.373	1.004	1.413	0.26	0.016	0.071
51122.594	-2.373	0.862	1.129	0.21	0.013	0.057
51123.591	-2.373	1.003	1.401	0.26	0.015	0.070
51124.588	-2.372	0.976	1.391	0.27	0.015	0.070
51125.585	-2.371	0.931	1.449	0.34	0.014	0.073
51126.582	-2.372	1.011	1.380	0.24	0.016	0.069
51127.580	-2.371	1.012	1.404	0.25	0.016	0.070
51128.577	-2.367	0.980	1.203	0.16	0.015	0.060
51129.574	-2.365	0.956	1.333	0.25	0.015	0.067
51130.571	-2.370	0.938	1.325	0.26	0.015	0.066
51131.569	-2.370	0.971	1.369	0.26	0.015	0.069
51132.566	-2.370	0.997	1.331	0.22	0.015	0.067
51133.563	-2.369	0.949	1.272	0.22	0.015	0.064
51138.550	-2.370	0.999	1.330	0.22	0.015	0.067
51139.547	-2.371	0.832	0.692	-0.14	0.013	0.035
51140.544	-2.370	0.835	0.657	-0.18	0.013	0.033
51142.539	-2.372	0.886	0.668	-0.22	0.014	0.034
51144.533	-2.368	1.004	1.265	0.18	0.016	0.064
51145.531	-2.367	1.014	1.293	0.19	0.016	0.065
51146.528	-2.370	1.000	1.273	0.19	0.015	0.064
51147.525	-2.370	0.994	1.307	0.21	0.015	0.066
51148.522	-2.372	0.913	1.292	0.27	0.014	0.065
51149.520	-2.374	0.895	0.655	-0.24	0.014	0.033
51150.517	-2.373	0.959	1.269	0.22	0.015	0.064
51151.515	-2.367	0.992	1.227	0.16	0.015	0.062
51152.512	-2.370	0.937	1.299	0.25	0.015	0.065
51153.509	-2.367	1.007	1.245	0.16	0.016	0.063
51154.506	-2.372	1.008	1.302	0.20	0.016	0.065
51155.503	-2.368	0.996	1.377	0.25	0.015	0.069
51156.501	-2.372	0.996	1.328	0.22	0.015	0.067
51157.498	-2.372	0.899	0.672	-0.22	0.014	0.034
51158.495	-2.374	0.997	1.298	0.20	0.015	0.065
51159.492	-2.373	0.949	1.240	0.20	0.015	0.062
51160.489	-2.373	0.980	1.114	0.10	0.015	0.056
51161.487	-2.373	0.955	1.101	0.11	0.015	0.055
51162.484	-2.367	0.816	0.647	-0.18	0.013	0.033
51163.481	-2.368	0.938	1.057	0.09	0.015	0.053
51164.479	-2.375	1.002	1.265	0.18	0.015	0.064
51165.476	-2.372	0.943	1.102	0.12	0.015	0.055
51166.474	-2.374	0.935	1.099	0.12	0.015	0.055
51167.471	-2.368	0.987	1.298	0.21	0.015	0.065
51168.468	-2.372	0.994	1.259	0.18	0.015	0.063
51169.465	-2.372	1.014	1.135	0.09	0.016	0.057
51170.462	-2.373	0.869	0.624	-0.25	0.014	0.032
51174.451	-2.376	0.595	0.622	0.03	0.010	0.032
51175.448	-2.372	0.560	0.627	0.09	0.009	0.032
51176.446	-2.372	0.997	1.204	0.14	0.015	0.060
51177.441	-2.409	0.995	1.260	0.18	0.015	0.063
51178.440	-2.373	0.968	1.232	0.19	0.015	0.062
51182.430	-2.370	0.991	1.276	0.19	0.015	0.064
51183.427	-2.375	1.011	1.356	0.22	0.016	0.068
51184.424	-2.371	0.893	1.046	0.12	0.014	0.053
51190.407	-2.373	0.926	1.199	0.20	0.014	0.060
51191.405	-2.374	1.028	1.258	0.16	0.016	0.063
51192.402	-2.372	1.007	1.288	0.19	0.016	0.065
51193.399	-2.370	1.015	1.243	0.16	0.016	0.062
51194.396	-2.374	0.958	1.207	0.18	0.015	0.061
51197.389	-2.369	0.545	1.124	0.56	0.009	0.056
51198.386	-2.372	0.566	1.267	0.62	0.009	0.064
51199.383	-2.370	0.559	1.264	0.62	0.009	0.063
51200.381	-2.373	0.978	1.233	0.18	0.015	0.062
51201.378	-2.372	0.933	1.209	0.20	0.014	0.061
51202.375	-2.370	0.939	1.188	0.18	0.015	0.060
51204.369	-2.374	1.002	1.231	0.16	0.015	0.062
51205.367	-2.372	0.987	1.219	0.16	0.015	0.061
51206.364	-2.368	0.949	1.237	0.20	0.015	0.062
51207.361	-2.368	0.997	1.242	0.17	0.015	0.062
51208.358	-2.369	0.927	1.239	0.22	0.014	0.062
51209.355	-2.372	0.907	1.209	0.22	0.014	0.061
51210.354	-2.373	0.930	1.231	0.22	0.014	0.062
51211.351	-2.369	0.989	1.219	0.16	0.015	0.061
51212.348	-2.375	0.997	1.260	0.18	0.015	0.063
51213.345	-2.373	1.015	1.201	0.13	0.016	0.060
51214.342	-2.372	1.009	1.220	0.14	0.016	0.061
51215.340	-2.374	0.845	1.163	0.25	0.013	0.058
51216.337	-2.372	1.016	1.237	0.15	0.016	0.062
51217.334	-2.369	0.992	1.271	0.19	0.015	0.064
51218.331	-2.370	1.055	1.230	0.12	0.016	0.062
51219.328	-2.372	0.966	1.169	0.15	0.015	0.059
51221.323	-2.371	0.967	1.201	0.17	0.015	0.060
51222.320	-2.374	0.988	1.255	0.18	0.015	0.063
51223.317	-2.372	0.988	1.200	0.15	0.015	0.060
51224.315	-2.371	0.967	1.169	0.14	0.015	0.059
51225.312	-2.370	-1.000	-1.000	-10.00	0.000	0.000
51226.310	-2.369	0.980	1.136	0.11	0.015	0.057
51227.307	-2.371	0.836	1.160	0.25	0.013	0.058
51228.304	-2.372	0.798	1.152	0.28	0.013	0.058
51229.301	-2.372	0.619	1.163	0.48	0.010	0.058
51230.299	-2.373	0.735	1.183	0.37	0.012	0.059
51231.296	-2.370	0.857	1.098	0.19	0.013	0.055
51232.293	-2.371	0.809	1.166	0.28	0.013	0.059
51233.290	-2.372	0.817	1.128	0.25	0.013	0.057
51234.288	-2.370	0.923	1.224	0.22	0.014	0.061
51235.285	-2.372	0.826	1.141	0.25	0.013	0.057
51236.282	-2.373	0.860	1.136	0.21	0.013	0.057
51237.279	-2.373	0.787	1.228	0.34	0.012	0.062
51239.274	-2.371	0.563	1.084	0.50	0.009	0.054
51240.271	-2.371	0.962	1.114	0.11	0.015	0.056
51242.266	-2.370	0.963	0.995	0.03	0.015	0.050
51243.263	-2.374	0.788	1.123	0.27	0.012	0.056
51244.261	-2.370	1.054	1.135	0.06	0.016	0.057
51245.258	-2.370	0.832	0.877	0.04	0.013	0.044
51246.255	-2.368	0.986	1.108	0.09	0.015	0.056
51248.249	-2.372	0.971	1.125	0.11	0.015	0.057
51249.247	-2.372	0.997	1.116	0.09	0.015	0.056
51250.244	-2.370	0.994	1.129	0.10	0.015	0.057
51251.241	-2.370	0.876	1.100	0.17	0.014	0.055
51253.235	-2.371	0.982	1.126	0.10	0.015	0.057
51254.233	-2.373	0.881	1.102	0.17	0.014	0.055
51255.230	-2.371	0.990	1.124	0.10	0.015	0.056
51256.228	-2.370	0.984	1.109	0.09	0.015	0.056
51257.225	-2.370	1.023	1.103	0.06	0.016	0.055
51258.223	-2.367	1.000	1.125	0.09	0.015	0.057
51259.220	-2.371	0.904	1.129	0.17	0.014	0.057
51260.217	-2.368	0.553	1.150	0.56	0.009	0.058
51261.214	-2.372	0.994	1.192	0.14	0.015	0.060
51262.211	-2.371	0.804	1.182	0.29	0.013	0.059
51263.209	-2.369	0.995	1.120	0.09	0.015	0.056
51264.206	-2.368	0.989	1.108	0.09	0.015	0.056
51265.203	-2.371	1.058	1.109	0.04	0.016	0.056
51266.200	-2.371	0.891	1.121	0.18	0.014	0.056
51267.197	-2.374	0.987	1.100	0.08	0.015	0.055
51268.195	-2.370	1.019	1.107	0.06	0.016	0.056
51269.192	-2.367	0.989	1.112	0.09	0.015	0.056
51270.189	-2.374	0.880	1.092	0.17	0.014	0.055
51271.187	-2.370	1.006	1.128	0.09	0.016	0.057
51272.184	-2.371	0.998	1.152	0.11	0.015	0.058
51273.182	-2.369	1.010	1.192	0.13	0.016	0.060
51274.179	-2.373	0.998	1.110	0.08	0.015	0.056
51275.176	-2.373	0.847	1.110	0.21	0.013	0.056
51276.173	-2.370	0.990	1.086	0.07	0.015	0.055
51277.170	-2.369	0.890	1.122	0.18	0.014	0.056
51278.167	-2.374	0.870	1.022	0.12	0.014	0.051
51279.165	-2.374	0.875	1.105	0.18	0.014	0.056
51280.162	-2.368	0.909	1.044	0.11	0.014	0.053
51281.159	-2.371	0.984	1.109	0.09	0.015	0.056
51282.156	-2.370	0.997	1.084	0.06	0.015	0.054
51283.154	-2.369	0.988	1.062	0.05	0.015	0.053
51284.151	-2.369	0.984	1.089	0.08	0.015	0.055
51285.148	-2.372	0.946	1.070	0.09	0.015	0.054
51286.146	-2.374	0.890	1.109	0.17	0.014	0.056
51287.143	-2.374	0.901	1.101	0.15	0.014	0.055
51288.140	-2.373	0.964	1.051	0.07	0.015	0.053
51289.138	-2.372	0.798	1.109	0.25	0.013	0.056
51290.135	-2.374	0.975	1.089	0.09	0.015	0.055
51291.132	-2.369	0.943	1.143	0.15	0.015	0.057
51292.130	-2.367	0.982	1.206	0.16	0.015	0.061
51293.127	-2.369	0.999	1.083	0.06	0.015	0.054
51294.124	-2.370	0.935	1.097	0.12	0.015	0.055
51295.121	-2.371	0.935	1.094	0.12	0.015	0.055
51296.118	-2.369	0.809	1.071	0.22	0.013	0.054
51297.115	-2.374	0.981	1.084	0.08	0.015	0.054
51311.077	-2.371	0.833	1.241	0.31	0.013	0.062
51313.072	-2.370	1.001	0.960	-0.03	0.015	0.048
51316.063	-2.367	0.980	0.981	0.00	0.015	0.049
51317.061	-2.372	0.950	0.769	-0.16	0.015	0.039
51318.059	-2.373	0.929	1.085	0.12	0.014	0.055
51319.056	-2.370	0.991	1.108	0.09	0.015	0.056
51320.053	-2.370	1.007	1.068	0.05	0.016	0.054
51323.045	-2.371	-1.000	-1.000	-10.00	0.000	0.000
51327.034	-2.366	0.969	0.901	-0.06	0.015	0.045
51328.031	-2.370	0.966	1.027	0.05	0.015	0.052
51329.028	-2.369	0.962	1.029	0.05	0.015	0.052
51330.025	-2.371	0.951	1.030	0.06	0.015	0.052
51331.022	-2.369	0.983	1.133	0.11	0.015	0.057
51332.021	-2.368	0.964	1.012	0.04	0.015	0.051
51333.018	-2.368	0.982	1.020	0.03	0.015	0.051
51334.015	-2.369	0.972	1.031	0.05	0.015	0.052
51335.012	-2.367	0.964	1.035	0.05	0.015	0.052
51336.009	-2.369	0.945	0.987	0.03	0.015	0.050
51337.007	-2.370	0.926	0.982	0.05	0.014	0.049
51338.004	-2.366	0.958	1.015	0.04	0.015	0.051
51339.001	-2.370	0.787	0.959	0.15	0.012	0.048
51339.998	-2.366	1.002	0.969	-0.03	0.015	0.049
51340.996	-2.365	0.991	1.007	0.01	0.015	0.051
51341.993	-2.366	0.951	1.009	0.05	0.015	0.051
51342.990	-2.368	1.023	1.002	-0.02	0.016	0.050
51343.987	-2.368	0.987	0.953	-0.03	0.015	0.048
51344.984	-2.368	0.969	0.954	-0.01	0.015	0.048
51345.982	-2.369	0.967	0.905	-0.05	0.015	0.046
51346.979	-2.371	0.966	1.013	0.04	0.015	0.051
51347.977	-2.368	0.975	0.987	0.01	0.015	0.050
51348.974	-2.371	0.972	0.986	0.01	0.015	0.050
51349.971	-2.370	0.973	0.955	-0.01	0.015	0.048
51350.968	-2.373	0.828	0.873	0.04	0.013	0.044
51351.966	-2.368	0.945	0.972	0.02	0.015	0.049
51352.963	-2.373	0.924	0.969	0.04	0.014	0.049
51353.960	-2.374	0.760	0.915	0.14	0.012	0.046
51354.957	-2.370	0.816	0.954	0.12	0.013	0.048
51355.954	-2.371	0.497	0.959	0.50	0.008	0.048
51356.952	-2.373	0.492	0.942	0.50	0.008	0.047
51357.949	-2.373	0.861	0.981	0.10	0.013	0.049
51358.946	-2.373	0.953	0.979	0.02	0.015	0.049
51359.943	-2.371	0.964	0.957	-0.01	0.015	0.048
51360.940	-2.373	0.899	0.923	0.02	0.014	0.047
51361.938	-2.372	0.932	0.963	0.03	0.014	0.048
51366.925	-2.371	0.988	0.979	-0.01	0.015	0.049
51367.922	-2.369	0.874	0.948	0.06	0.014	0.048
51368.919	-2.367	0.876	1.047	0.14	0.014	0.053
51369.916	-2.367	0.509	0.976	0.50	0.008	0.049
51370.914	-2.368	0.518	0.979	0.49	0.009	0.049
51371.911	-2.371	0.746	0.970	0.20	0.012	0.049
51372.908	-2.371	0.528	0.979	0.47	0.009	0.049
51373.905	-2.368	0.951	0.933	-0.01	0.015	0.047
51375.900	-2.368	0.682	0.872	0.19	0.011	0.044
51376.897	-2.368	1.034	0.921	-0.09	0.016	0.046
51377.895	-2.370	0.874	1.004	0.11	0.014	0.051
51378.892	-2.369	0.983	0.985	0.00	0.015	0.050
51379.889	-2.373	0.890	0.995	0.09	0.014	0.050
51380.887	-2.371	0.944	0.934	-0.01	0.015	0.047
51381.884	-2.368	0.794	0.951	0.14	0.012	0.048
51382.881	-2.369	0.909	0.976	0.05	0.014	0.049
51383.878	-2.371	0.929	0.934	0.00	0.014	0.047
51384.875	-2.369	0.990	0.820	-0.14	0.015	0.041
51387.867	-2.364	0.935	0.624	-0.31	0.015	0.032
51388.864	-2.367	0.986	0.995	0.01	0.015	0.050
51389.862	-2.367	0.642	0.902	0.26	0.010	0.045
51390.859	-2.370	0.767	0.908	0.13	0.012	0.046
51391.856	-2.371	0.932	0.961	0.02	0.014	0.048
51392.854	-2.368	0.973	0.916	-0.05	0.015	0.046
51393.851	-2.372	0.975	0.916	-0.05	0.015	0.046
51394.849	-2.367	0.877	0.932	0.05	0.014	0.047
51395.846	-2.370	0.974	0.937	-0.03	0.015	0.047
51396.843	-2.374	0.865	0.919	0.05	0.013	0.046
51397.840	-2.367	0.890	0.937	0.04	0.014	0.047
51398.837	-2.372	0.949	0.791	-0.14	0.015	0.040
51399.834	-2.369	0.907	0.998	0.07	0.014	0.050
51400.832	-2.365	0.957	0.984	0.02	0.015	0.050
51401.829	-2.370	0.917	0.945	0.02	0.014	0.048
51402.827	-2.342	0.959	0.940	-0.01	0.015	0.047
51403.823	-2.372	0.905	1.010	0.08	0.014	0.051
51404.820	-2.373	0.974	0.941	-0.03	0.015	0.047
51405.818	-2.374	0.973	0.891	-0.07	0.015	0.045
51406.815	-2.373	0.909	1.051	0.11	0.014	0.053
51407.812	-2.370	0.831	0.960	0.11	0.013	0.048
51408.810	-2.370	0.973	0.525	-0.47	0.015	0.027
51409.808	-2.369	0.993	0.615	-0.37	0.015	0.031
51410.805	-2.372	0.971	1.073	0.08	0.015	0.054
51411.802	-2.370	0.987	0.974	-0.01	0.015	0.049
51413.796	-2.370	0.978	0.695	-0.26	0.015	0.035
51414.786	-2.540	0.951	1.103	0.11	0.015	0.055
51415.784	-2.539	0.954	0.926	-0.02	0.015	0.047
51416.781	-2.539	0.953	0.918	-0.03	0.015	0.046
51417.778	-2.537	0.960	0.826	-0.12	0.015	0.042
51418.775	-2.536	0.957	1.081	0.09	0.015	0.054
51419.772	-2.541	0.808	0.974	0.14	0.013	0.049
51420.771	-2.540	0.976	0.958	-0.01	0.015	0.048
51421.768	-2.540	0.953	0.974	0.02	0.015	0.049
51422.765	-2.534	0.963	0.957	0.00	0.015	0.048
51424.760	-2.536	0.937	0.950	0.01	0.015	0.048
51425.757	-2.538	0.956	0.974	0.01	0.015	0.049
51426.754	-2.538	0.935	0.979	0.04	0.015	0.049
51427.751	-2.536	0.941	0.862	-0.07	0.015	0.043
51428.748	-2.540	0.956	1.088	0.10	0.015	0.055
51429.745	-2.538	0.948	0.968	0.02	0.015	0.049
51431.740	-2.541	0.949	0.952	0.00	0.015	0.048
51432.737	-2.538	0.953	0.943	-0.01	0.015	0.047
51433.734	-2.534	0.954	0.989	0.03	0.015	0.050
51434.731	-2.541	0.967	0.997	0.02	0.015	0.050
51435.729	-2.536	0.955	0.798	-0.14	0.015	0.040
51436.727	-2.534	0.956	0.951	0.00	0.015	0.048
51438.721	-2.539	0.959	0.985	0.02	0.015	0.050
51439.719	-2.533	0.745	0.977	0.21	0.012	0.049
51440.716	-2.539	0.733	0.980	0.22	0.012	0.049
51441.713	-2.536	0.815	1.058	0.20	0.013	0.053
51442.710	-2.539	0.784	1.040	0.22	0.012	0.052
51443.707	-2.539	0.945	0.994	0.04	0.015	0.050
51445.702	-2.539	0.937	1.030	0.07	0.015	0.052
51446.699	-2.533	0.753	0.916	0.15	0.012	0.046
51447.696	-2.541	0.539	0.971	0.45	0.009	0.049
51453.680	-2.537	0.827	0.924	0.09	0.013	0.047
51454.678	-2.539	0.956	0.932	-0.02	0.015	0.047
51455.675	-2.537	0.942	0.728	-0.20	0.015	0.037
51456.672	-2.534	0.952	0.942	-0.01	0.015	0.047
51457.669	-2.533	0.933	0.938	0.00	0.014	0.047
51459.664	-2.535	0.786	0.947	0.14	0.012	0.048
51460.661	-2.535	0.818	1.008	0.16	0.013	0.051
51461.658	-2.532	0.728	0.986	0.23	0.012	0.050
51462.655	-2.531	0.762	0.984	0.20	0.012	0.050
51463.652	-2.536	0.860	0.958	0.08	0.013	0.048
51464.650	-2.535	0.799	0.951	0.13	0.013	0.048
51466.646	-2.512	0.956	0.924	-0.03	0.015	0.047
51467.642	-2.536	0.955	0.951	0.00	0.015	0.048
51468.640	-2.535	0.880	0.942	0.05	0.014	0.047
51469.637	-2.536	0.909	0.955	0.04	0.014	0.048
51470.634	-2.535	0.856	1.008	0.12	0.013	0.051
51471.631	-2.536	0.783	0.972	0.17	0.012	0.049
51474.623	-2.539	0.943	0.984	0.03	0.015	0.050
51475.620	-2.541	0.932	0.942	0.01	0.014	0.047
51476.617	-2.538	0.930	0.866	-0.05	0.014	0.044
51477.614	-2.536	0.936	0.880	-0.05	0.015	0.044
51478.612	-2.534	0.936	0.861	-0.06	0.015	0.043
51480.606	-2.538	0.883	0.862	-0.02	0.014	0.043
51484.596	-2.534	0.946	0.836	-0.09	0.015	0.042
51486.590	-2.538	0.969	0.982	0.01	0.015	0.049
51487.587	-2.537	0.806	0.836	0.03	0.013	0.042
51488.585	-2.534	0.827	0.846	0.02	0.013	0.043
51489.582	-2.540	0.921	0.875	-0.04	0.014	0.044
51490.579	-2.535	0.735	0.895	0.15	0.012	0.045
51491.576	-2.536	0.739	0.874	0.13	0.012	0.044
51492.573	-2.535	0.734	0.832	0.10	0.012	0.042
51493.571	-2.535	0.853	0.948	0.08	0.013	0.048
51494.568	-2.521	0.954	0.834	-0.10	0.015	0.042
51495.566	-2.521	0.817	0.851	0.03	0.013	0.043
51496.563	-2.521	0.958	0.849	-0.09	0.015	0.043
51497.561	-2.523	0.887	0.829	-0.05	0.014	0.042
51498.558	-2.523	0.922	0.828	-0.08	0.014	0.042
51499.555	-2.523	0.046	0.035	-0.21	0.004	0.006
51500.552	-2.526	0.770	0.447	-0.42	0.012	0.023
51501.550	-2.523	0.953	0.735	-0.20	0.015	0.037
51502.547	-2.523	0.922	0.797	-0.11	0.014	0.040
51503.544	-2.521	0.942	0.805	-0.12	0.015	0.041
51504.541	-2.521	0.745	0.787	0.04	0.012	0.040
51505.540	-2.493	0.899	0.802	-0.09	0.014	0.041
51506.536	-2.518	0.754	0.786	0.03	0.012	0.040
51508.530	-2.520	0.746	0.948	0.18	0.012	0.048
51509.529	-2.493	0.976	0.751	-0.20	0.015	0.038
51510.526	-2.490	0.734	0.703	-0.03	0.012	0.036
51511.523	-2.497	0.951	0.686	-0.25	0.015	0.035
51512.521	-2.492	0.967	0.733	-0.21	0.015	0.037
51513.518	-2.498	0.977	0.694	-0.26	0.015	0.035
51514.516	-2.492	0.973	0.708	-0.24	0.015	0.036
51515.512	-2.520	0.950	0.724	-0.21	0.015	0.037
51516.509	-2.522	0.963	0.755	-0.19	0.015	0.038
51517.506	-2.520	0.950	0.740	-0.19	0.015	0.037
51518.503	-2.524	0.949	0.728	-0.20	0.015	0.037
51519.501	-2.521	0.886	0.693	-0.19	0.014	0.035
51520.498	-2.519	0.913	0.708	-0.19	0.014	0.036
51521.495	-2.522	0.948	0.694	-0.24	0.015	0.035
51522.492	-2.532	0.713	0.817	0.10	0.011	0.041
51526.480	-2.537	0.948	0.673	-0.26	0.015	0.034
51527.478	-2.537	0.950	0.719	-0.21	0.015	0.036
51528.476	-2.536	0.860	0.689	-0.17	0.013	0.035
51529.473	-2.538	0.943	0.730	-0.20	0.015	0.037
51530.470	-2.536	0.723	0.518	-0.25	0.011	0.027
51531.467	-2.538	0.764	0.677	-0.09	0.012	0.034
51532.465	-2.534	0.769	0.700	-0.07	0.012	0.035
51533.462	-2.535	0.960	0.622	-0.33	0.015	0.032
51534.459	-2.537	0.965	0.689	-0.26	0.015	0.035
51541.439	-2.538	0.929	0.642	-0.28	0.014	0.033
51542.438	-2.536	0.929	0.670	-0.25	0.014	0.034
51543.435	-2.534	0.919	0.635	-0.28	0.014	0.032
51549.418	-2.540	0.946	0.664	-0.27	0.015	0.034
51550.415	-2.535	0.925	0.667	-0.25	0.014	0.034
51551.412	-2.537	0.936	0.629	-0.31	0.015	0.032
51552.410	-2.535	0.950	0.642	-0.30	0.015	0.033
51553.407	-2.535	0.910	0.642	-0.27	0.014	0.033
51554.404	-2.536	0.815	0.636	-0.19	0.013	0.032
51558.394	-2.538	0.934	0.694	-0.23	0.014	0.035
51559.391	-2.536	0.788	0.347	-0.63	0.012	0.018
51560.388	-2.539	0.954	0.596	-0.36	0.015	0.030
51561.385	-2.535	0.879	0.457	-0.50	0.014	0.024
51562.383	-2.533	0.835	0.382	-0.60	0.013	0.020
51565.374	-2.538	0.841	0.615	-0.24	0.013	0.031
51566.371	-2.537	0.901	0.594	-0.32	0.014	0.030
51570.360	-2.541	0.719	0.607	-0.13	0.011	0.031
51571.357	-2.540	0.952	0.626	-0.32	0.015	0.032
51572.355	-2.539	0.939	0.688	-0.24	0.015	0.035
51575.347	-2.540	0.775	0.628	-0.16	0.012	0.032
51576.344	-2.537	0.710	0.639	-0.08	0.011	0.032
51577.342	-2.533	0.726	0.606	-0.14	0.012	0.031
51578.339	-2.536	0.764	0.534	-0.27	0.012	0.027
51580.333	-2.540	0.695	0.597	-0.12	0.011	0.030
51581.330	-2.539	0.684	0.599	-0.10	0.011	0.030
51582.328	-2.535	0.808	0.594	-0.24	0.013	0.030
51583.325	-2.535	0.959	0.693	-0.25	0.015	0.035
51584.322	-2.536	0.810	0.598	-0.23	0.013	0.030
51585.319	-2.538	0.495	0.617	0.17	0.008	0.031
51586.316	-2.540	0.508	0.614	0.14	0.008	0.031
51587.314	-2.539	0.510	0.582	0.10	0.008	0.030
51588.312	-2.536	0.484	0.338	-0.28	0.008	0.018
51589.309	-2.540	0.501	0.642	0.19	0.008	0.033
51590.307	-2.534	0.479	0.611	0.19	0.008	0.031
51591.304	-2.536	0.964	0.583	-0.38	0.015	0.030
51592.301	-2.536	0.985	0.398	-0.69	0.015	0.021
51598.284	-2.537	0.817	0.608	-0.23	0.013	0.031
51599.281	-2.536	0.949	0.609	-0.34	0.015	0.031
51600.278	-2.538	0.941	0.609	-0.33	0.015	0.031
51601.276	-2.536	0.943	0.620	-0.32	0.015	0.032
51602.273	-2.534	0.935	0.593	-0.35	0.015	0.030
51603.268	-2.540	0.946	0.597	-0.35	0.015	0.030
51604.268	-2.535	0.779	0.580	-0.23	0.012	0.030
51605.265	-2.537	0.914	0.567	-0.37	0.014	0.029
51606.262	-2.541	0.774	0.592	-0.20	0.012	0.030
51607.260	-2.537	0.909	0.579	-0.35	0.014	0.030
51610.251	-2.537	0.783	0.615	-0.19	0.012	0.031
51611.249	-2.536	0.417	0.541	0.20	0.007	0.028
51612.246	-2.540	0.588	0.603	0.02	0.010	0.031
51613.243	-2.532	0.567	0.592	0.03	0.009	0.030
51614.240	-2.535	0.558	0.582	0.03	0.009	0.030
51615.238	-2.535	0.532	0.562	0.04	0.009	0.029
51616.235	-2.538	0.501	0.587	0.12	0.008	0.030
51617.232	-2.535	0.766	0.560	-0.24	0.012	0.029
51618.229	-2.540	0.808	0.568	-0.27	0.013	0.029
51619.227	-2.535	0.849	0.579	-0.29	0.013	0.030
51620.224	-2.539	0.800	0.613	-0.20	0.013	0.031
51621.222	-2.539	0.935	0.570	-0.38	0.015	0.029
51622.219	-2.538	0.942	0.297	-0.88	0.015	0.016
51623.216	-2.538	0.939	0.576	-0.37	0.015	0.029
51624.213	-2.534	0.916	0.071	-1.96	0.014	0.007
51625.211	-2.537	0.833	0.582	-0.28	0.013	0.030
51626.208	-2.537	0.935	0.590	-0.35	0.015	0.030
51627.205	-2.535	0.710	0.568	-0.17	0.011	0.029
51628.202	-2.537	0.834	0.589	-0.27	0.013	0.030
51629.199	-2.535	0.844	0.559	-0.32	0.013	0.029
51630.197	-2.537	0.790	0.596	-0.22	0.012	0.030
51631.194	-2.534	0.687	0.663	-0.03	0.011	0.034
51633.188	-2.538	0.852	0.586	-0.29	0.013	0.030
51638.175	-2.539	0.705	0.455	-0.34	0.011	0.023
51639.172	-2.536	0.810	0.614	-0.21	0.013	0.031
51640.170	-2.535	0.823	0.587	-0.26	0.013	0.030
51646.153	-2.536	0.941	0.602	-0.34	0.015	0.031
51647.150	-2.536	0.748	0.617	-0.15	0.012	0.031
51648.147	-2.533	0.875	0.629	-0.25	0.014	0.032
51649.145	-2.535	0.790	0.633	-0.17	0.012	0.032
51650.143	-2.534	0.842	0.661	-0.19	0.013	0.034
51651.140	-2.538	0.758	0.731	-0.03	0.012	0.037
51652.137	-2.536	0.938	0.671	-0.26	0.015	0.034
51653.134	-2.537	0.930	0.652	-0.27	0.014	0.033
51654.131	-2.537	0.732	0.645	-0.10	0.012	0.033
51659.118	-2.533	0.520	0.730	0.26	0.009	0.037
51660.115	-2.534	0.928	0.676	-0.24	0.014	0.034
51661.112	-2.535	0.934	0.663	-0.26	0.014	0.034
51662.109	-2.538	0.927	0.647	-0.28	0.014	0.033
51663.106	-2.536	0.946	0.673	-0.26	0.015	0.034
51664.104	-2.542	0.940	0.683	-0.25	0.015	0.035
51665.102	-2.535	0.933	0.653	-0.27	0.014	0.033
51798.731	-2.632	0.850	0.022	-2.80	0.013	0.006
51799.729	-2.637	0.901	0.904	0.00	0.014	0.046
51800.726	-2.635	1.034	1.102	0.05	0.016	0.055
51803.718	-2.638	0.913	1.068	0.12	0.014	0.054
51806.709	-2.635	0.921	1.135	0.16	0.014	0.057
51807.707	-2.638	0.907	1.119	0.16	0.014	0.056
51809.701	-2.639	0.910	1.098	0.14	0.014	0.055
51810.698	-2.636	0.932	1.180	0.18	0.014	0.059
51812.693	-2.639	0.920	0.960	0.03	0.014	0.048
51813.690	-2.639	0.932	1.038	0.08	0.014	0.052
51814.688	-2.635	0.870	0.990	0.10	0.014	0.050
51815.685	-2.646	0.910	1.090	0.14	0.014	0.055
51816.682	-2.638	0.916	1.181	0.19	0.014	0.059
51817.680	-2.638	0.917	1.100	0.14	0.014	0.055
51818.677	-2.638	0.943	1.117	0.13	0.015	0.056
51819.674	-2.636	0.608	1.137	0.48	0.010	0.057
51820.671	-2.641	0.910	0.949	0.03	0.014	0.048
51821.669	-2.632	0.899	1.068	0.13	0.014	0.054
