   50553.274    -3.024     0.914     2.373      0.73   0.014   0.119
   50555.270    -3.022     0.901     2.506      0.78   0.014   0.125
   50556.267    -3.024     0.896     2.494      0.78   0.014   0.125
   50557.264    -3.022     0.913     2.354      0.73   0.014   0.118
   50558.261    -3.021     0.901     2.462      0.77   0.014   0.123
   50559.259    -3.022     0.908     2.333      0.72   0.014   0.117
   50560.256    -3.022     0.893     2.366      0.75   0.014   0.118
   50562.250    -3.021     0.920     2.455      0.75   0.014   0.123
   50563.247    -3.027     0.902     2.419      0.76   0.014   0.121
   50564.245    -3.021     0.935     2.371      0.71   0.015   0.119
   50565.242    -3.022     0.928     2.537      0.77   0.014   0.127
   50566.239    -3.022     0.945     2.697      0.80   0.015   0.135
   50567.236    -3.026     0.934     2.492      0.75   0.014   0.125
   50569.231    -3.024     0.976     2.673      0.77   0.015   0.134
   50570.229    -3.023     0.997     2.762      0.78   0.015   0.138
   50571.226    -3.026     0.983     2.564      0.73   0.015   0.128
   50572.223    -3.019     1.015     2.866      0.80   0.016   0.143
   50573.220    -3.023     1.031     2.779      0.76   0.016   0.139
   50574.218    -3.023     1.038     2.483      0.67   0.016   0.124
   50576.212    -3.024     1.062     2.736      0.73   0.016   0.137
   50576.212    -3.020     1.050     2.785      0.75   0.016   0.139
   50577.209    -3.025     1.034     2.799      0.76   0.016   0.140
   50578.206    -3.028     1.064     2.956      0.78   0.016   0.148
   50579.203    -3.027     1.053     2.892      0.77   0.016   0.145
   50580.201    -3.021     1.056     2.826      0.75   0.016   0.141
   50581.198    -3.022     1.047     2.907      0.78   0.016   0.145
   50582.195    -3.027     1.023     2.933      0.81   0.016   0.147
   50583.192    -3.021     1.016     2.729      0.76   0.016   0.137
   50584.190    -3.025     1.020     3.075      0.85   0.016   0.154
   50585.188    -3.026     0.970     3.018      0.87   0.015   0.151
   50587.182    -3.021     0.991     2.980      0.84   0.015   0.149
   50588.179    -3.021     1.013     3.323      0.91   0.016   0.166
   50589.177    -3.024     0.977     2.837      0.82   0.015   0.142
   50590.174    -3.026     0.973     2.766      0.80   0.015   0.138
   50591.171    -3.027     0.983     2.709      0.78   0.015   0.136
   50592.168    -3.021     0.978     2.819      0.81   0.015   0.141
   50593.165    -3.023     0.946     2.851      0.85   0.015   0.143
   50594.163    -3.022     0.968     2.817      0.82   0.015   0.141
   50595.160    -3.021     0.972     2.820      0.82   0.015   0.141
   50596.157    -3.023     0.954     2.790      0.82   0.015   0.140
   50597.154    -3.027     0.957     2.880      0.84   0.015   0.144
   50598.152    -3.021     0.974     3.078      0.88   0.015   0.154
   50599.149    -3.023     0.983     2.785      0.80   0.015   0.139
   50600.146    -3.026     0.985     2.859      0.82   0.015   0.143
   50601.144    -3.022     1.009     2.997      0.83   0.016   0.150
   50602.141    -3.024     1.034     2.776      0.76   0.016   0.139
   50603.138    -3.026     1.064     2.787      0.74   0.016   0.139
   50604.136    -3.022     1.063     2.788      0.74   0.016   0.140
   50605.133    -3.028     1.065     2.751      0.73   0.016   0.138
   50606.130    -3.021     1.091     2.629      0.67   0.017   0.132
   50607.127    -3.025     1.113     2.617      0.65   0.017   0.131
   50608.125    -3.022     1.127     2.627      0.65   0.017   0.131
   50609.122    -3.024     1.129     2.790      0.69   0.017   0.140
   50610.119    -3.022     1.156     2.805      0.68   0.018   0.140
   50611.116    -3.021     1.183     2.766      0.65   0.018   0.138
   50612.113    -3.024     1.178     2.914      0.69   0.018   0.146
   50613.111    -3.021     1.204     2.923      0.68   0.018   0.146
   50614.108    -3.020     1.235     2.897      0.65   0.019   0.145
   50615.105    -3.024     1.245     2.742      0.61   0.019   0.137
   50616.103    -3.024     1.246     2.713      0.60   0.019   0.136
   50617.100    -3.022     1.268     2.689      0.58   0.019   0.135
   50618.097    -3.027     1.263     2.633      0.56   0.019   0.132
   50619.095    -3.021     1.318     2.891      0.60   0.020   0.145
   50620.092    -3.022     1.356     2.721      0.53   0.021   0.136
   50621.089    -3.027     1.371     2.834      0.56   0.021   0.142
   50622.086    -3.024     1.400     2.718      0.51   0.021   0.136
   50623.084    -3.023     1.413     2.643      0.48   0.022   0.132
   50624.081    -3.021     1.441     2.739      0.49   0.022   0.137
   50625.078    -3.025     1.455     2.807      0.50   0.022   0.140
   50626.075    -3.028     1.387     2.865      0.56   0.021   0.143
   50627.072    -3.025     1.533     2.763      0.45   0.023   0.138
   50628.069    -3.028     1.551     2.801      0.45   0.024   0.140
   50629.067    -3.026     1.535     2.773      0.45   0.023   0.139
   50631.062    -3.022     1.521     1.454     -0.04   0.023   0.073
   50632.059    -3.024     1.611     2.796      0.42   0.024   0.140
   50633.057    -3.024     1.622     2.429      0.31   0.025   0.122
   50634.054    -3.023     1.695     2.850      0.40   0.026   0.143
   50635.051    -3.025     1.704     2.815      0.38   0.026   0.141
   50636.048    -3.021     1.736     2.753      0.35   0.026   0.138
   50637.045    -3.025     1.752     2.770      0.35   0.027   0.139
   50638.042    -3.039     1.795     2.767      0.33   0.027   0.138
   50639.049    -2.799     1.795     2.705      0.31   0.027   0.135
   50640.047    -2.796     1.827     2.770      0.32   0.028   0.139
   50641.044    -2.795     1.792     2.650      0.30   0.027   0.133
   50642.041    -2.796     1.800     2.676      0.30   0.027   0.134
   50643.038    -2.797     1.764     2.720      0.33   0.027   0.136
   50644.036    -2.796     1.800     2.746      0.32   0.027   0.137
   50645.033    -2.798     1.714     2.872      0.40   0.026   0.144
   50646.030    -2.792     1.634     2.731      0.39   0.025   0.137
   50647.027    -2.796     1.643     2.719      0.39   0.025   0.136
   50648.024    -2.796     1.608     2.701      0.40   0.024   0.135
   50649.021    -2.798     1.590     2.644      0.39   0.024   0.132
   50650.020    -2.799     1.568     2.487      0.35   0.024   0.124
   50651.017    -2.796     1.598     2.621      0.38   0.024   0.131
   50652.014    -2.797     1.573     2.556      0.37   0.024   0.128
   50653.011    -2.797     1.580     2.706      0.41   0.024   0.135
   50654.009    -2.796     0.032     0.038      0.13   0.004   0.006
   50655.006    -2.798     1.636     2.537      0.34   0.025   0.127
   50656.003    -2.792     1.563     2.446      0.34   0.024   0.122
   50657.000    -2.793     1.578     2.532      0.36   0.024   0.127
   50657.997    -2.794     1.628     2.533      0.34   0.025   0.127
   50658.995    -2.796     1.614     2.508      0.34   0.024   0.126
   50659.992    -2.796     1.602     2.438      0.32   0.024   0.122
   50660.989    -2.796     1.684     2.532      0.31   0.026   0.127
   50661.986    -2.799     1.644     2.498      0.32   0.025   0.125
   50662.983    -2.797     1.670     2.397      0.28   0.025   0.120
   50663.980    -2.799     1.655     2.518      0.32   0.025   0.126
