   50409.982     2.266     3.265     3.294      0.01   0.049   0.165
   50410.013     3.016     3.280     3.321      0.01   0.049   0.166
   50411.977     2.265     3.356     3.256     -0.02   0.050   0.163
   50412.974     2.266     3.334     2.937     -0.10   0.050   0.147
   50413.857    -0.467     3.278     3.245     -0.01   0.049   0.162
   50416.850    -0.469     3.346     3.712      0.08   0.050   0.186
   50417.847    -0.465     3.269     2.643     -0.16   0.049   0.132
   50422.833    -0.467     3.414     3.310     -0.02   0.051   0.166
   50423.830    -0.467     3.349     3.507      0.04   0.050   0.175
   50423.944     2.270     3.349     2.432     -0.25   0.050   0.122
   50423.964     2.755     3.347     2.338     -0.28   0.050   0.117
   50424.827    -0.469     3.324     3.339      0.00   0.050   0.167
   50424.941     2.267     2.910     0.986     -0.83   0.044   0.050
   50424.962     2.760     2.869     0.956     -0.84   0.043   0.048
   50425.825    -0.466     3.253     3.244      0.00   0.049   0.162
   50425.938     2.269     3.263     3.379      0.03   0.049   0.169
   50425.959     2.757     3.269     3.379      0.03   0.049   0.169
   50426.822    -0.469     3.242     3.185     -0.01   0.049   0.159
   50426.936     2.266     3.279     3.271      0.00   0.049   0.164
   50426.967     3.017     3.282     3.217     -0.01   0.049   0.161
   50427.933     2.264     3.234     3.393      0.04   0.049   0.170
   50427.964     3.015     3.259     3.444      0.04   0.049   0.172
   50428.930     2.265     3.237     3.261      0.01   0.049   0.163
   50428.961     3.016     3.247     3.345      0.02   0.049   0.167
   50429.928     2.266     3.205     2.589     -0.16   0.048   0.130
   50429.959     3.018     3.250     3.317      0.02   0.049   0.166
   50430.925     2.267     3.304     3.561      0.06   0.050   0.178
   50430.956     3.017     3.299     3.484      0.04   0.050   0.174
   50431.922     2.265     3.303     3.440      0.03   0.050   0.172
   50433.916     2.265     3.293     3.545      0.06   0.050   0.177
   50433.947     3.017     3.317     3.561      0.05   0.050   0.178
   50434.914     2.265     3.241     3.444      0.05   0.049   0.172
   50434.944     3.014     3.238     3.440      0.05   0.049   0.172
   50435.911     2.267     3.256     3.306      0.01   0.049   0.165
   50435.941     2.996     3.246     3.289      0.01   0.049   0.165
   50436.908     2.268     3.243     3.324      0.02   0.049   0.166
   50436.939     3.015     3.262     3.356      0.02   0.049   0.168
   50499.798     3.758     3.204     3.099     -0.03   0.048   0.155
   50500.796     3.757     3.240     3.107     -0.03   0.049   0.155
   50501.793     3.758     3.214     3.013     -0.05   0.048   0.151
   50502.790     3.757     3.202     3.164     -0.01   0.048   0.158
   50503.787     3.759     3.202     3.172     -0.01   0.048   0.159
   50505.783     3.796     3.245     3.206     -0.01   0.049   0.160
   50506.780     3.797     3.152     2.932     -0.05   0.047   0.147
   50507.778     3.801     3.235     3.104     -0.03   0.049   0.155
   50508.775     3.796     3.190     2.749     -0.11   0.048   0.138
   50509.772     3.798     3.205     3.088     -0.03   0.048   0.155
   50510.770     3.801     3.285     2.665     -0.16   0.049   0.133
   50512.765     3.798     3.240     3.315      0.02   0.049   0.166
   50513.762     3.796     3.317     3.290     -0.01   0.050   0.165
   50515.756     3.801     3.190     3.100     -0.02   0.048   0.155
   50516.754     3.799     3.216     3.089     -0.03   0.048   0.155
   50517.751     3.797     3.249     3.182     -0.02   0.049   0.159
   50519.745     3.795     3.214     3.078     -0.03   0.048   0.154
   50520.742     3.796     3.255     3.183     -0.02   0.049   0.159
   50521.740     3.799     3.247     2.840     -0.10   0.049   0.142
   50522.737     3.797     3.245     3.245      0.00   0.049   0.162
   50523.734     3.797     3.231     3.098     -0.03   0.049   0.155
   50524.731     3.797     3.234     3.085     -0.04   0.049   0.154
   50526.727     3.799     3.242     3.237      0.00   0.049   0.162
   50527.724     3.801     3.229     3.096     -0.03   0.049   0.155
   50528.721     3.800     3.191     3.061     -0.03   0.048   0.153
   50529.718     3.801     3.243     3.188     -0.01   0.049   0.160
   50530.716     3.800     3.221     3.228      0.00   0.048   0.162
   50533.707     3.796     3.310     3.606      0.07   0.050   0.180
   50535.701     3.795     3.209     2.974     -0.06   0.048   0.149
   50536.699     3.798     3.220     2.930     -0.07   0.048   0.147
   50537.696     3.797     3.243     3.113     -0.03   0.049   0.156
   50539.690     3.800     3.242     3.024     -0.05   0.049   0.151
   50540.688     3.795     3.193     3.013     -0.04   0.048   0.151
   50541.686     3.796     3.178     2.890     -0.07   0.048   0.145
   50542.683     3.799     3.205     3.001     -0.05   0.048   0.150
   50543.680     3.797     3.200     3.012     -0.05   0.048   0.151
   50544.677     3.798     3.191     2.951     -0.06   0.048   0.148
   50545.674     3.796     3.240     3.053     -0.05   0.049   0.153
   50546.672     3.799     3.154     3.105     -0.01   0.047   0.155
   50547.669     3.796     3.264     2.709     -0.14   0.049   0.136
   50548.666     3.798     3.297     3.084     -0.05   0.050   0.154
   50549.663     3.797     3.240     3.064     -0.04   0.049   0.153
   50550.660     3.798     3.200     2.581     -0.17   0.048   0.129
   50551.658     3.799     3.299     3.295      0.00   0.050   0.165
   50552.655     3.796     3.276     3.137     -0.03   0.049   0.157
   50554.649     3.799     3.247     3.006     -0.06   0.049   0.150
   50555.647     3.798     3.225     3.115     -0.03   0.049   0.156
   50556.645     3.794     3.222     2.986     -0.06   0.048   0.149
   50557.642     3.798     3.201     2.930     -0.07   0.048   0.147
   50558.639     3.800     3.201     2.966     -0.06   0.048   0.148
   50559.636     3.794     3.232     2.858     -0.09   0.049   0.143
   50561.631     3.798     3.237     2.991     -0.06   0.049   0.150
   50562.628     3.798     3.183     3.025     -0.04   0.048   0.151
   50563.625     3.801     3.211     2.881     -0.08   0.048   0.144
   50564.622     3.801     3.200     2.787     -0.11   0.048   0.139
   50565.620     3.798     3.205     2.803     -0.10   0.048   0.140
   50566.617     3.798     3.203     2.908     -0.07   0.048   0.146
   50568.611     3.798     3.253     2.784     -0.12   0.049   0.139
   50569.608     3.796     3.141     2.811     -0.09   0.047   0.141
   50570.605     3.795     3.244     2.865     -0.09   0.049   0.143
   50571.604     3.801     3.195     2.858     -0.09   0.048   0.143
   50572.601     3.793     3.267     2.943     -0.08   0.049   0.147
   50573.598     3.796     3.211     2.834     -0.10   0.048   0.142
   50575.593     3.796     3.215     2.908     -0.08   0.048   0.146
   50576.590     3.797     3.251     2.815     -0.11   0.049   0.141
   50577.587     3.798     3.215     3.007     -0.05   0.048   0.150
   50578.584     3.796     3.281     2.844     -0.11   0.049   0.142
   50579.581     3.800     3.208     2.775     -0.11   0.048   0.139
   50580.579     3.795     3.213     2.730     -0.12   0.048   0.137
   50582.573     3.798     3.192     2.787     -0.10   0.048   0.139
   50583.570     3.799     3.221     2.855     -0.09   0.048   0.143
   50584.567     3.797     3.227     2.810     -0.11   0.049   0.141
   50585.565     3.795     3.189     2.567     -0.17   0.048   0.128
   50587.560     3.798     3.253     2.925     -0.08   0.049   0.146
   50590.552     3.797     3.257     2.717     -0.14   0.049   0.136
   50591.549     3.796     3.241     2.558     -0.18   0.049   0.128
   50592.546     3.800     3.243     2.719     -0.14   0.049   0.136
   50593.543     3.794     3.237     2.727     -0.13   0.049   0.136
   50594.540     3.797     3.247     2.651     -0.16   0.049   0.133
   50596.536     3.813     3.239     2.603     -0.17   0.049   0.130
   50597.533     3.813     3.253     2.618     -0.17   0.049   0.131
   50598.530     3.811     3.243     2.771     -0.12   0.049   0.139
   50599.527     3.812     3.233     2.614     -0.16   0.049   0.131
   50600.525     3.822     3.227     2.744     -0.12   0.049   0.137
   50601.522     3.820     3.238     2.758     -0.12   0.049   0.138
   50602.519     3.806     3.215     2.680     -0.14   0.048   0.134
   50603.516     3.799     3.242     2.643     -0.16   0.049   0.132
   50604.513     3.796     3.253     2.591     -0.17   0.049   0.130
   50605.511     3.796     3.265     2.557     -0.19   0.049   0.128
   50606.508     3.798     3.252     2.528     -0.19   0.049   0.127
   50607.505     3.799     3.250     2.454     -0.22   0.049   0.123
   50608.502     3.798     3.280     2.575     -0.19   0.049   0.129
   50609.499     3.796     3.254     2.595     -0.17   0.049   0.130
   50610.497     3.801     3.286     2.482     -0.22   0.049   0.124
   50611.494     3.794     3.253     2.451     -0.22   0.049   0.123
   50612.491     3.795     3.235     2.496     -0.20   0.049   0.125
   50613.488     3.800     3.186     1.989     -0.36   0.048   0.100
   50614.486     3.797     3.270     2.535     -0.19   0.049   0.127
   50615.483     3.800     3.295     2.522     -0.20   0.050   0.126
   50616.480     3.797     3.200     2.482     -0.19   0.048   0.124
   50617.478     3.800     3.183     2.423     -0.21   0.048   0.121
   50618.475     3.799     3.239     2.574     -0.18   0.049   0.129
   50619.473     3.798     3.262     2.495     -0.20   0.049   0.125
   50620.470     3.795     3.248     2.486     -0.20   0.049   0.124
   50621.467     3.796     3.258     2.500     -0.20   0.049   0.125
   50622.464     3.795     3.251     2.548     -0.19   0.049   0.128
   50623.461     3.797     3.284     2.539     -0.20   0.049   0.127
   50624.459     3.795     3.304     2.490     -0.22   0.050   0.125
   50625.456     3.799     3.289     2.570     -0.19   0.049   0.129
   50626.453     3.800     3.303     2.576     -0.19   0.050   0.129
   50627.450     3.793     3.296     2.553     -0.20   0.050   0.128
   50628.447     3.797     3.294     2.478     -0.22   0.050   0.124
   50629.445     3.795     3.258     2.536     -0.19   0.049   0.127
   50631.439     3.807     3.233     2.556     -0.18   0.049   0.128
   50632.438     3.805     3.286     2.872     -0.10   0.049   0.144
   50633.435     3.804     3.262     2.696     -0.15   0.049   0.135
   50634.432     3.808     3.231     2.687     -0.14   0.049   0.134
   50635.429     3.804     3.259     2.656     -0.16   0.049   0.133
   50636.426     3.807     3.267     2.692     -0.15   0.049   0.135
   50637.424     3.809     3.347     2.663     -0.17   0.050   0.133
   50638.421     3.805     3.294     2.663     -0.16   0.050   0.133
   50639.418     3.804     3.241     2.619     -0.16   0.049   0.131
   50640.415     3.805     3.329     2.721     -0.15   0.050   0.136
   50641.412     3.805     3.331     2.720     -0.16   0.050   0.136
   50642.409     3.803     3.292     2.760     -0.14   0.050   0.138
   50643.407     3.806     3.276     2.700     -0.15   0.049   0.135
   50644.404     3.804     3.339     2.791     -0.14   0.050   0.140
   50645.401     3.802     3.238     2.817     -0.11   0.049   0.141
   50646.398     3.803     3.253     2.802     -0.11   0.049   0.140
   50647.396     3.806     3.248     2.789     -0.12   0.049   0.140
   50648.394     3.808     3.209     2.724     -0.13   0.048   0.136
   50649.391     3.805     3.267     2.787     -0.12   0.049   0.139
   50650.388     3.804     3.248     2.737     -0.13   0.049   0.137
   50651.385     3.806     3.242     2.728     -0.13   0.049   0.137
   50652.383     3.806     3.190     1.144     -0.79   0.048   0.057
   50653.380     3.805     3.221     2.987     -0.06   0.048   0.149
   50654.377     3.808     3.238     2.741     -0.13   0.049   0.137
   50656.372     3.808     3.233     2.692     -0.14   0.049   0.135
   50657.369     3.809     3.248     2.828     -0.11   0.049   0.142
   50658.366     3.804     3.209     2.769     -0.11   0.048   0.139
   50659.363     3.804     3.236     2.707     -0.14   0.049   0.135
   50660.360     3.806     2.372     2.247     -0.04   0.036   0.112
   50662.355     3.801     3.286     2.704     -0.15   0.049   0.135
   50663.353     3.805     3.246     2.714     -0.14   0.049   0.136
   50664.350     3.808     3.220     2.656     -0.15   0.048   0.133
   50665.347     3.808     3.213     2.655     -0.15   0.048   0.133
   50666.345     3.809     3.279     2.698     -0.15   0.049   0.135
   50667.342     3.804     3.258     2.639     -0.16   0.049   0.132
   50668.339     3.806     3.267     2.637     -0.16   0.049   0.132
   50670.333     3.803     3.220     2.599     -0.16   0.048   0.130
   50671.330     3.803     3.264     2.746     -0.13   0.049   0.137
   50672.328     3.808     3.328     2.770     -0.14   0.050   0.139
   50673.325     3.809     3.264     2.739     -0.13   0.049   0.137
   50674.322     3.805     3.163     2.714     -0.12   0.048   0.136
   50675.320     3.809     3.241     2.686     -0.14   0.049   0.134
   50676.317     3.805     3.233     2.703     -0.14   0.049   0.135
   50678.312     3.808     3.168     2.525     -0.17   0.048   0.126
   50679.309     3.807     3.189     2.731     -0.12   0.048   0.137
   50680.306     3.807     3.187     2.356     -0.23   0.048   0.118
   50681.303     3.804     3.186     2.736     -0.12   0.048   0.137
   50682.301     3.805     3.218     2.622     -0.16   0.048   0.131
   50683.298     3.807     3.183     2.644     -0.14   0.048   0.132
   50684.295     3.805     3.235     2.637     -0.16   0.049   0.132
   50685.292     3.805     3.215     2.652     -0.15   0.048   0.133
   50686.290     3.809     3.199     2.681     -0.14   0.048   0.134
   50687.287     3.805     3.247     2.693     -0.14   0.049   0.135
   50688.284     3.805     3.222     2.722     -0.13   0.048   0.136
   50689.281     3.808     3.208     2.592     -0.16   0.048   0.130
   50690.278     3.805     3.224     2.628     -0.16   0.049   0.132
   50691.276     3.805     3.208     2.582     -0.17   0.048   0.129
   50692.273     3.805     3.231     2.677     -0.14   0.049   0.134
   50693.271     3.808     3.240     2.684     -0.14   0.049   0.134
   50694.268     3.808     3.237     2.614     -0.16   0.049   0.131
   50697.260     3.805     3.243     2.613     -0.17   0.049   0.131
   50698.257     3.802     3.226     2.626     -0.16   0.049   0.131
   50699.254     3.807     3.202     2.607     -0.16   0.048   0.130
   50700.251     3.805     3.236     2.602     -0.17   0.049   0.130
   50701.249     3.808     3.186     2.559     -0.17   0.048   0.128
   50702.246     3.802     3.178     2.596     -0.16   0.048   0.130
   50703.243     3.803     3.214     2.625     -0.16   0.048   0.131
   50704.240     3.806     3.230     2.645     -0.15   0.049   0.132
   50705.237     3.802     3.236     2.636     -0.16   0.049   0.132
   50706.235     3.807     3.213     2.623     -0.16   0.048   0.131
   50707.232     3.804     3.221     2.622     -0.16   0.048   0.131
   50708.229     3.806     3.230     2.714     -0.13   0.049   0.136
   50709.227     3.805     3.152     2.636     -0.14   0.047   0.132
   50710.225     3.806     3.234     2.614     -0.16   0.049   0.131
   50711.222     3.807     3.230     2.672     -0.14   0.049   0.134
   50712.219     3.804     3.225     2.635     -0.16   0.049   0.132
   50713.216     3.806     3.210     2.601     -0.16   0.048   0.130
   50714.211     3.807     3.213     2.602     -0.16   0.048   0.130
   50715.210     3.803     3.184     2.631     -0.15   0.048   0.132
   50716.208     3.805     3.203     2.628     -0.15   0.048   0.132
   50718.202     3.801     3.261     2.615     -0.17   0.049   0.131
   50719.199     3.808     3.227     2.919     -0.08   0.049   0.146
   50720.196     3.804     3.166     2.848     -0.08   0.048   0.143
   50721.194     3.803     3.211     2.834     -0.10   0.048   0.142
   50722.191     3.808     3.192     2.603     -0.16   0.048   0.130
   50723.188     3.808     3.280     2.683     -0.15   0.049   0.134
   50724.186     3.808     3.254     2.655     -0.16   0.049   0.133
   50725.184     3.807     3.217     2.697     -0.14   0.048   0.135
   50726.181     3.806     3.229     2.695     -0.14   0.049   0.135
   50727.178     3.806     3.207     2.726     -0.12   0.048   0.136
   50728.175     3.808     3.239     2.790     -0.11   0.049   0.140
   50729.172     3.808     3.212     2.765     -0.12   0.048   0.138
   50730.169     3.802     3.206     2.770     -0.11   0.048   0.139
   50731.167     3.805     3.173     2.770     -0.10   0.048   0.139
   50732.164     3.804     3.197     2.799     -0.10   0.048   0.140
   50733.161     3.806     3.207     2.820     -0.10   0.048   0.141
   50734.158     3.807     3.186     2.769     -0.11   0.048   0.139
   50735.156     3.809     3.180     2.837     -0.09   0.048   0.142
   50736.153     3.808     3.168     2.676     -0.13   0.048   0.134
   50737.150     3.805     3.182     2.764     -0.11   0.048   0.138
   50738.147     3.808     3.136     2.827     -0.08   0.047   0.141
   50739.145     3.806     3.140     2.752     -0.10   0.047   0.138
   50740.143     3.805     3.119     2.778     -0.09   0.047   0.139
   50741.140     3.807     3.140     2.786     -0.09   0.047   0.139
   50742.137     3.805     3.126     2.821     -0.08   0.047   0.141
   50743.134     3.809     3.094     2.601     -0.13   0.047   0.130
   50744.131     3.804     3.145     2.779     -0.09   0.047   0.139
   50745.129     3.804     3.125     2.770     -0.09   0.047   0.139
   50746.126     3.809     3.132     2.617     -0.14   0.047   0.131
   50747.123     3.805     3.105     3.158      0.01   0.047   0.158
   50748.120     3.805     3.092     2.879     -0.05   0.047   0.144
   50749.117     3.807     3.065     2.751     -0.08   0.046   0.138
   50750.115     3.806     3.167     2.805     -0.09   0.048   0.140
   50751.112     3.805     3.189     2.784     -0.10   0.048   0.139
   50752.109     3.806     3.148     2.790     -0.09   0.047   0.140
   50753.106     3.806     3.136     2.927     -0.05   0.047   0.146
   50754.104     3.804     3.110     2.901     -0.05   0.047   0.145
   50755.102     3.806     3.144     2.833     -0.08   0.047   0.142
   50756.099     3.809     3.364     1.729     -0.51   0.051   0.087
   50757.096     3.807     3.182     2.718     -0.12   0.048   0.136
   50758.093     3.805     3.035     2.716     -0.09   0.046   0.136
   50759.091     3.808     3.075     1.973     -0.34   0.046   0.099
   50760.088     3.804     3.173     2.421     -0.21   0.048   0.121
   50761.085     3.805     3.184     2.753     -0.11   0.048   0.138
   50762.082     3.809     3.166     2.714     -0.12   0.048   0.136
   50763.079     3.809     3.153     2.660     -0.13   0.047   0.133
   50764.077     3.806     3.139     2.713     -0.11   0.047   0.136
   50765.074     3.807     3.165     2.761     -0.10   0.048   0.138
   50766.071     3.804     3.134     2.603     -0.14   0.047   0.130
   50767.068     3.806     3.129     2.541     -0.16   0.047   0.127
   50768.065     3.808     3.121     2.627     -0.13   0.047   0.131
   50769.062     3.805     3.137     2.590     -0.15   0.047   0.130
   50770.061     3.808     3.227     2.707     -0.14   0.049   0.135
   50771.058     3.806     3.136     2.596     -0.14   0.047   0.130
   50772.055     3.805     3.152     2.579     -0.15   0.047   0.129
   50773.052     3.806     3.149     2.630     -0.14   0.047   0.132
   50774.050     3.809     3.106     2.247     -0.25   0.047   0.112
   50775.047     3.808     3.141     2.719     -0.11   0.047   0.136
   50776.044     3.808     3.117     2.633     -0.13   0.047   0.132
   50777.041     3.808     3.122     2.615     -0.14   0.047   0.131
   50778.038     3.808     3.104     2.596     -0.14   0.047   0.130
   50781.030     3.808     3.026     2.657     -0.10   0.046   0.133
   50782.027     3.807     3.200     2.748     -0.12   0.048   0.138
   50783.024     3.805     3.168     2.747     -0.11   0.048   0.137
   50784.022     3.806     3.164     2.660     -0.13   0.048   0.133
   50785.020     3.808     3.168     2.550     -0.17   0.048   0.128
   50786.017     3.808     3.108     2.574     -0.14   0.047   0.129
   50787.014     3.804     3.117     2.538     -0.16   0.047   0.127
   50788.012     3.809     3.110     2.502     -0.17   0.047   0.125
   50789.009     3.808     3.129     2.604     -0.14   0.047   0.130
   50790.006     3.810     3.091     2.548     -0.15   0.047   0.128
   50791.003     3.809     3.113     2.686     -0.11   0.047   0.134
   50792.000     3.806     3.037    -1.000    -10.00   0.046   0.000
   50792.998     3.812     3.188     2.673     -0.14   0.048   0.134
   50793.995     3.806     3.120     2.658     -0.12   0.047   0.133
   50794.992     3.809     3.069     2.661     -0.11   0.046   0.133
   50795.989     3.809     3.076     2.622     -0.12   0.046   0.131
   50796.986     3.810     3.079     2.592     -0.13   0.046   0.130
   50797.983     3.802     3.084     2.600     -0.13   0.046   0.130
   50798.981     3.802     3.080     2.623     -0.12   0.046   0.131
   50799.979     3.810     3.035     2.616     -0.11   0.046   0.131
   50800.976     3.802     3.068     2.658     -0.11   0.046   0.133
   50801.973     3.807     3.077     2.638     -0.12   0.046   0.132
   50802.971     3.810     3.029     2.463     -0.16   0.046   0.123
   50803.968     3.804     3.086     2.715     -0.10   0.046   0.136
   50804.965     3.806     3.161     2.767     -0.10   0.048   0.138
   50805.962     3.806     3.085     2.743     -0.09   0.046   0.137
   50809.951     3.806     3.011     2.503     -0.14   0.045   0.125
   50810.948     3.807     3.073     2.701     -0.10   0.046   0.135
   50812.942     3.804     3.091     2.754     -0.09   0.047   0.138
   50815.935     3.807     3.089     2.729     -0.09   0.046   0.137
   50816.932     3.806     3.080     2.692     -0.10   0.046   0.135
   50817.930     3.809     3.034     2.709     -0.09   0.046   0.136
   50818.927     3.803     3.066     2.725     -0.09   0.046   0.136
   50819.924     3.806     3.098     2.721     -0.10   0.047   0.136
   50820.921     3.808     3.042     2.471     -0.16   0.046   0.124
   50821.918     3.803     3.039     2.719     -0.09   0.046   0.136
   50822.916     3.807     3.110     2.960     -0.04   0.047   0.148
   50823.913     3.803     2.994     2.737     -0.07   0.045   0.137
   50824.910     3.804     3.052     2.792     -0.07   0.046   0.140
   50825.907     3.811     3.007     0.751     -1.06   0.045   0.038
   50826.904     3.808     3.014     2.783     -0.06   0.045   0.139
   50827.902     3.806     3.039     2.770     -0.07   0.046   0.139
   50828.899     3.808     3.037     2.600     -0.12   0.046   0.130
   50829.896     3.803     3.062     2.759     -0.08   0.046   0.138
   50830.894     3.807     3.043     2.654     -0.10   0.046   0.133
   50831.891     3.805     3.053     2.818     -0.06   0.046   0.141
   50832.889     3.807     3.022     2.583     -0.12   0.045   0.129
   50833.886     3.802     2.971     2.783     -0.05   0.045   0.139
   50834.883     3.809     2.988     2.803     -0.05   0.045   0.140
   50835.880     3.807     3.098     2.912     -0.05   0.047   0.146
   50836.878     3.809     3.082     2.690     -0.10   0.046   0.135
   50838.872     3.809     2.954     2.882     -0.02   0.044   0.144
   50839.869     3.806     2.994     2.804     -0.05   0.045   0.140
   50841.865     3.840     3.043     2.775     -0.07   0.046   0.139
   50842.856     3.695     3.042     2.889     -0.04   0.046   0.145
   50843.859     3.835     3.040     2.944     -0.03   0.046   0.147
   50844.858     3.867     3.000     2.884     -0.03   0.045   0.144
   50845.855     3.867     2.985     2.892     -0.02   0.045   0.145
   50846.852     3.836     3.038     2.876     -0.04   0.046   0.144
   50847.849     3.839     3.087     2.737     -0.09   0.046   0.137
   50849.843     3.836     3.087     2.901     -0.05   0.046   0.145
   50850.841     3.839     3.062     2.736     -0.09   0.046   0.137
   50851.839     3.868     3.069     2.772     -0.08   0.046   0.139
   50851.839     3.870     3.064     2.751     -0.08   0.046   0.138
   50853.832     3.837     2.964     2.765     -0.05   0.045   0.138
   50854.828     3.811     2.969     2.744     -0.06   0.045   0.137
   50855.827     3.836     3.026     2.647     -0.10   0.046   0.132
   50856.824     3.839     3.027     2.630     -0.11   0.046   0.132
   50857.822     3.864     2.994     2.775     -0.06   0.045   0.139
   50858.820     3.867     2.939     2.650     -0.08   0.044   0.133
   50859.817     3.870     2.927     2.659     -0.07   0.044   0.133
   50860.814     3.867     3.018     2.560     -0.13   0.045   0.128
   50861.811     3.845     3.010     2.229     -0.23   0.045   0.112
   50863.804     3.807     3.039     2.646     -0.11   0.046   0.132
   50864.801     3.809     3.060     2.865     -0.05   0.046   0.143
   50865.798     3.807     3.058     2.820     -0.06   0.046   0.141
   50866.796     3.807     3.031     2.835     -0.05   0.046   0.142
   50869.787     3.806     3.029     2.833     -0.05   0.046   0.142
   50870.784     3.807     2.956     2.696     -0.07   0.044   0.135
   50871.782     3.806     3.032     2.578     -0.12   0.046   0.129
   50872.779     3.810     3.012     2.480     -0.15   0.045   0.124
   50873.776     3.804     3.021     2.730     -0.08   0.045   0.137
   50874.776     3.806     3.028     2.681     -0.09   0.046   0.134
   50875.771     3.809     3.051     2.669     -0.10   0.046   0.134
   50876.769     3.808     3.072     2.726     -0.09   0.046   0.136
   50878.763     3.803     2.996     2.622     -0.10   0.045   0.131
   50879.760     3.809     3.043     2.827     -0.06   0.046   0.141
   50880.757     3.808     3.066     2.809     -0.07   0.046   0.141
   50881.755     3.807     3.074     2.990     -0.02   0.046   0.150
   50882.752     3.803     3.160     2.768     -0.10   0.048   0.139
   50885.744     3.809     2.950     2.485     -0.13   0.044   0.124
   50886.740     3.803     2.980     2.450     -0.15   0.045   0.123
   50887.738     3.809     3.004     2.567     -0.12   0.045   0.128
   50888.735     3.807     3.035     2.504     -0.15   0.046   0.125
   50889.732     3.808     3.046     2.867     -0.05   0.046   0.143
   50890.729     3.806     3.002     2.144     -0.26   0.045   0.107
   50892.725     3.809     3.007     2.203     -0.24   0.045   0.110
   50893.722     3.807     3.030     2.645     -0.10   0.046   0.132
   50894.719     3.809     3.028     2.553     -0.13   0.046   0.128
   50895.716     3.805     2.963     2.509     -0.13   0.045   0.126
   50896.714     3.804     2.949     2.601     -0.10   0.044   0.130
   50897.711     3.812     2.968     2.524     -0.12   0.045   0.126
   50899.705     3.808     3.007     2.445     -0.16   0.045   0.122
   50900.703     3.809     3.080     2.550     -0.14   0.046   0.128
   50901.700     3.808     3.034     2.376     -0.19   0.046   0.119
   50902.697     3.804     2.957     2.384     -0.17   0.045   0.119
   50903.694     3.806     2.998     2.459     -0.15   0.045   0.123
   50904.691     3.809     3.015     2.600     -0.11   0.045   0.130
   50906.687     3.805     3.037     2.822     -0.06   0.046   0.141
   50907.684     3.806     3.052     2.617     -0.12   0.046   0.131
   50908.681     3.806     2.987     2.506     -0.14   0.045   0.125
   50909.678     3.809     3.022     2.445     -0.16   0.045   0.122
   50910.676     3.806     3.039     2.502     -0.15   0.046   0.125
   50911.673     3.808     3.020     2.330     -0.20   0.045   0.117
   50913.667     3.808     3.078     2.537     -0.15   0.046   0.127
   50914.664     3.808     3.045     2.479     -0.16   0.046   0.124
   50915.662     3.807     3.057     2.495     -0.16   0.046   0.125
   50916.659     3.807     3.049     2.397     -0.18   0.046   0.120
   50917.656     3.809     3.094     2.681     -0.11   0.047   0.134
   50918.653     3.803     3.089     2.573     -0.14   0.046   0.129
   50920.649     3.833     3.043     2.541     -0.14   0.046   0.127
   50921.646     3.808     3.096     2.597     -0.14   0.047   0.130
   50922.643     3.810     3.017     1.618     -0.48   0.045   0.081
   50923.640     3.807     3.082     2.654     -0.12   0.046   0.133
   50924.637     3.803     3.059     2.328     -0.21   0.046   0.117
   50925.635     3.808     3.072     2.456     -0.17   0.046   0.123
   50927.629     3.803     3.066     2.414     -0.18   0.046   0.121
   50928.626     3.808     3.063     2.522     -0.15   0.046   0.126
   50929.623     3.807     3.087     2.615     -0.13   0.046   0.131
   50930.621     3.809     3.079     2.757     -0.09   0.046   0.138
   50931.618     3.806     3.037     2.316     -0.21   0.046   0.116
   50932.615     3.808     3.055     2.396     -0.19   0.046   0.120
   50934.609     3.806     3.052     2.349     -0.20   0.046   0.118
   50935.607     3.808     3.070     2.811     -0.07   0.046   0.141
   50936.604     3.806     3.056     2.649     -0.11   0.046   0.133
   50937.602     3.806     3.029     2.582     -0.12   0.046   0.129
   50938.599     3.807     3.041     2.434     -0.17   0.046   0.122
   50939.596     3.803     3.044     2.447     -0.17   0.046   0.122
   50941.591     3.808     3.072     2.511     -0.15   0.046   0.126
   50942.588     3.806     3.069     2.584     -0.13   0.046   0.129
   50943.585     3.808     3.057     2.376     -0.19   0.046   0.119
   50944.583     3.808     3.070     2.567     -0.14   0.046   0.128
   50945.580     3.806     3.069     2.547     -0.14   0.046   0.127
   50946.577     3.802     3.077     2.570     -0.14   0.046   0.129
   50948.571     3.804     3.092     2.322     -0.22   0.047   0.116
   50949.568     3.806     3.102     2.581     -0.14   0.047   0.129
   50950.566     3.806     3.074     2.504     -0.16   0.046   0.125
   50951.563     3.807     3.052     2.279     -0.22   0.046   0.114
   50952.561     3.807     3.084     2.452     -0.18   0.046   0.123
   50953.558     3.807     3.069     2.525     -0.15   0.046   0.126
   50955.553     3.809     3.074     2.410     -0.19   0.046   0.121
   50956.550     3.805     3.086     2.236     -0.25   0.046   0.112
   50957.547     3.806     3.113     2.447     -0.18   0.047   0.122
   50958.544     3.805     3.075     2.537     -0.15   0.046   0.127
   50959.542     3.806     3.037     2.612     -0.12   0.046   0.131
   50960.539     3.808     3.094     2.479     -0.17   0.047   0.124
   50962.533     3.806     3.104     2.536     -0.16   0.047   0.127
   50963.530     3.808     3.096     2.579     -0.14   0.047   0.129
   50964.528     3.805     3.083     2.558     -0.14   0.046   0.128
   50965.525     3.803     3.087     2.618     -0.13   0.046   0.131
   50967.521     3.817     3.090     2.615     -0.13   0.046   0.131
   50969.516     3.833     3.047     2.608     -0.12   0.046   0.131
   50970.513     3.832     3.051     2.565     -0.13   0.046   0.128
   50971.510     3.833     3.006     2.432     -0.16   0.045   0.122
   50972.507     3.820     3.047     2.549     -0.14   0.046   0.128
   50974.501     3.817     3.001     1.967     -0.32   0.045   0.099
   50975.498     3.808     3.016     2.520     -0.14   0.045   0.126
   50976.495     3.806     3.049     2.477     -0.16   0.046   0.124
   50977.492     3.805     3.032     2.477     -0.16   0.046   0.124
   50978.489     3.804     3.006     2.392     -0.17   0.045   0.120
   50979.486     3.802     3.021     2.512     -0.14   0.045   0.126
   50980.484     3.804     3.094     2.639     -0.12   0.047   0.132
   50981.481     3.804     3.043     2.454     -0.17   0.046   0.123
   50982.479     3.805     3.049     2.439     -0.17   0.046   0.122
   50983.477     3.810     2.998     1.569     -0.50   0.045   0.079
   50984.474     3.803     3.075     2.370     -0.20   0.046   0.119
   50985.471     3.807     3.079     2.455     -0.17   0.046   0.123
   50986.468     3.806     2.979     2.238     -0.22   0.045   0.112
   50987.465     3.807     3.038     2.412     -0.18   0.046   0.121
   50988.462     3.802     3.281     2.428     -0.23   0.049   0.122
   50989.460     3.807     3.068     2.321     -0.21   0.046   0.116
   50991.454     3.802     2.910     2.170     -0.22   0.044   0.109
   50992.451     3.808     3.078     2.052     -0.31   0.046   0.103
   50993.448     3.805     3.090     2.511     -0.16   0.046   0.126
   50994.446     3.807     3.004     2.490     -0.14   0.045   0.125
   50995.443     3.808     3.040     2.527     -0.14   0.046   0.126
   50996.440     3.804     3.093     2.440     -0.18   0.047   0.122
   50997.438     3.802     3.115     2.421     -0.19   0.047   0.121
   50998.436     3.808     3.112     2.482     -0.17   0.047   0.124
   50999.433     3.806     3.107     2.422     -0.19   0.047   0.121
   51000.430     3.808     3.126     2.382     -0.21   0.047   0.119
   51001.427     3.807     3.130     2.461     -0.18   0.047   0.123
   51002.424     3.798     2.979     1.688     -0.44   0.045   0.085
   51003.421     3.798     3.039     2.319     -0.21   0.046   0.116
   51004.418     3.797     3.047     2.396     -0.18   0.046   0.120
   51005.416     3.797     3.081     2.421     -0.19   0.046   0.121
   51006.413     3.798     3.111     2.422     -0.19   0.047   0.121
   51007.410     3.799     3.073     2.380     -0.20   0.046   0.119
   51008.407     3.805     3.072     2.432     -0.18   0.046   0.122
   51009.405     3.803     3.101     2.459     -0.18   0.047   0.123
   51010.402     3.807     3.034     2.445     -0.17   0.046   0.122
   51011.399     3.805     3.049     2.450     -0.17   0.046   0.123
   51012.396     3.807     3.128     2.441     -0.19   0.047   0.122
   51013.395     3.808     3.098     2.306     -0.23   0.047   0.115
   51014.392     3.808     3.094     2.438     -0.18   0.047   0.122
   51015.389     3.803     3.150     2.535     -0.17   0.047   0.127
   51016.386     3.807     3.115     2.431     -0.19   0.047   0.122
   51017.383     3.807     3.146     2.485     -0.18   0.047   0.124
   51018.381     3.807     3.153     2.522     -0.17   0.047   0.126
   51019.378     3.806     3.154     2.505     -0.18   0.047   0.125
   51020.375     3.806     3.149     2.454     -0.19   0.047   0.123
   51021.372     3.807     3.101     2.549     -0.15   0.047   0.128
   51022.369     3.805     3.067     2.596     -0.13   0.046   0.130
   51023.367     3.807     3.098     2.525     -0.16   0.047   0.126
   51024.364     3.807     3.173     2.636     -0.14   0.048   0.132
   51025.361     3.805     3.084     2.385     -0.20   0.046   0.119
   51026.358     3.808     3.103     2.522     -0.16   0.047   0.126
   51027.355     3.804     3.187     2.595     -0.16   0.048   0.130
   51028.354     3.805     3.134     2.613     -0.14   0.047   0.131
   51029.351     3.806     3.109     2.605     -0.14   0.047   0.130
   51030.348     3.805     3.148     2.643     -0.13   0.047   0.132
   51031.345     3.808     3.122     2.675     -0.12   0.047   0.134
   51032.343     3.807     3.115     2.668     -0.12   0.047   0.134
   51033.340     3.809     3.075     2.554     -0.14   0.046   0.128
   51034.337     3.806     3.058     2.517     -0.15   0.046   0.126
   51035.334     3.806     3.079     2.405     -0.19   0.046   0.120
   51036.331     3.808     3.132     2.510     -0.17   0.047   0.126
   51037.329     3.807     3.103     2.464     -0.18   0.047   0.123
   51038.326     3.808     3.103     2.465     -0.18   0.047   0.123
   51039.323     3.805     3.032     2.484     -0.15   0.046   0.124
   51040.320     3.808     3.045     2.521     -0.14   0.046   0.126
   51041.317     3.805     3.037     2.629     -0.11   0.046   0.132
   51042.315     3.807     3.092     2.749     -0.09   0.047   0.138
   51044.310     3.805     3.053     2.546     -0.14   0.046   0.127
   51045.307     3.802     3.035     2.284     -0.22   0.046   0.114
   51046.304     3.807     3.088     2.665     -0.11   0.046   0.133
   51047.301     3.804     3.115     2.622     -0.13   0.047   0.131
   51048.299     3.805     3.078     2.607     -0.13   0.046   0.130
   51049.296     3.806     3.129     2.511     -0.17   0.047   0.126
   51050.293     3.805     3.099     2.605     -0.13   0.047   0.130
   51051.290     3.805     3.093     2.671     -0.11   0.047   0.134
   51053.285     3.807     3.042     2.308     -0.21   0.046   0.116
   51054.282     3.802     3.067     2.406     -0.19   0.046   0.120
   51055.279     3.805     3.093     2.384     -0.20   0.047   0.119
   51057.273     3.805     3.025     2.259     -0.22   0.046   0.113
   51058.271     3.804     3.078     2.359     -0.20   0.046   0.118
   51059.269     3.806     3.109     2.352     -0.21   0.047   0.118
   51060.266     3.804     3.079     2.283     -0.23   0.046   0.114
   51061.263     3.805     3.116     2.262     -0.25   0.047   0.113
   51062.261     3.809     3.142     2.280     -0.25   0.047   0.114
   51064.255     3.802     3.043     2.313     -0.21   0.046   0.116
   51065.252     3.805     3.109     2.384     -0.20   0.047   0.119
   51068.244     3.804     3.115     2.213     -0.26   0.047   0.111
   51069.241     3.806     3.134     2.255     -0.25   0.047   0.113
   51070.238     3.807     3.205     2.376     -0.23   0.048   0.119
   51071.235     3.805     2.292     1.454     -0.35   0.035   0.073
   51074.228     3.807     3.027     2.374     -0.19   0.046   0.119
   51075.225     3.804     2.992     2.262     -0.21   0.045   0.113
   51076.222     3.803     3.039     2.195     -0.25   0.046   0.110
   51077.220     3.807     3.063     2.240     -0.24   0.046   0.112
   51078.217     3.808     2.985     2.212     -0.23   0.045   0.111
   51079.214     3.808     2.999     2.077     -0.28   0.045   0.104
   51080.211     3.805     3.097     2.218     -0.26   0.047   0.111
   51081.208     3.806     3.071     2.244     -0.24   0.046   0.112
   51082.206     3.806     3.046     2.174     -0.26   0.046   0.109
   51083.203     3.805     3.066     2.171     -0.26   0.046   0.109
   51084.200     3.809     2.983     1.873     -0.36   0.045   0.094
   51085.197     3.805     3.081     2.267     -0.23   0.046   0.113
   51086.194     3.801     2.850     2.169     -0.21   0.043   0.109
   51089.187     3.802     3.061     2.296     -0.22   0.046   0.115
   51090.184     3.806     3.030     2.167     -0.26   0.046   0.108
   51091.181     3.806     3.051     2.277     -0.22   0.046   0.114
   51092.179     3.806     2.931     2.742     -0.05   0.044   0.137
   51093.176     3.807     2.947     2.310     -0.19   0.044   0.116
   51094.173     3.806     3.006     2.044     -0.29   0.045   0.102
   51095.170     3.805     3.102     2.432     -0.19   0.047   0.122
   51096.167     3.804     3.013     2.410     -0.17   0.045   0.121
   51097.165     3.808     2.913     2.288     -0.19   0.044   0.115
   51098.162     3.809     3.076     2.231     -0.25   0.046   0.112
   51099.159     3.807     3.070     2.262     -0.23   0.046   0.113
   51100.156     3.807     3.021     2.288     -0.21   0.045   0.115
   51101.154     3.807     3.016     2.361     -0.19   0.045   0.118
   51102.151     3.804     3.068     2.376     -0.20   0.046   0.119
   51103.148     3.809     3.063     2.315     -0.21   0.046   0.116
   51104.146     3.805     3.041     2.303     -0.21   0.046   0.115
   51105.143     3.809     3.020     2.334     -0.20   0.045   0.117
   51106.140     3.804     3.016     2.360     -0.19   0.045   0.118
   51107.138     3.801     3.036     2.331     -0.20   0.046   0.117
   51108.135     3.808     3.040     2.227     -0.24   0.046   0.111
   51109.132     3.806     3.011     2.407     -0.17   0.045   0.120
   51110.129     3.805     3.056     2.295     -0.22   0.046   0.115
   51111.127     3.808     3.324     2.297     -0.28   0.050   0.115
   51112.124     3.805     3.039     2.289     -0.22   0.046   0.115
   51113.121     3.807     3.168     2.326     -0.24   0.048   0.116
   51114.118     3.807     3.053     2.430     -0.17   0.046   0.122
   51115.115     3.804     3.026     2.399     -0.18   0.046   0.120
   51116.113     3.807     3.088     2.641     -0.12   0.046   0.132
   51117.110     3.806     3.024     2.403     -0.18   0.046   0.120
   51118.107     3.806     3.179     2.369     -0.22   0.048   0.119
   51119.104     3.805     3.170     2.427     -0.20   0.048   0.121
   51120.102     3.805     2.892     2.334     -0.16   0.044   0.117
   51121.100     3.805     2.985     2.365     -0.18   0.045   0.118
   51122.097     3.802     3.076     2.433     -0.18   0.046   0.122
   51123.094     3.805     3.030     2.499     -0.15   0.046   0.125
   51124.091     3.806     2.978     2.450     -0.15   0.045   0.123
   51125.088     3.804     2.967     2.429     -0.15   0.045   0.122
   51126.085     3.801     3.114     2.429     -0.19   0.047   0.122
   51127.083     3.804     3.184     2.458     -0.20   0.048   0.123
   51128.080     3.804     2.958     2.193     -0.23   0.045   0.110
   51129.077     3.802     3.024     2.353     -0.19   0.046   0.118
   51130.075     3.808     2.998     2.430     -0.16   0.045   0.122
   51131.072     3.806     2.992     2.453     -0.15   0.045   0.123
   51132.069     3.808     2.944     2.306     -0.19   0.044   0.115
   51133.066     3.807     2.971     2.392     -0.17   0.045   0.120
   51134.063     3.805     2.925     2.350     -0.17   0.044   0.118
   51138.053     3.808     3.151     2.455     -0.19   0.047   0.123
   51139.050     3.807     2.939     2.415     -0.15   0.044   0.121
   51140.047     3.805     2.971     2.398     -0.16   0.045   0.120
   51142.042     3.806     3.166     2.483     -0.19   0.048   0.124
   51145.033     3.805     2.986     2.468     -0.15   0.045   0.124
   51146.031     3.806     2.922     2.427     -0.14   0.044   0.121
   51147.028     3.805     3.182     2.420     -0.21   0.048   0.121
   51148.025     3.809     2.956     2.499     -0.13   0.044   0.125
   51149.022     3.806     2.982     2.542     -0.12   0.045   0.127
   51150.021     3.809     3.200     2.482     -0.19   0.048   0.124
   51151.018     3.809     2.961     2.487     -0.13   0.045   0.124
   51152.015     3.805     2.935     2.506     -0.12   0.044   0.125
   51153.012     3.807     2.915     2.438     -0.14   0.044   0.122
   51154.009     3.807     2.970     2.464     -0.14   0.045   0.123
   51155.006     3.806     3.012     2.463     -0.15   0.045   0.123
   51156.004     3.806     2.976     2.378     -0.17   0.045   0.119
   51157.001     3.804     2.904     2.429     -0.14   0.044   0.122
   51157.998     3.807     3.051     2.399     -0.18   0.046   0.120
   51158.996     3.811     3.136     2.478     -0.18   0.047   0.124
   51159.993     3.809     3.208     2.337     -0.24   0.048   0.117
   51160.990     3.808     2.910     2.412     -0.14   0.044   0.121
   51161.987     3.806     3.184     2.436     -0.20   0.048   0.122
   51162.984     3.806     3.187     2.444     -0.20   0.048   0.122
   51163.981     3.806     3.101     2.497     -0.17   0.047   0.125
   51165.977     3.808     3.226     2.480     -0.20   0.049   0.124
   51166.974     3.806     3.067     2.421     -0.18   0.046   0.121
   51167.971     3.809     2.946     2.482     -0.13   0.044   0.124
   51168.968     3.804     3.034     2.489     -0.15   0.046   0.125
   51169.966     3.805     2.927     2.567     -0.10   0.044   0.128
   51173.954     3.803     2.974     2.423     -0.16   0.045   0.121
   51174.951     3.803     2.990     2.378     -0.17   0.045   0.119
   51176.946     3.803     2.487     0.986     -0.71   0.037   0.050
   51177.943     3.802     2.867     2.571     -0.08   0.043   0.129
   51180.936     3.809     3.054     1.886     -0.37   0.046   0.094
   51181.933     3.806     2.937     2.420     -0.15   0.044   0.121
   51182.930     3.807     2.950     2.528     -0.12   0.044   0.127
   51183.927     3.806     3.619     3.847      0.05   0.054   0.192
   51189.911     3.804     2.930     2.492     -0.12   0.044   0.125
   51190.908     3.807     3.013     2.421     -0.17   0.045   0.121
   51191.905     3.806     2.909     2.543     -0.10   0.044   0.127
   51192.902     3.807     2.987     2.552     -0.12   0.045   0.128
   51193.899     3.805     2.956     2.454     -0.14   0.044   0.123
   51196.892     3.803     3.000     2.648     -0.10   0.045   0.133
   51198.887     3.809     4.985     2.343     -0.58   0.075   0.117
   51199.884     3.809     2.450     2.332     -0.04   0.037   0.117
   51201.878     3.806     2.856     2.433     -0.12   0.043   0.122
   51202.875     3.806     2.062     1.954     -0.04   0.031   0.098
   51203.872     3.806     2.869     2.263     -0.18   0.043   0.113
   51204.870     3.806     2.907     2.456     -0.13   0.044   0.123
   51205.867     3.807     2.882     2.401     -0.14   0.043   0.120
   51206.864     3.807     2.926     2.487     -0.12   0.044   0.124
   51207.861     3.802     2.903     2.461     -0.13   0.044   0.123
   51208.859     3.806     3.100     2.454     -0.18   0.047   0.123
   51209.856     3.806     3.038     2.434     -0.17   0.046   0.122
   51210.854     3.809     2.882     2.149     -0.22   0.043   0.108
   51211.851     3.806     2.879     2.487     -0.11   0.043   0.124
   51212.848     3.807     2.896     2.498     -0.11   0.044   0.125
   51213.846     3.806     2.921     2.228     -0.21   0.044   0.112
   51214.843     3.809     2.988     2.441     -0.16   0.045   0.122
   51215.840     3.806     2.774     2.357     -0.12   0.042   0.118
   51216.837     3.805     2.889     2.207     -0.21   0.043   0.110
   51217.834     3.803     2.941     2.532     -0.12   0.044   0.127
   51218.831     3.803     2.797     2.286     -0.16   0.042   0.114
   51221.823     3.806     3.003    -1.000    -10.00   0.045   0.000
   51222.820     3.805     2.910     2.424     -0.14   0.044   0.121
   51223.818     3.804     2.786     2.403     -0.11   0.042   0.120
   51224.815     3.807     3.111     2.298     -0.23   0.047   0.115
   51225.812     3.807     2.916     2.372     -0.16   0.044   0.119
   51226.810     3.807     2.866     2.366     -0.15   0.043   0.118
   51228.804     3.801     2.993     2.360     -0.18   0.045   0.118
   51229.802     3.803     3.096     2.402     -0.19   0.047   0.120
   51230.799     3.807     2.871     2.427     -0.13   0.043   0.121
   51231.796     3.806     2.901     2.400     -0.14   0.044   0.120
   51232.793     3.807     2.870     2.391     -0.14   0.043   0.120
   51233.791     3.809     3.074     2.448     -0.17   0.046   0.123
   51235.785     3.805     2.992     2.359     -0.18   0.045   0.118
   51236.782     3.805     2.955     2.206     -0.22   0.044   0.110
   51237.779     3.802     2.974     2.514     -0.13   0.045   0.126
   51240.771     3.804     2.834     2.005     -0.26   0.043   0.100
   51243.764     3.807     3.005     2.182     -0.25   0.045   0.109
   51244.761     3.808     2.873     2.399     -0.14   0.043   0.120
   51245.758     3.805     2.871     2.351     -0.15   0.043   0.118
   51246.755     3.802     2.829     1.996     -0.27   0.043   0.100
   51247.752     3.805     2.899     2.312     -0.17   0.044   0.116
   51249.747     3.804     2.860     2.420     -0.13   0.043   0.121
   51250.744     3.804     2.855     2.414     -0.13   0.043   0.121
   51252.738     3.805     2.862     2.296     -0.17   0.043   0.115
   51253.736     3.804     2.849     2.347     -0.15   0.043   0.117
   51254.733     3.805     2.755     2.274     -0.15   0.041   0.114
   51256.728     3.803     2.919     2.436     -0.14   0.044   0.122
   51257.726     3.807     2.715     2.324     -0.12   0.041   0.116
   51258.723     3.807     2.841     2.155     -0.21   0.043   0.108
   51259.720     3.804     2.739     2.303     -0.13   0.041   0.115
   51260.717     3.806     3.033     2.484     -0.15   0.046   0.124
   51261.714     3.809     2.904     2.406     -0.14   0.044   0.120
   51262.712     3.805     2.873     2.395     -0.14   0.043   0.120
   51263.709     3.806     2.890     2.275     -0.18   0.044   0.114
   51264.706     3.806     2.708     2.335     -0.11   0.041   0.117
   51265.703     3.806     3.049     2.343     -0.20   0.046   0.117
   51266.701     3.809     2.929     2.302     -0.19   0.044   0.115
   51267.698     3.807     2.859     2.273     -0.18   0.043   0.114
   51268.695     3.804     2.833     2.230     -0.18   0.043   0.112
   51270.689     3.805     2.850     2.330     -0.15   0.043   0.117
   51271.687     3.805     2.844     2.231     -0.19   0.043   0.112
   51272.685     3.806     2.874     2.434     -0.13   0.043   0.122
   51273.682     3.805     2.854     2.311     -0.16   0.043   0.116
   51274.679     3.808     2.692     2.302     -0.12   0.041   0.115
   51275.676     3.805     2.835     2.234     -0.18   0.043   0.112
   51277.671     3.806     2.833     2.238     -0.18   0.043   0.112
   51278.668     3.807     2.828     2.437     -0.11   0.043   0.122
   51280.662     3.802     3.014     2.261     -0.22   0.045   0.113
   51281.659     3.807     2.846     2.243     -0.18   0.043   0.112
   51282.657     3.806     2.827     2.207     -0.19   0.043   0.110
   51284.651     3.808     2.868     2.184     -0.21   0.043   0.109
   51285.648     3.804     2.919     2.338     -0.17   0.044   0.117
   51286.646     3.805     2.896     2.435     -0.13   0.044   0.122
   51287.644     3.804     2.917     2.306     -0.18   0.044   0.115
   51288.641     3.805     2.802     2.410     -0.12   0.042   0.121
   51289.638     3.809     2.882     2.108     -0.24   0.043   0.106
   51291.632     3.806     2.812     2.334     -0.14   0.042   0.117
   51292.630     3.803     2.851     2.301     -0.16   0.043   0.115
   51293.627     3.803     2.750     2.125     -0.20   0.041   0.106
   51294.624     3.807     2.871     2.236     -0.19   0.043   0.112
   51295.621     3.808     2.955     2.248     -0.21   0.044   0.113
   51296.618     3.805     2.825     2.331     -0.15   0.043   0.117
   51298.613     3.808     2.810     2.142     -0.21   0.042   0.107
   51299.610     3.804     2.869     2.242     -0.19   0.043   0.112
   51300.607     3.806     2.846     2.265     -0.17   0.043   0.113
   51301.605     3.807     2.841     2.206     -0.19   0.043   0.110
   51302.603     3.805     2.862     2.203     -0.20   0.043   0.110
   51303.600     3.805     2.878     2.336     -0.16   0.043   0.117
   51305.594     3.805     2.899     2.403     -0.14   0.044   0.120
   51306.591     3.805     2.933     2.417     -0.15   0.044   0.121
   51307.589     3.806     2.814     2.389     -0.12   0.042   0.120
   51308.586     3.806     2.926     2.229     -0.21   0.044   0.112
   51310.580     3.805     2.920     2.360     -0.16   0.044   0.118
   51311.578     3.805     2.958     2.412     -0.16   0.045   0.121
   51312.575     3.801     2.904     2.147     -0.23   0.044   0.108
   51313.572     3.805     2.928     2.239     -0.21   0.044   0.112
   51316.564     3.806     2.931     2.465     -0.13   0.044   0.123
   51317.562     3.807     2.852     2.307     -0.16   0.043   0.115
   51319.556     3.805     2.856     2.080     -0.24   0.043   0.104
   51320.553     3.808     2.922     2.188     -0.22   0.044   0.110
   51322.548     3.809    -1.000    -1.000    -10.00   0.000   0.000
   51323.545     3.806    -1.000    -1.000    -10.00   0.000   0.000
   51327.534     3.802     2.910     2.186     -0.22   0.044   0.109
   51328.531     3.808     2.938     2.180     -0.23   0.044   0.109
   51329.528     3.807     3.011     2.434     -0.16   0.045   0.122
   51330.525     3.803     2.975     2.438     -0.15   0.045   0.122
   51331.522     3.801     3.012     2.198     -0.24   0.045   0.110
   51333.518     3.808     2.928     2.290     -0.19   0.044   0.115
   51334.515     3.804     2.902     2.297     -0.18   0.044   0.115
   51335.512     3.803     2.990     2.322     -0.19   0.045   0.116
   51336.510     3.807     3.065     2.281     -0.23   0.046   0.114
   51337.507     3.802     3.026     2.202     -0.24   0.046   0.110
   51338.504     3.807     3.052     2.266     -0.23   0.046   0.113
   51339.501     3.806     2.979     2.267     -0.21   0.045   0.113
   51340.498     3.802     2.849     2.231     -0.19   0.043   0.112
   51341.496     3.807     2.961     2.307     -0.19   0.045   0.115
   51342.493     3.805     2.897     2.247     -0.19   0.044   0.112
   51343.490     3.806     2.871     2.245     -0.19   0.043   0.112
   51344.487     3.807     2.932     2.215     -0.22   0.044   0.111
   51345.485     3.806     2.911     2.277     -0.19   0.044   0.114
   51346.482     3.803     2.846     2.020     -0.26   0.043   0.101
   51347.479     3.802     2.895     2.206     -0.21   0.044   0.110
   51348.477     3.802     2.919     2.206     -0.22   0.044   0.110
   51349.474     3.805     2.913     2.226     -0.21   0.044   0.111
   51350.472     3.807     2.908     2.240     -0.20   0.044   0.112
   51351.469     3.804     2.982     2.353     -0.18   0.045   0.118
   51352.466     3.803     2.927     2.343     -0.17   0.044   0.117
   51353.463     3.805     2.784     2.230     -0.17   0.042   0.112
   51354.460     3.802     2.805     2.229     -0.18   0.042   0.112
   51355.457     3.804     2.908     2.146     -0.23   0.044   0.107
   51356.455     3.803     2.806     2.185     -0.19   0.042   0.109
   51357.452     3.803     2.768     2.251     -0.16   0.042   0.113
   51358.449     3.802     2.845     2.467     -0.11   0.043   0.123
   51359.446     3.804     2.840     2.313     -0.16   0.043   0.116
   51360.444     3.808     2.865     2.240     -0.19   0.043   0.112
   51361.441     3.807     2.812     2.196     -0.19   0.042   0.110
   51362.438     3.801     2.771     2.400     -0.11   0.042   0.120
   51363.436     3.805     2.992     2.455     -0.15   0.045   0.123
   51364.433     3.805     3.002     2.317     -0.20   0.045   0.116
   51365.431     3.808     3.015     2.315     -0.20   0.045   0.116
   51367.425     3.806     3.917     2.284     -0.41   0.059   0.114
   51368.422     3.806     2.757     2.410     -0.10   0.042   0.121
   51370.416     3.803     2.862     2.106     -0.23   0.043   0.105
   51371.414     3.804     2.705     2.144     -0.18   0.041   0.107
   51373.408     3.805     2.353     2.252     -0.03   0.035   0.113
   51374.405     3.803     2.839     2.314     -0.16   0.043   0.116
   51375.403     3.807     2.736     2.199     -0.17   0.041   0.110
   51376.400     3.805     2.723     2.230     -0.15   0.041   0.112
   51377.397     3.803     2.811     2.338     -0.14   0.042   0.117
   51378.395     3.804     2.739     2.334     -0.12   0.041   0.117
   51379.392     3.805     2.724     1.612     -0.40   0.041   0.081
   51380.390     3.808     2.643     2.109     -0.17   0.040   0.106
   51381.387     3.805     2.635     2.300     -0.10   0.040   0.115
   51382.384     3.805     2.687     2.413     -0.08   0.040   0.121
   51383.381     3.803     2.773     2.221     -0.17   0.042   0.111
   51384.379     3.808     2.724     2.282     -0.14   0.041   0.114
   51385.376     3.804     2.736     2.365     -0.11   0.041   0.118
   51388.367     3.808     2.756     2.221     -0.17   0.042   0.111
   51389.365     3.807     2.736     2.291     -0.14   0.041   0.115
   51390.362     3.805     2.747     2.423     -0.10   0.041   0.121
   51391.359     3.802     2.880     2.318     -0.17   0.043   0.116
   51392.356     3.807     2.845     2.227     -0.19   0.043   0.111
   51393.354     3.802     2.966     2.250     -0.21   0.045   0.113
   51394.352     3.806     2.813     2.261     -0.17   0.042   0.113
   51395.349     3.801     2.889     2.215     -0.20   0.043   0.111
   51396.346     3.804     2.884     2.133     -0.23   0.043   0.107
   51397.343     3.806     2.883     2.303     -0.17   0.043   0.115
   51398.340     3.804     2.813     2.327     -0.14   0.042   0.116
   51399.337     3.804     0.124     0.117     -0.05   0.004   0.008
   51400.335     3.807     2.873     2.233     -0.19   0.043   0.112
   51401.332     3.804     2.831     2.251     -0.18   0.043   0.113
   51402.329     3.807     2.863     2.359     -0.15   0.043   0.118
   51403.326     3.805     2.849     2.283     -0.17   0.043   0.114
   51404.323     3.804     2.798     2.187     -0.19   0.042   0.109
   51405.321     3.803     2.684     2.019     -0.22   0.040   0.101
   51406.318     3.800     2.711     2.137     -0.18   0.041   0.107
   51407.315     3.807     2.641     2.313     -0.10   0.040   0.116
   51408.312     3.803     2.727     2.311     -0.13   0.041   0.116
   51409.311     3.805     2.757     2.266     -0.15   0.042   0.113
   51410.308     3.806     2.732     2.360     -0.11   0.041   0.118
   51411.305     3.804     2.836     2.347     -0.14   0.043   0.117
   51412.302     3.807     2.839     2.272     -0.17   0.043   0.114
   51414.296     3.803     2.800     2.377     -0.12   0.042   0.119
   51415.294     3.808     2.772     2.373     -0.12   0.042   0.119
   51416.291     3.802     2.785     2.151     -0.20   0.042   0.108
   51417.288     3.805     2.808     2.142     -0.21   0.042   0.107
   51418.285     3.801     2.846     2.179     -0.20   0.043   0.109
   51419.283     3.805     2.827     2.226     -0.18   0.043   0.111
   51420.280     3.801     2.863     2.367     -0.15   0.043   0.118
   51421.277     3.802     2.826     2.259     -0.17   0.043   0.113
   51422.274     3.806     2.866     2.336     -0.16   0.043   0.117
   51423.271     3.806     2.793     2.407     -0.11   0.042   0.120
   51424.270     3.805     2.793     2.338     -0.14   0.042   0.117
   51425.267     3.804     2.780     2.358     -0.13   0.042   0.118
   51426.264     3.803     2.799     2.380     -0.12   0.042   0.119
   51427.261     3.805     2.774     2.779      0.00   0.042   0.139
   51428.258     3.806     2.771     2.444     -0.10   0.042   0.122
   51429.256     3.806     2.822     2.327     -0.15   0.042   0.116
   51430.253     3.808     2.828     2.300     -0.16   0.043   0.115
   51431.250     3.807     2.773     2.322     -0.14   0.042   0.116
   51432.247     3.807     2.840     2.261     -0.17   0.043   0.113
   51433.244     3.807     2.808     2.297     -0.15   0.042   0.115
   51434.242     3.806     2.848     2.303     -0.16   0.043   0.115
   51435.239     3.804     2.845     2.338     -0.15   0.043   0.117
   51436.236     3.806     2.771     2.343     -0.13   0.042   0.117
   51437.233     3.803     2.760     2.394     -0.11   0.042   0.120
   51438.230     3.804     2.755     1.881     -0.29   0.041   0.094
   51439.229     3.808     2.808     2.491     -0.09   0.042   0.125
   51440.226     3.803     2.821     2.429     -0.12   0.042   0.122
   51441.223     3.805     2.782     2.420     -0.11   0.042   0.121
   51442.220     3.809     2.715     2.435     -0.08   0.041   0.122
   51443.218     3.806     2.755     2.375     -0.11   0.041   0.119
   51444.215     3.806     2.758     2.298     -0.14   0.042   0.115
   51445.212     3.808     2.781     2.458     -0.09   0.042   0.123
   51446.209     3.808     2.792     2.410     -0.11   0.042   0.121
   51447.206     3.808     2.746     2.401     -0.10   0.041   0.120
   51448.204     3.810     1.638     1.354     -0.15   0.025   0.068
   51453.189     3.804     2.823     2.447     -0.11   0.043   0.122
   51454.188     3.802     2.805     2.393     -0.12   0.042   0.120
   51455.185     3.805     2.789     2.359     -0.13   0.042   0.118
   51456.182     3.805     2.753     2.371     -0.11   0.041   0.119
   51457.179     3.806     2.813     2.362     -0.13   0.042   0.118
   51458.177     3.806     2.808     2.422     -0.11   0.042   0.121
   51459.174     3.806     2.781     2.496     -0.08   0.042   0.125
   51460.171     3.803     2.807     2.482     -0.09   0.042   0.124
   51461.168     3.801     2.743     2.373     -0.11   0.041   0.119
   51462.165     3.805     2.731     2.603     -0.04   0.041   0.130
   51463.162     3.802     2.796     2.457     -0.10   0.042   0.123
   51464.160     3.808     2.777     2.410     -0.11   0.042   0.121
   51465.157     3.808     3.049     2.520     -0.15   0.046   0.126
   51466.154     3.810     2.734     2.508     -0.07   0.041   0.126
   51467.151     3.807     2.743     2.445     -0.09   0.041   0.122
   51468.149     3.809     2.997     2.353     -0.19   0.045   0.118
   51469.146     3.806     2.895     2.359     -0.16   0.044   0.118
   51470.144     3.807     2.712     2.390     -0.10   0.041   0.120
   51471.141     3.806     2.721     2.243     -0.15   0.041   0.112
   51472.138     3.808     2.756     2.459     -0.09   0.042   0.123
   51474.133     3.806     2.958     2.654     -0.08   0.045   0.133
   51475.130     3.808     2.698     2.389     -0.09   0.041   0.120
   51476.127     3.808     2.705     2.389     -0.09   0.041   0.120
   51477.124     3.805     2.745     2.412     -0.10   0.041   0.121
   51478.122     3.806     2.878     2.369     -0.15   0.043   0.119
   51479.119     3.810     2.657     2.443     -0.06   0.040   0.122
   51480.116     3.812     2.645     2.456     -0.06   0.040   0.123
   51484.105     3.806     2.703     2.747      0.01   0.041   0.137
   51485.103     3.807     2.582     2.912      0.09   0.039   0.146
   51486.100     3.806     2.717     3.302      0.15   0.041   0.165
   51487.097     3.805     2.565     2.496     -0.02   0.039   0.125
   51488.095     3.805     2.669     2.537     -0.04   0.040   0.127
   51489.092     3.805     2.739     2.470     -0.08   0.041   0.124
   51490.089     3.807     2.617     2.458     -0.05   0.039   0.123
   51491.086     3.805     2.797     2.515     -0.08   0.042   0.126
   51492.084     3.806     2.570     2.473     -0.03   0.039   0.124
   51493.081     3.808     2.629     2.639      0.00   0.040   0.132
   51494.078     3.804     2.685     2.557     -0.04   0.040   0.128
   51495.075     3.806     2.676     2.511     -0.05   0.040   0.126
   51496.072     3.808     2.769     2.520     -0.07   0.042   0.126
   51497.070     3.806     2.668     2.564     -0.03   0.040   0.128
   51498.067     3.807     2.747     2.628     -0.03   0.041   0.132
   51499.064     3.807     2.662     2.656      0.00   0.040   0.133
   51500.062     3.808     2.690     2.652     -0.01   0.041   0.133
   51501.059     3.805     2.899     2.653     -0.07   0.044   0.133
   51502.057     3.809     2.773     2.590     -0.05   0.042   0.130
   51503.054     3.806     2.640     2.528     -0.03   0.040   0.127
   51504.051     3.808     2.631     2.507     -0.04   0.040   0.125
   51505.048     3.803     2.665     2.591     -0.02   0.040   0.130
   51506.045     3.806     2.749     2.527     -0.06   0.041   0.126
   51509.037     3.805     2.669     2.761      0.03   0.040   0.138
   51510.036     3.851     2.660     2.483     -0.05   0.040   0.124
   51512.029     3.807     2.664     2.481     -0.05   0.040   0.124
   51513.027     3.829     2.518     2.447     -0.02   0.038   0.122
   51514.022     3.787     2.872     2.377     -0.14   0.043   0.119
   51515.021     3.809     2.840     2.451     -0.11   0.043   0.123
   51516.019     3.810     2.799     2.572     -0.06   0.042   0.129
   51517.016     3.808     2.650     2.565     -0.03   0.040   0.128
   51518.013     3.810     2.607     2.400     -0.06   0.039   0.120
   51519.010     3.806     2.759     2.499     -0.08   0.042   0.125
   51520.007     3.806     2.661     2.442     -0.07   0.040   0.122
   51521.004     3.807     2.793     2.336     -0.14   0.042   0.117
   51522.002     3.807     2.668     2.795      0.04   0.040   0.140
   51525.991     3.809     2.678     2.727      0.01   0.040   0.136
   51526.988     3.806     2.634     2.360     -0.08   0.040   0.118
   51527.985     3.806     2.621     2.475     -0.04   0.039   0.124
   51528.982     3.808     2.582     2.322     -0.08   0.039   0.116
   51529.979     3.808     2.580     2.538     -0.01   0.039   0.127
   51530.977     3.807     2.601     2.613      0.00   0.039   0.131
   51531.975     3.806     2.637     2.349     -0.09   0.040   0.118
   51532.972     3.808     2.599     2.559     -0.01   0.039   0.128
   51533.969     3.807     2.629     1.515     -0.42   0.040   0.076
   51534.966     3.808     2.608     2.475     -0.04   0.039   0.124
   51540.949     3.806     2.711     2.581     -0.04   0.041   0.129
   51541.947     3.808     2.629     2.561     -0.02   0.040   0.128
   51542.944     3.809     2.888     2.567     -0.09   0.043   0.128
   51548.928     3.808     2.548     2.347     -0.06   0.038   0.117
   51549.925     3.810     2.744     2.442     -0.09   0.041   0.122
   51550.923     3.808     2.666     2.362     -0.09   0.040   0.118
   51551.920     3.808     2.680     2.427     -0.08   0.040   0.121
   51552.917     3.806     2.526     2.422     -0.03   0.038   0.121
   51553.914     3.805     2.730     1.661     -0.38   0.041   0.083
   51557.903     3.807     2.719     2.489     -0.07   0.041   0.125
   51558.900     3.809     2.733     2.953      0.06   0.041   0.148
   51559.897     3.807     2.635     2.748      0.03   0.040   0.138
   51560.896     3.807     2.599     2.941      0.09   0.039   0.147
   51561.893     3.807     2.591     2.986      0.11   0.039   0.149
   51564.884     3.804     2.650     2.618     -0.01   0.040   0.131
   51565.882     3.809     2.595     2.593      0.00   0.039   0.130
   51569.870     3.805     2.570     3.007      0.12   0.039   0.150
   51570.868     3.806     2.600     2.487     -0.03   0.039   0.124
   51571.865     3.807     2.581     2.811      0.06   0.039   0.141
   51572.862     3.808     2.576     2.805      0.06   0.039   0.140
   51574.857     3.809     2.590     1.922     -0.23   0.039   0.096
   51575.854     3.805     2.614     2.308     -0.09   0.039   0.116
   51576.852     3.806     2.565     2.545     -0.01   0.039   0.127
   51577.849     3.808     2.664     2.524     -0.04   0.040   0.126
   51578.846     3.802     2.603     2.389     -0.07   0.039   0.120
   51579.843     3.804     2.625     2.575     -0.01   0.040   0.129
   51580.841     3.808     2.466     2.559      0.03   0.037   0.128
   51581.838     3.811     2.696     2.695      0.00   0.041   0.135
   51582.835     3.806     2.586     2.387     -0.06   0.039   0.119
   51583.832     3.805     2.591     2.490     -0.03   0.039   0.125
   51584.829     3.806     2.601     2.487     -0.03   0.039   0.124
   51585.827     3.808     2.590     2.381     -0.06   0.039   0.119
   51586.824     3.807     1.734     0.174     -1.76   0.026   0.010
   51587.821     3.804     2.454     2.175     -0.09   0.037   0.109
   51588.818     3.805     2.652     2.772      0.03   0.040   0.139
   51590.813     3.810     2.257     2.438      0.06   0.034   0.122
   51592.808     3.806     2.059    -1.000    -10.00   0.031   0.000
   51599.789     3.807     2.573     2.505     -0.02   0.039   0.125
   51600.786     3.807     2.543     2.465     -0.02   0.038   0.123
   51601.783     3.807     2.572     2.299     -0.09   0.039   0.115
   51602.780     3.807     2.619     2.528     -0.03   0.039   0.127
   51603.436    -4.366     2.466     2.186     -0.09   0.037   0.109
   51603.777     3.808     2.581     2.625      0.01   0.039   0.131
   51604.436    -4.367     2.526     2.270     -0.08   0.038   0.114
   51604.775     3.805     2.615     2.553     -0.02   0.039   0.128
   51605.433    -4.368     2.546     2.202     -0.11   0.038   0.110
   51606.430    -4.369     2.556     2.372     -0.06   0.039   0.119
   51606.770     3.805     2.715     2.874      0.04   0.041   0.144
   51610.419    -4.367     2.633     2.326     -0.09   0.040   0.116
   51610.759     3.810     2.415     2.521      0.03   0.036   0.126
   51611.416    -4.368     2.271     2.088     -0.06   0.034   0.105
   51611.756     3.812     2.302     2.292      0.00   0.035   0.115
   51612.413    -4.368     2.536     2.277     -0.08   0.038   0.114
   51613.411    -4.367     2.523     2.226     -0.10   0.038   0.111
   51613.751     3.809     2.419     2.639      0.07   0.036   0.132
   51614.408    -4.369     2.517     2.193     -0.11   0.038   0.110
   51614.748     3.807     2.658     2.425     -0.07   0.040   0.121
   51615.405    -4.369     2.491     2.276     -0.07   0.038   0.114
   51615.745     3.808     2.538     2.641      0.03   0.038   0.132
   51616.402    -4.370     2.530     2.227     -0.10   0.038   0.111
   51616.742     3.805     2.441     2.670      0.07   0.037   0.134
   51617.399    -4.368     2.518     2.231     -0.09   0.038   0.112
   51617.739     3.805     2.578     2.629      0.01   0.039   0.132
   51618.397    -4.367     2.512     2.288     -0.07   0.038   0.115
   51618.736     3.807     2.538     2.544      0.00   0.038   0.127
   51619.395    -4.370     2.511     2.421     -0.03   0.038   0.121
   51620.392    -4.368     2.528     2.517      0.00   0.038   0.126
   51620.731     3.807     2.605     2.806      0.06   0.039   0.140
   51621.389    -4.369     2.574     2.257     -0.10   0.039   0.113
   51621.729     3.808     2.606     2.784      0.05   0.039   0.139
   51622.386    -4.370     2.525     2.269     -0.08   0.038   0.114
   51622.726     3.805     2.552     2.756      0.06   0.038   0.138
   51623.384    -4.369     2.524     2.303     -0.07   0.038   0.115
   51623.723     3.807     2.653     2.775      0.03   0.040   0.139
   51624.721     3.807     2.551     1.656     -0.33   0.038   0.083
   51625.378    -4.371     2.548     2.310     -0.08   0.038   0.116
   51625.718     3.804     2.560     2.751      0.05   0.039   0.138
   51626.375    -4.368     2.517     2.268     -0.08   0.038   0.114
   51627.373    -4.367     2.561     2.302     -0.08   0.039   0.115
   51627.712     3.807     2.577     2.700      0.04   0.039   0.135
   51628.370    -4.368     2.525     2.296     -0.07   0.038   0.115
   51628.710     3.812     2.586     2.615      0.01   0.039   0.131
   51629.367    -4.369     2.537     2.300     -0.08   0.038   0.115
   51629.707     3.810     2.593     2.687      0.03   0.039   0.134
   51630.364    -4.369     2.557     2.341     -0.07   0.039   0.117
   51630.704     3.805     2.504     2.251     -0.08   0.038   0.113
   51631.361    -4.370     2.576     2.660      0.03   0.039   0.133
   51631.701     3.806     2.642     3.190      0.14   0.040   0.160
   51632.698     3.808     2.606     2.815      0.06   0.039   0.141
   51633.356    -4.367     2.567     2.245     -0.10   0.039   0.112
   51633.695     3.805     2.503     2.654      0.05   0.038   0.133
   51637.685     3.806     2.584     2.949      0.10   0.039   0.148
   51638.343    -4.368     2.521     2.326     -0.06   0.038   0.116
   51638.682     3.805     2.618     2.976      0.10   0.039   0.149
   51639.340    -4.367     2.516     2.395     -0.04   0.038   0.120
   51639.681     3.836     0.162     0.136     -0.13   0.004   0.009
   51640.337    -4.371     2.549     2.370     -0.06   0.038   0.119
   51640.677     3.807     2.588     2.585      0.00   0.039   0.129
   51641.674     3.809     2.568     3.008      0.12   0.039   0.151
   51645.663     3.807     2.576     2.795      0.06   0.039   0.140
   51646.320    -4.369     2.574     2.277     -0.09   0.039   0.114
   51646.660     3.808     2.552     2.767      0.06   0.038   0.138
   51647.318    -4.366     2.580     2.252     -0.10   0.039   0.113
   51648.315    -4.369     2.604     2.279     -0.10   0.039   0.114
   51648.655     3.805     2.618     2.790      0.05   0.039   0.140
   51649.312    -4.367     2.523     2.334     -0.06   0.038   0.117
   51649.652     3.809     2.601     2.784      0.05   0.039   0.139
   51650.310    -4.370     2.536     2.349     -0.06   0.038   0.118
   51650.649     3.809     2.636     2.815      0.05   0.040   0.141
   51651.307    -4.367     2.553     2.621      0.02   0.038   0.131
   51651.646     3.807     2.610     3.039      0.12   0.039   0.152
   51652.305    -4.369     2.672     2.333     -0.10   0.040   0.117
   51652.644     3.806     2.507     2.727      0.06   0.038   0.136
   51653.302    -4.369     2.573     2.383     -0.06   0.039   0.119
   51653.642     3.808     2.355     2.809      0.14   0.036   0.141
   51654.299    -4.368     2.595     2.223     -0.12   0.039   0.111
   51654.639     3.809     2.416     2.581      0.05   0.036   0.129
   51658.628     3.807     2.478     3.240      0.20   0.037   0.162
   51659.285    -4.370     2.660     2.494     -0.05   0.040   0.125
   51659.625     3.811     2.536     2.979      0.12   0.038   0.149
   51660.282    -4.367     2.618     2.283     -0.10   0.039   0.114
   51660.622     3.809     2.551     2.742      0.05   0.038   0.137
   51661.279    -4.368     2.619     2.197     -0.14   0.039   0.110
   51661.619     3.806     2.449     2.604      0.05   0.037   0.130
   51662.277    -4.367     2.600     2.229     -0.12   0.039   0.112
   51662.617     3.809     2.558     2.617      0.02   0.039   0.131
   51663.274    -4.370     2.645     2.343     -0.09   0.040   0.117
   51663.614     3.808     2.499     2.773      0.08   0.038   0.139
   51664.271    -4.369     2.524     2.276     -0.08   0.038   0.114
   51664.611     3.806     2.528     2.695      0.05   0.038   0.135
   51665.269    -4.368     2.531     2.193     -0.11   0.038   0.110
   51798.900    -4.438     2.588     2.191     -0.13   0.039   0.110
   51799.240     3.741     2.793     2.678     -0.03   0.042   0.134
   51799.897    -4.440     2.535     1.985     -0.19   0.038   0.099
   51800.895    -4.441     2.282     1.927     -0.13   0.034   0.097
   51801.892    -4.437     2.452     2.192     -0.09   0.037   0.110
   51802.891    -4.405     2.389     1.935     -0.16   0.036   0.097
   51803.229     3.742     2.163     2.496      0.11   0.033   0.125
   51803.886    -4.443     2.497     1.947     -0.19   0.038   0.098
   51804.227     3.741     2.250     2.428      0.06   0.034   0.122
   51805.224     3.745     2.243     2.730      0.15   0.034   0.137
   51806.221     3.745     2.220     2.527      0.10   0.034   0.126
   51806.878    -4.439     2.492     2.114     -0.13   0.038   0.106
   51807.218     3.740     2.228     2.464      0.08   0.034   0.123
   51807.875    -4.439     2.514     2.033     -0.16   0.038   0.102
   51808.216     3.743     2.202     2.517      0.10   0.033   0.126
   51808.873    -4.438     2.544     2.279     -0.08   0.038   0.114
   51809.213     3.740     2.216     2.596      0.12   0.033   0.130
   51809.870    -4.439     2.509     2.173     -0.11   0.038   0.109
   51810.210     3.745     2.210     2.567      0.12   0.033   0.128
   51810.867    -4.435     2.463     2.073     -0.13   0.037   0.104
   51811.207     3.739     2.254     2.593      0.11   0.034   0.130
   51812.862    -4.436     2.458     2.141     -0.11   0.037   0.107
   51813.201     3.741     2.167     2.530      0.12   0.033   0.127
   51813.859    -4.439     2.557     2.245     -0.10   0.039   0.112
   51814.199     3.744     2.280     2.526      0.08   0.034   0.126
   51814.856    -4.438     2.697     1.779     -0.32   0.041   0.089
   51815.854    -4.438     2.515     2.133     -0.13   0.038   0.107
   51816.193     3.747     3.077     2.487     -0.16   0.046   0.124
   51816.851    -4.441     2.502     1.972     -0.18   0.038   0.099
   51817.190     3.744     2.450     2.395     -0.02   0.037   0.120
   51817.848    -4.437     2.497     1.742     -0.28   0.038   0.087
   51818.188     3.747     2.496     2.408     -0.03   0.038   0.121
   51818.846    -4.435     2.540     1.814     -0.26   0.038   0.091
   51819.186     3.742     2.533     2.429     -0.03   0.038   0.122
   51819.843    -4.436     2.538     1.856     -0.24   0.038   0.093
   51820.183     3.746     2.542     2.287     -0.08   0.038   0.114
   51820.840    -4.438     2.523     1.874     -0.23   0.038   0.094
   51821.180     3.745     2.451     2.520      0.02   0.037   0.126
   51821.837    -4.437     2.509     1.834     -0.24   0.038   0.092
   51822.177     3.742     2.464     2.445     -0.01   0.037   0.122
   51822.835    -4.436     2.544     1.807     -0.26   0.038   0.091
   51823.174     3.741     2.512     2.736      0.06   0.038   0.137
