50646.454	3.217	4.312	4.150	-0.03	0.065	0.208
50646.461	3.381	4.313	4.196	-0.02	0.065	0.210
50647.451	3.214	4.284	4.120	-0.03	0.064	0.206
50647.458	3.380	4.286	4.186	-0.02	0.064	0.209
50649.445	3.212	4.311	4.090	-0.04	0.065	0.205
50649.452	3.378	4.307	4.124	-0.03	0.065	0.206
50646.454	3.217	4.312	4.150	-0.03	0.065	0.208
50646.461	3.381	4.313	4.196	-0.02	0.065	0.210
50647.451	3.214	4.284	4.120	-0.03	0.064	0.206
50647.458	3.380	4.286	4.186	-0.02	0.064	0.209
50648.448	3.214	4.233	3.983	-0.05	0.064	0.199
50648.455	3.378	4.240	4.055	-0.03	0.064	0.203
50649.445	3.212	4.311	4.090	-0.04	0.065	0.205
50649.452	3.378	4.307	4.124	-0.03	0.065	0.206
50650.443	3.214	4.280	4.151	-0.02	0.064	0.208
50650.450	3.376	4.279	4.171	-0.02	0.064	0.209
50651.440	3.213	4.219	3.923	-0.06	0.063	0.196
50651.447	3.379	4.220	3.938	-0.05	0.063	0.197
50652.438	3.216	4.159	2.455	-0.40	0.062	0.123
50652.444	3.377	4.160	2.279	-0.46	0.063	0.114
50653.435	3.216	4.169	4.267	0.02	0.063	0.213
50653.441	3.378	4.198	4.455	0.05	0.063	0.223
50654.432	3.215	4.203	3.953	-0.05	0.063	0.198
50654.438	3.377	4.214	4.016	-0.04	0.063	0.201
50656.427	3.215	4.237	3.936	-0.06	0.064	0.197
50656.434	3.377	4.253	3.981	-0.05	0.064	0.199
50657.424	3.214	4.289	4.129	-0.03	0.064	0.207
50657.431	3.383	4.284	4.164	-0.02	0.064	0.208
50658.421	3.215	4.240	4.005	-0.04	0.064	0.200
50658.428	3.379	4.209	4.009	-0.04	0.063	0.201
50659.418	3.211	4.301	3.874	-0.08	0.065	0.194
50659.425	3.377	4.256	3.869	-0.07	0.064	0.194
50662.410	3.218	4.282	3.822	-0.09	0.064	0.191
50662.417	3.379	4.182	3.888	-0.06	0.063	0.194
50663.407	3.215	4.194	3.865	-0.06	0.063	0.193
50663.414	3.377	4.210	3.941	-0.05	0.063	0.197
50664.405	3.215	4.131	3.770	-0.07	0.062	0.189
50664.412	3.384	4.162	3.846	-0.06	0.063	0.192
50665.402	3.218	4.037	3.766	-0.05	0.061	0.188
50665.409	3.382	4.168	3.826	-0.07	0.063	0.191
50666.399	3.213	4.140	3.917	-0.04	0.062	0.196
50666.406	3.379	4.207	3.919	-0.05	0.063	0.196
50667.396	3.217	4.188	3.650	-0.10	0.063	0.183
50667.403	3.378	4.185	3.718	-0.09	0.063	0.186
50668.394	3.212	4.168	3.669	-0.10	0.063	0.184
50668.400	3.377	4.198	3.693	-0.10	0.063	0.185
50670.389	3.217	4.123	3.849	-0.05	0.062	0.193
50670.396	3.379	4.129	3.872	-0.05	0.062	0.194
50671.386	3.216	4.110	3.921	-0.04	0.062	0.196
50671.393	3.377	4.135	3.932	-0.04	0.062	0.197
50672.383	3.216	4.178	3.895	-0.05	0.063	0.195
50672.390	3.377	4.199	3.899	-0.06	0.063	0.195
50673.380	3.215	4.059	3.773	-0.06	0.061	0.189
50673.387	3.377	4.053	3.734	-0.06	0.061	0.187
50674.377	3.212	3.899	3.996	0.02	0.059	0.200
50674.384	3.377	3.917	4.031	0.02	0.059	0.202
50675.375	3.215	3.999	3.979	0.00	0.060	0.199
50675.382	3.377	3.988	4.018	0.01	0.060	0.201
50676.372	3.211	3.951	3.894	-0.01	0.059	0.195
50676.379	3.377	3.944	4.000	0.01	0.059	0.200
50678.366	3.214	3.903	3.799	-0.02	0.059	0.190
50678.374	3.383	3.901	3.804	-0.02	0.059	0.190
50679.363	3.212	3.925	4.037	0.02	0.059	0.202
50679.370	3.377	3.921	4.011	0.02	0.059	0.201
50680.361	3.214	3.954	3.830	-0.02	0.059	0.192
50680.368	3.380	3.944	3.870	-0.01	0.059	0.194
50681.358	3.210	3.951	3.931	0.00	0.059	0.197
50681.365	3.376	3.944	4.016	0.01	0.059	0.201
50682.355	3.212	3.970	3.835	-0.03	0.060	0.192
50682.362	3.378	3.994	3.870	-0.02	0.060	0.194
50683.353	3.211	3.977	4.005	0.00	0.060	0.200
50683.359	3.377	3.975	4.024	0.01	0.060	0.201
50684.351	3.214	4.064	3.946	-0.02	0.061	0.197
50684.357	3.382	4.040	4.002	-0.01	0.061	0.200
50685.348	3.214	4.054	3.941	-0.02	0.061	0.197
50685.354	3.378	4.046	3.988	-0.01	0.061	0.199
50686.345	3.214	4.071	3.906	-0.03	0.061	0.195
50686.352	3.382	4.056	3.935	-0.02	0.061	0.197
50687.342	3.214	4.125	3.985	-0.03	0.062	0.199
50687.349	3.380	4.117	4.013	-0.02	0.062	0.201
50688.339	3.215	4.103	3.821	-0.05	0.062	0.191
50688.346	3.377	4.103	3.866	-0.05	0.062	0.193
50689.337	3.213	4.132	3.913	-0.04	0.062	0.196
50689.344	3.379	4.136	3.951	-0.04	0.062	0.198
50690.334	3.216	4.180	3.872	-0.06	0.063	0.194
50690.341	3.378	4.195	3.923	-0.05	0.063	0.196
50691.331	3.217	4.174	3.822	-0.07	0.063	0.191
50691.338	3.381	4.160	3.688	-0.09	0.063	0.184
50692.328	3.215	4.197	4.067	-0.02	0.063	0.203
50692.335	3.379	4.213	4.089	-0.02	0.063	0.205
50693.326	3.217	4.173	3.963	-0.04	0.063	0.198
50693.333	3.381	4.186	4.029	-0.03	0.063	0.202
50694.323	3.214	4.171	3.852	-0.06	0.063	0.193
50694.330	3.380	4.156	3.767	-0.08	0.062	0.188
50697.314	3.212	4.128	3.885	-0.05	0.062	0.194
50698.312	3.214	4.105	3.969	-0.03	0.062	0.199
50699.310	3.217	4.060	3.862	-0.04	0.061	0.193
50700.307	3.216	4.065	3.856	-0.04	0.061	0.193
50701.304	3.213	4.008	3.727	-0.06	0.060	0.186
50702.301	3.216	3.988	3.818	-0.03	0.060	0.191
50703.299	3.217	4.002	3.834	-0.03	0.060	0.192
50704.296	3.215	3.999	3.804	-0.04	0.060	0.190
50705.293	3.215	3.989	3.767	-0.04	0.060	0.188
50706.290	3.210	3.949	3.876	-0.01	0.059	0.194
50707.287	3.217	3.954	3.843	-0.02	0.059	0.192
50708.284	3.211	3.984	3.930	-0.01	0.060	0.197
50709.282	3.217	3.865	3.604	-0.05	0.058	0.180
50710.279	3.216	4.007	3.940	-0.01	0.060	0.197
50711.276	3.212	3.932	3.872	-0.01	0.059	0.194
50712.273	3.217	3.943	3.982	0.01	0.059	0.199
50713.271	3.214	3.933	3.836	-0.02	0.059	0.192
50714.269	3.213	3.910	3.926	0.00	0.059	0.196
50715.266	3.215	3.889	3.855	-0.01	0.058	0.193
50716.263	3.217	3.895	3.874	0.00	0.059	0.194
50718.258	3.214	4.051	3.846	-0.04	0.061	0.192
50719.255	3.215	4.020	4.259	0.04	0.060	0.213
50720.252	3.218	3.943	4.354	0.08	0.059	0.218
50721.249	3.218	3.939	4.062	0.02	0.059	0.203
50722.246	3.212	3.912	3.742	-0.03	0.059	0.187
50723.243	3.213	4.020	4.027	0.00	0.060	0.201
50724.241	3.217	4.028	3.966	-0.01	0.061	0.198
50725.238	3.213	3.939	3.957	0.00	0.059	0.198
50726.235	3.216	3.934	4.073	0.03	0.059	0.204
50727.232	3.215	3.927	4.049	0.02	0.059	0.203
50728.230	3.214	3.900	4.015	0.02	0.059	0.201
50729.210	2.806	3.896	4.247	0.07	0.059	0.212
50730.208	2.808	3.869	4.144	0.05	0.058	0.207
50731.205	2.802	3.832	4.153	0.06	0.058	0.208
50732.202	2.806	3.853	4.276	0.08	0.058	0.214
50733.199	2.807	3.854	4.232	0.07	0.058	0.212
50734.196	2.804	3.824	4.202	0.07	0.057	0.210
50735.194	2.806	3.860	4.196	0.06	0.058	0.210
50736.191	2.804	3.827	3.832	0.00	0.058	0.192
50737.188	2.806	3.889	4.029	0.03	0.058	0.202
50738.186	2.805	3.834	4.096	0.05	0.058	0.205
50739.183	2.806	3.856	4.018	0.03	0.058	0.201
50740.181	2.806	3.853	3.876	0.00	0.058	0.194
50741.178	2.807	3.891	3.887	0.00	0.058	0.194
50742.175	2.804	3.888	3.942	0.01	0.058	0.197
50743.172	2.805	3.889	4.062	0.03	0.058	0.203
50744.169	2.807	3.958	3.938	0.00	0.059	0.197
50745.167	2.808	3.971	3.962	0.00	0.060	0.198
50746.164	2.804	3.942	3.595	-0.07	0.059	0.180
50747.161	2.808	3.932	4.766	0.15	0.059	0.238
50748.158	2.808	3.937	4.601	0.12	0.059	0.230
50749.155	2.803	3.994	4.159	0.03	0.060	0.208
50750.153	2.802	4.083	4.143	0.01	0.061	0.207
50751.150	2.802	4.134	4.160	0.00	0.062	0.208
50752.147	2.806	4.098	4.198	0.02	0.062	0.210
50753.145	2.806	4.078	4.562	0.09	0.061	0.228
50754.142	2.804	4.068	4.638	0.10	0.061	0.232
50755.140	2.808	4.147	4.405	0.05	0.062	0.220
50756.137	2.803	4.407	1.589	-0.78	0.066	0.080
50757.134	2.803	4.208	4.491	0.05	0.063	0.225
50758.131	2.807	4.124	4.588	0.08	0.062	0.229
50759.128	2.802	4.160	3.654	-0.10	0.063	0.183
50760.126	2.806	4.205	3.535	-0.13	0.063	0.177
50761.123	2.808	4.271	4.525	0.04	0.064	0.226
50762.120	2.805	4.265	4.551	0.05	0.064	0.228
50763.117	2.804	4.270	4.525	0.04	0.064	0.226
50764.114	2.805	4.235	4.804	0.10	0.064	0.240
50765.112	2.806	4.196	4.937	0.12	0.063	0.247
50766.109	2.804	4.208	4.917	0.12	0.063	0.246
50767.106	2.808	4.197	4.749	0.09	0.063	0.238
50768.104	2.803	4.203	4.973	0.13	0.063	0.249
50769.102	2.806	3.739	4.766	0.19	0.056	0.238
50770.099	2.804	4.268	5.114	0.14	0.064	0.256
50771.096	2.806	4.149	4.917	0.13	0.062	0.246
50772.093	2.809	4.144	4.977	0.14	0.062	0.249
50773.090	2.806	4.118	4.981	0.15	0.062	0.249
50774.088	2.805	4.067	4.524	0.08	0.061	0.226
50775.085	2.804	4.018	5.157	0.19	0.060	0.258
50776.082	2.807	4.113	5.280	0.19	0.062	0.264
50777.079	2.808	4.122	5.022	0.15	0.062	0.251
50778.076	2.804	4.058	5.095	0.17	0.061	0.255
50781.068	2.807	4.032	5.514	0.24	0.061	0.276
50782.065	2.807	4.191	5.726	0.24	0.063	0.286
50783.063	2.809	4.162	5.537	0.22	0.063	0.277
50784.061	2.805	4.185	5.725	0.24	0.063	0.286
50785.058	2.806	4.184	5.531	0.21	0.063	0.277
50786.055	2.804	4.124	4.891	0.13	0.062	0.245
50787.052	2.803	4.131	5.383	0.20	0.062	0.269
50788.049	2.805	4.182	5.601	0.22	0.063	0.280
50789.047	2.808	4.206	5.719	0.23	0.063	0.286
50790.044	2.808	4.175	5.456	0.20	0.063	0.273
50791.041	2.805	4.218	5.642	0.22	0.063	0.282
50792.038	2.806	4.196	2.054	-0.55	0.063	0.103
50793.035	2.805	4.409	5.585	0.18	0.066	0.279
50794.033	2.808	4.323	5.341	0.16	0.065	0.267
50795.030	2.804	4.298	5.218	0.15	0.065	0.261
50796.027	2.809	4.254	5.141	0.14	0.064	0.257
50797.024	2.809	4.333	5.027	0.11	0.065	0.251
50798.021	2.806	4.333	5.045	0.12	0.065	0.252
50799.020	2.807	4.306	5.155	0.14	0.065	0.258
50800.017	2.803	4.318	4.932	0.10	0.065	0.247
50801.014	2.807	4.329	4.974	0.11	0.065	0.249
50802.011	2.805	4.341	4.908	0.09	0.065	0.245
50803.009	2.810	4.279	4.648	0.06	0.064	0.232
50804.006	2.809	4.379	5.008	0.10	0.066	0.250
50805.003	2.804	4.467	4.745	0.05	0.067	0.237
50806.000	2.806	4.396	4.941	0.09	0.066	0.247
50809.989	2.805	4.439	4.582	0.02	0.067	0.229
50810.986	2.808	4.491	4.779	0.05	0.067	0.239
50812.980	2.806	4.517	5.032	0.08	0.068	0.252
50815.973	2.805	4.476	4.727	0.04	0.067	0.236
50816.970	2.806	4.523	4.597	0.01	0.068	0.230
50817.967	2.805	4.493	4.568	0.01	0.067	0.228
50818.965	2.808	4.528	4.554	0.00	0.068	0.228
50819.962	2.807	4.547	4.505	-0.01	0.068	0.225
50820.959	2.805	4.520	4.489	0.00	0.068	0.225
50821.956	2.803	4.622	4.609	0.00	0.069	0.231
50822.953	2.804	4.593	4.663	0.01	0.069	0.233
50823.951	2.807	4.536	4.367	-0.03	0.068	0.218
50824.948	2.808	4.499	4.308	-0.03	0.068	0.215
50826.942	2.805	4.442	4.207	-0.04	0.067	0.210
50827.940	2.807	4.461	4.327	-0.02	0.067	0.216
50828.938	2.805	4.484	3.995	-0.09	0.067	0.200
50829.935	2.807	4.458	4.248	-0.04	0.067	0.212
50830.932	2.807	4.422	3.977	-0.08	0.066	0.199
50831.929	2.808	4.441	4.163	-0.05	0.067	0.208
50832.926	2.803	4.384	4.031	-0.06	0.066	0.202
50833.924	2.807	4.309	4.064	-0.05	0.065	0.203
50834.921	2.805	4.285	4.160	-0.02	0.064	0.208
50835.918	2.803	4.388	4.138	-0.05	0.066	0.207
50836.915	2.806	4.476	4.106	-0.07	0.067	0.205
50838.910	2.808	4.249	4.259	0.00	0.064	0.213
50839.907	2.803	4.301	4.124	-0.03	0.065	0.206
50841.901	2.803	4.354	4.198	-0.03	0.065	0.210
50842.899	2.809	4.346	4.327	0.00	0.065	0.216
50843.896	2.806	4.342	4.425	0.01	0.065	0.221
50844.894	2.808	4.248	4.338	0.02	0.064	0.217
50845.891	2.806	4.217	4.285	0.01	0.063	0.214
50846.888	2.808	4.343	4.223	-0.02	0.065	0.211
50847.886	2.807	4.454	4.106	-0.06	0.067	0.205
50848.883	2.802	4.490	4.505	0.00	0.067	0.225
50849.880	2.806	4.447	4.550	0.02	0.067	0.228
50850.877	2.805	4.420	4.403	0.00	0.066	0.220
50851.874	2.806	4.428	4.277	-0.03	0.067	0.214
50852.872	2.809	4.387	4.308	-0.01	0.066	0.215
50853.869	2.805	4.326	4.330	0.00	0.065	0.217
50854.866	2.804	4.333	4.381	0.01	0.065	0.219
50855.863	2.807	4.359	3.688	-0.13	0.065	0.184
50856.860	2.806	4.424	4.307	-0.02	0.066	0.215
50857.858	2.807	4.384	4.544	0.03	0.066	0.227
50858.855	2.809	4.326	4.368	0.01	0.065	0.218
50859.853	2.804	4.309	4.530	0.04	0.065	0.227
50860.850	2.810	4.424	4.630	0.04	0.066	0.232
50862.845	2.807	4.405	4.779	0.06	0.066	0.239
50863.842	2.805	4.412	4.376	-0.01	0.066	0.219
50864.839	2.804	4.438	4.873	0.07	0.067	0.244
50865.836	2.808	4.462	4.802	0.06	0.067	0.240
50866.834	2.807	4.406	4.769	0.06	0.066	0.239
50869.812	2.471	4.371	4.859	0.08	0.066	0.243
50870.809	2.472	4.306	4.556	0.04	0.065	0.228
50871.806	2.473	4.366	4.463	0.02	0.066	0.223
50872.804	2.474	4.272	3.581	-0.14	0.064	0.179
50873.801	2.469	4.438	4.653	0.04	0.067	0.233
50874.812	2.805	4.341	4.682	0.06	0.065	0.234
50875.809	2.804	4.396	4.568	0.03	0.066	0.228
50876.806	2.804	4.457	4.863	0.07	0.067	0.243
50878.801	2.808	4.323	4.559	0.04	0.065	0.228
50879.798	2.807	4.383	4.894	0.08	0.066	0.245
50880.796	2.809	4.416	5.067	0.10	0.066	0.253
50881.793	2.806	4.447	4.621	0.03	0.067	0.231
50882.790	2.807	4.536	5.061	0.08	0.068	0.253
50883.787	2.809	4.385	5.043	0.11	0.066	0.252
50885.781	2.806	4.387	4.729	0.06	0.066	0.237
50886.779	2.808	4.424	4.581	0.03	0.066	0.229
50887.776	2.804	4.434	4.729	0.05	0.067	0.237
50888.773	2.807	2.758	4.745	0.42	0.042	0.237
50889.771	2.805	4.502	5.424	0.14	0.068	0.271
50890.768	2.808	3.457	4.859	0.26	0.052	0.243
50891.800	3.639	4.311	4.873	0.09	0.065	0.244
50892.763	2.807	4.497	4.854	0.06	0.068	0.243
50893.760	2.809	4.532	5.151	0.10	0.068	0.258
50894.757	2.804	4.480	4.841	0.06	0.067	0.242
50895.754	2.806	4.432	5.002	0.09	0.067	0.250
50896.752	2.808	4.431	5.009	0.09	0.067	0.251
50897.749	2.802	4.441	5.014	0.09	0.067	0.251
50899.743	2.803	4.495	4.876	0.06	0.068	0.244
50900.741	2.808	4.669	4.993	0.05	0.070	0.250
50901.738	2.806	4.598	4.860	0.04	0.069	0.243
50902.735	2.803	4.501	4.926	0.07	0.068	0.246
50903.732	2.807	4.621	5.127	0.08	0.069	0.256
50918.608	0.806	4.771	4.565	-0.03	0.072	0.228
50920.603	0.806	4.707	5.007	0.05	0.071	0.250
50921.601	0.810	4.837	4.935	0.01	0.073	0.247
50922.598	0.807	4.713	4.217	-0.09	0.071	0.211
50923.595	0.807	4.810	5.129	0.05	0.072	0.257
50924.592	0.802	4.775	4.299	-0.08	0.072	0.215
50925.589	0.805	4.797	4.602	-0.03	0.072	0.230
50927.584	0.809	4.701	4.293	-0.07	0.071	0.215
50928.581	0.806	4.783	4.665	-0.02	0.072	0.233
50929.578	0.808	4.752	4.873	0.02	0.071	0.244
50930.576	0.810	4.693	5.179	0.08	0.070	0.259
50931.573	0.805	4.665	4.087	-0.10	0.070	0.204
50932.570	0.803	4.764	4.645	-0.02	0.072	0.232
50934.564	0.806	4.631	4.211	-0.07	0.070	0.211
50935.562	0.805	4.770	5.192	0.06	0.072	0.260
50936.560	0.806	4.728	4.770	0.01	0.071	0.239
50937.557	0.810	4.588	4.582	0.00	0.069	0.229
50939.551	0.809	4.687	4.311	-0.06	0.070	0.216
50941.546	0.807	4.697	4.670	0.00	0.071	0.234
50942.543	0.807	4.710	4.714	0.00	0.071	0.236
50943.540	0.807	4.726	4.657	-0.01	0.071	0.233
50944.537	0.806	4.693	4.749	0.01	0.070	0.238
50945.535	0.806	4.655	4.652	0.00	0.070	0.233
50946.532	0.808	4.713	4.523	-0.03	0.071	0.226
50948.526	0.808	4.760	4.396	-0.06	0.071	0.220
50949.523	0.803	4.723	4.433	-0.05	0.071	0.222
50950.521	0.804	4.642	4.342	-0.05	0.070	0.217
50951.519	0.807	4.707	4.026	-0.12	0.071	0.201
50952.516	0.805	4.811	4.245	-0.10	0.072	0.212
50953.513	0.802	4.720	4.376	-0.06	0.071	0.219
50955.508	0.806	4.747	4.047	-0.12	0.071	0.202
50956.505	0.809	4.616	3.124	-0.30	0.069	0.156
50957.502	0.808	4.730	4.171	-0.10	0.071	0.209
50958.499	0.805	4.603	4.372	-0.04	0.069	0.219
50959.497	0.809	4.563	4.303	-0.05	0.069	0.215
50960.494	0.804	4.566	3.942	-0.11	0.069	0.197
50961.491	0.805	4.542	4.207	-0.06	0.068	0.210
50962.488	0.804	4.615	4.249	-0.06	0.069	0.213
50963.485	0.806	4.599	4.351	-0.04	0.069	0.218
50964.483	0.808	4.593	4.415	-0.03	0.069	0.221
50965.480	0.806	4.449	3.527	-0.18	0.067	0.176
50966.478	0.803	4.613	4.271	-0.06	0.069	0.214
50967.475	0.808	4.571	4.271	-0.05	0.069	0.214
50968.472	0.808	4.498	4.192	-0.05	0.068	0.210
50969.470	0.808	4.571	4.523	-0.01	0.069	0.226
50970.467	0.809	4.579	4.550	0.00	0.069	0.228
50971.464	0.805	4.525	4.141	-0.07	0.068	0.207
50972.461	0.805	4.569	4.508	-0.01	0.069	0.225
50974.456	0.807	4.502	3.228	-0.25	0.068	0.162
50975.453	0.808	4.535	4.338	-0.03	0.068	0.217
50976.450	0.804	4.559	4.302	-0.04	0.068	0.215
50977.447	0.803	4.579	4.167	-0.07	0.069	0.208
50978.444	0.807	4.517	4.055	-0.08	0.068	0.203
50979.441	0.805	4.544	4.272	-0.05	0.068	0.214
50980.439	0.809	4.558	4.107	-0.08	0.068	0.205
50981.437	0.807	4.437	3.986	-0.08	0.067	0.199
50982.434	0.809	4.404	3.984	-0.08	0.066	0.199
50983.431	0.807	3.837	1.029	-1.01	0.058	0.052
50984.429	0.807	4.421	3.924	-0.09	0.066	0.196
50985.426	0.808	4.446	3.950	-0.09	0.067	0.198
50986.423	0.805	4.312	3.911	-0.08	0.065	0.196
50987.420	0.803	4.346	3.909	-0.08	0.065	0.196
50988.417	0.802	4.678	3.927	-0.13	0.070	0.196
50989.414	0.805	4.338	3.670	-0.13	0.065	0.184
50991.409	0.801	4.140	3.931	-0.04	0.062	0.197
50992.406	0.809	4.249	3.088	-0.25	0.064	0.155
50993.403	0.802	4.311	3.976	-0.06	0.065	0.199
50994.400	0.803	4.187	3.884	-0.06	0.063	0.194
50995.398	0.805	4.144	3.879	-0.05	0.062	0.194
50996.396	0.808	4.260	3.742	-0.10	0.064	0.187
50997.393	0.808	4.244	3.732	-0.10	0.064	0.187
50998.390	0.802	4.288	3.834	-0.09	0.064	0.192
50999.388	0.808	4.212	3.751	-0.09	0.063	0.188
51000.385	0.805	4.268	3.659	-0.12	0.064	0.183
51001.382	0.805	4.244	3.786	-0.09	0.064	0.189
51008.362	0.806	4.231	3.827	-0.08	0.064	0.191
51009.360	0.803	4.241	3.779	-0.09	0.064	0.189
51010.357	0.807	4.256	3.676	-0.11	0.064	0.184
51011.354	0.803	4.233	3.760	-0.09	0.064	0.188
51012.352	0.808	4.323	3.844	-0.09	0.065	0.192
51013.349	0.807	4.292	3.853	-0.08	0.064	0.193
51014.347	0.809	4.348	3.848	-0.09	0.065	0.192
51015.344	0.804	4.449	4.054	-0.07	0.067	0.203
51016.341	0.803	4.399	3.788	-0.12	0.066	0.189
51017.338	0.804	4.446	3.998	-0.08	0.067	0.200
51018.335	0.805	4.470	3.955	-0.09	0.067	0.198
51019.333	0.806	4.511	3.854	-0.12	0.068	0.193
51020.330	0.804	4.558	4.020	-0.10	0.068	0.201
51021.327	0.806	4.531	4.071	-0.08	0.068	0.204
51022.342	1.225	4.481	4.047	-0.08	0.067	0.202
51023.339	1.225	4.562	4.111	-0.08	0.069	0.206
51024.336	1.222	4.621	4.201	-0.07	0.069	0.210
51025.334	1.224	4.468	3.781	-0.13	0.067	0.189
51026.331	1.225	4.554	4.178	-0.07	0.068	0.209
51027.328	1.226	4.604	4.073	-0.09	0.069	0.204
51028.325	1.222	4.578	4.198	-0.07	0.069	0.210
51029.323	1.225	4.586	4.155	-0.08	0.069	0.208
51030.320	1.225	4.595	4.187	-0.07	0.069	0.209
51031.317	1.226	4.530	4.251	-0.05	0.068	0.213
51032.314	1.225	4.536	4.336	-0.04	0.068	0.217
51033.312	1.223	4.498	4.286	-0.04	0.068	0.214
51034.310	1.226	4.405	4.376	0.00	0.066	0.219
51035.307	1.225	4.446	4.296	-0.03	0.067	0.215
51036.304	1.227	4.470	4.374	-0.02	0.067	0.219
51037.301	1.222	4.448	4.267	-0.03	0.067	0.213
51038.298	1.223	4.470	4.202	-0.05	0.067	0.210
51039.296	1.224	4.472	4.212	-0.05	0.067	0.211
51040.293	1.223	4.468	4.544	0.01	0.067	0.227
51041.290	1.227	4.380	4.375	0.00	0.066	0.219
51042.287	1.226	4.543	4.765	0.04	0.068	0.238
51044.281	1.222	4.717	4.637	-0.01	0.071	0.232
51045.279	1.225	4.638	4.046	-0.10	0.070	0.202
51046.276	1.224	4.675	4.937	0.04	0.070	0.247
51047.273	1.223	4.703	4.737	0.01	0.071	0.237
51048.271	1.222	4.690	4.707	0.00	0.070	0.235
51049.268	1.222	4.769	4.714	-0.01	0.072	0.236
51050.266	1.222	4.716	4.793	0.01	0.071	0.240
51051.263	1.225	4.748	5.164	0.06	0.071	0.258
51053.257	1.223	4.713	4.481	-0.04	0.071	0.224
51054.255	1.225	4.715	4.626	-0.01	0.071	0.231
51055.252	1.224	4.743	4.713	0.00	0.071	0.236
51056.249	1.225	4.841	4.485	-0.06	0.073	0.224
51057.246	1.224	4.769	4.470	-0.05	0.072	0.224
51058.243	1.224	4.774	4.731	-0.01	0.072	0.237
51059.241	1.223	4.790	4.813	0.00	0.072	0.241
51060.238	1.225	4.713	4.551	-0.03	0.071	0.228
51061.235	1.222	4.716	4.558	-0.03	0.071	0.228
51062.232	1.225	4.716	4.691	0.00	0.071	0.235
51064.228	1.223	4.476	3.990	-0.09	0.067	0.200
51065.225	1.225	4.555	4.827	0.04	0.068	0.241
51068.216	1.222	4.572	4.878	0.05	0.069	0.244
51069.214	1.227	4.594	4.896	0.05	0.069	0.245
51070.211	1.225	4.638	5.204	0.09	0.070	0.260
51071.208	1.227	3.211	3.110	-0.02	0.048	0.156
51074.200	1.225	4.336	5.041	0.12	0.065	0.252
51075.197	1.223	4.258	4.910	0.11	0.064	0.246
51076.194	1.223	4.261	4.823	0.09	0.064	0.241
51077.191	1.225	4.279	4.825	0.09	0.064	0.241
51078.188	1.223	4.238	4.788	0.09	0.064	0.239
51079.187	1.220	4.280	4.701	0.07	0.064	0.235
51080.184	1.224	4.393	4.670	0.05	0.066	0.234
51081.181	1.226	4.371	4.872	0.08	0.066	0.244
51082.178	1.223	4.297	4.586	0.05	0.065	0.229
51083.175	1.224	4.280	4.695	0.07	0.064	0.235
51084.173	1.223	4.228	4.648	0.07	0.064	0.232
51085.170	1.220	4.279	4.886	0.10	0.064	0.244
51086.167	1.223	4.047	4.681	0.11	0.061	0.234
51089.159	1.224	4.178	4.803	0.11	0.063	0.240
51090.156	1.225	4.207	4.556	0.06	0.063	0.228
51091.153	1.224	4.182	4.661	0.08	0.063	0.233
51092.150	1.225	4.098	5.560	0.23	0.062	0.278
51093.148	1.225	4.193	4.338	0.03	0.063	0.217
51094.146	1.222	4.091	4.399	0.06	0.061	0.220
51095.143	1.222	4.191	4.846	0.11	0.063	0.242
51096.140	1.225	4.170	4.522	0.06	0.063	0.226
51097.137	1.224	4.031	4.367	0.06	0.061	0.218
51098.135	1.225	4.267	4.399	0.02	0.064	0.220
51099.132	1.223	4.285	4.442	0.03	0.064	0.222
51100.129	1.224	4.212	4.277	0.01	0.063	0.214
51101.126	1.225	4.262	4.492	0.04	0.064	0.225
51102.124	1.227	4.284	4.653	0.06	0.064	0.233
51103.121	1.226	4.240	4.440	0.04	0.064	0.222
51104.118	1.227	4.177	4.446	0.05	0.063	0.222
51105.115	1.226	4.143	4.525	0.07	0.062	0.226
51106.112	1.225	4.105	4.688	0.10	0.062	0.234
51107.109	1.226	4.122	4.361	0.04	0.062	0.218
51108.106	1.221	4.115	4.268	0.03	0.062	0.213
51109.104	1.219	4.076	4.585	0.09	0.061	0.229
51110.102	1.227	4.145	4.448	0.05	0.062	0.222
51111.099	1.223	4.557	4.610	0.01	0.068	0.231
51112.096	1.222	4.155	4.509	0.06	0.062	0.226
51113.094	1.226	4.388	4.490	0.02	0.066	0.225
51114.091	1.223	4.140	4.624	0.09	0.062	0.231
51115.088	1.224	4.136	4.665	0.09	0.062	0.233
51116.085	1.223	4.261	5.029	0.13	0.064	0.252
51117.083	1.229	4.138	4.464	0.06	0.062	0.223
51118.080	1.228	4.356	4.464	0.02	0.065	0.223
51119.077	1.225	4.423	4.612	0.03	0.066	0.231
51120.074	1.229	4.031	4.268	0.04	0.061	0.213
51121.071	1.225	4.195	4.378	0.03	0.063	0.219
51122.068	1.223	4.317	4.551	0.04	0.065	0.228
51123.066	1.221	4.266	4.637	0.06	0.064	0.232
51124.063	1.220	4.235	4.396	0.03	0.064	0.220
51125.061	1.225	4.289	4.446	0.03	0.064	0.222
51126.058	1.226	4.431	4.286	-0.03	0.067	0.214
51127.056	1.226	4.531	4.207	-0.06	0.068	0.210
51128.053	1.222	4.247	4.039	-0.04	0.064	0.202
51129.050	1.223	4.252	4.084	-0.03	0.064	0.204
51130.047	1.225	4.241	4.055	-0.03	0.064	0.203
51131.044	1.220	4.199	4.209	0.00	0.063	0.211
51132.042	1.225	4.118	3.992	-0.02	0.062	0.200
51133.039	1.221	4.233	4.153	-0.01	0.064	0.208
51134.036	1.224	4.139	3.955	-0.04	0.062	0.198
51138.025	1.224	4.498	4.122	-0.07	0.068	0.206
51139.022	1.224	4.761	3.976	-0.14	0.072	0.199
51140.020	1.226	4.312	4.048	-0.05	0.065	0.202
51142.015	1.224	4.508	4.009	-0.09	0.068	0.201
51145.006	1.222	4.324	3.989	-0.06	0.065	0.200
51146.003	1.222	4.294	4.011	-0.05	0.065	0.201
51147.000	1.222	4.648	4.046	-0.11	0.070	0.202
51147.998	1.221	4.325	4.084	-0.04	0.065	0.204
51148.995	1.227	4.400	4.151	-0.05	0.066	0.208
51149.992	1.227	4.696	4.209	-0.08	0.071	0.211
51150.989	1.223	4.327	4.001	-0.06	0.065	0.200
51151.987	1.230	4.335	4.227	-0.02	0.065	0.211
51152.984	1.225	4.308	4.060	-0.05	0.065	0.203
51153.981	1.228	4.408	4.212	-0.04	0.066	0.211
51154.979	1.226	4.387	4.049	-0.06	0.066	0.203
51155.977	1.227	4.369	4.298	-0.01	0.066	0.215
51156.974	1.226	4.278	4.138	-0.03	0.064	0.207
51157.971	1.221	4.438	4.009	-0.08	0.067	0.201
51158.968	1.226	4.639	4.271	-0.06	0.070	0.214
51159.965	1.223	4.716	4.144	-0.10	0.071	0.207
51160.962	1.223	4.286	4.296	0.00	0.064	0.215
51161.960	1.224	4.651	4.282	-0.06	0.070	0.214
51162.957	1.222	4.593	4.358	-0.04	0.069	0.218
51163.954	1.224	4.468	4.401	-0.01	0.067	0.220
51165.948	1.223	4.650	4.377	-0.05	0.070	0.219
51166.946	1.221	4.433	4.294	-0.02	0.067	0.215
51167.943	1.225	4.252	4.371	0.02	0.064	0.219
51168.940	1.228	4.343	4.390	0.01	0.065	0.220
51169.938	1.225	4.175	4.358	0.03	0.063	0.218
51173.927	1.224	4.587	4.133	-0.08	0.069	0.207
51174.924	1.222	4.210	4.209	0.00	0.063	0.211
51176.919	1.225	3.310	-1.000	-10.00	0.050	0.000
51177.916	1.224	4.038	4.450	0.07	0.061	0.223
51180.907	1.220	4.255	3.389	-0.17	0.064	0.170
51181.905	1.223	4.016	4.489	0.09	0.060	0.225
51182.902	1.223	4.082	4.600	0.09	0.061	0.230
51183.899	1.222	4.988	7.020	0.26	0.075	0.351
51189.883	1.222	3.800	3.926	0.03	0.057	0.196
51191.878	1.229	3.798	3.953	0.03	0.057	0.198
51193.872	1.223	3.853	4.000	0.03	0.058	0.200
51196.864	1.224	3.980	4.192	0.04	0.060	0.210
51198.858	1.224	3.719	4.062	0.07	0.056	0.203
51200.854	1.225	3.626	3.862	0.05	0.055	0.193
51201.851	1.223	3.324	3.652	0.07	0.050	0.183
51202.848	1.222	2.421	2.933	0.15	0.037	0.147
51204.842	1.224	3.720	4.070	0.07	0.056	0.204
51205.840	1.230	3.730	4.090	0.07	0.056	0.205
51206.837	1.228	3.800	4.209	0.08	0.057	0.211
51207.834	1.225	3.743	4.284	0.10	0.056	0.214
51208.831	1.224	4.026	4.276	0.05	0.061	0.214
51209.828	1.222	3.913	4.198	0.05	0.059	0.210
51210.826	1.225	3.647	3.528	-0.03	0.055	0.176
51212.820	1.224	3.745	4.307	0.11	0.056	0.215
51213.817	1.225	3.778	4.070	0.06	0.057	0.204
51214.814	1.224	3.936	4.152	0.04	0.059	0.208
51215.812	1.225	3.604	4.098	0.10	0.054	0.205
51216.810	1.222	3.721	3.860	0.03	0.056	0.193
51217.807	1.220	3.800	4.436	0.12	0.057	0.222
51218.804	1.223	3.628	4.046	0.08	0.055	0.202
51221.796	1.225	3.910	3.207	-0.15	0.059	0.160
51222.793	1.223	3.772	4.362	0.11	0.057	0.218
51223.790	1.222	3.681	4.479	0.15	0.055	0.224
51224.788	1.225	4.053	4.292	0.04	0.061	0.215
51225.785	1.222	3.794	4.303	0.10	0.057	0.215
51226.782	1.225	3.761	4.307	0.10	0.057	0.215
51228.776	1.222	3.641	4.173	0.10	0.055	0.209
51229.773	1.223	3.717	4.349	0.12	0.056	0.218
51230.771	1.220	3.807	4.390	0.11	0.057	0.220
51231.769	1.223	3.827	4.336	0.10	0.058	0.217
51232.766	1.224	3.833	4.230	0.08	0.058	0.212
51233.763	1.220	3.696	4.380	0.13	0.056	0.219
51235.758	1.225	0.114	0.148	0.20	0.004	0.009
51236.755	1.224	3.465	4.149	0.14	0.052	0.208
51237.752	1.225	3.762	4.263	0.10	0.057	0.213
51239.747	1.226	3.834	4.058	0.04	0.058	0.203
51240.744	1.224	3.624	3.640	0.00	0.054	0.182
51244.733	1.223	3.636	4.219	0.11	0.055	0.211
51245.730	1.225	3.596	4.016	0.09	0.054	0.201
51246.728	1.224	3.540	3.252	-0.06	0.053	0.163
51247.725	1.221	3.652	3.972	0.06	0.055	0.199
51249.720	1.223	3.597	4.227	0.12	0.054	0.211
51250.717	1.225	3.599	4.303	0.14	0.054	0.215
51252.713	1.262	3.423	3.329	-0.02	0.051	0.167
51253.708	1.225	3.549	3.796	0.05	0.053	0.190
51254.706	1.226	3.425	3.680	0.05	0.052	0.184
51256.700	1.221	3.689	3.913	0.05	0.055	0.196
51257.697	1.225	3.431	3.515	0.02	0.052	0.176
51258.694	1.225	3.593	3.684	0.02	0.054	0.184
51259.692	1.224	3.415	3.772	0.08	0.051	0.189
51260.689	1.225	3.534	4.113	0.12	0.053	0.206
51261.687	1.223	3.664	4.223	0.11	0.055	0.211
51263.681	1.225	3.597	3.622	0.00	0.054	0.181
51264.679	1.225	3.375	3.631	0.06	0.051	0.182
51265.676	1.226	3.783	3.602	-0.04	0.057	0.180
51266.673	1.226	3.674	3.722	0.01	0.055	0.186
51267.670	1.225	3.580	3.644	0.01	0.054	0.182
51268.667	1.224	3.567	3.838	0.06	0.054	0.192
51270.662	1.225	3.544	3.959	0.09	0.053	0.198
51271.659	1.226	3.566	3.567	0.00	0.054	0.178
51272.656	1.222	3.572	3.976	0.08	0.054	0.199
51273.653	1.222	3.607	3.837	0.05	0.054	0.192
51274.651	1.225	3.388	3.888	0.10	0.051	0.194
51275.648	1.227	3.588	3.677	0.02	0.054	0.184
51277.643	1.223	3.542	3.664	0.03	0.053	0.183
51278.641	1.226	3.528	4.063	0.11	0.053	0.203
51280.635	1.228	0.074	0.071	-0.03	0.004	0.007
51281.632	1.225	3.592	3.559	-0.01	0.054	0.178
51282.629	1.224	3.551	3.483	-0.01	0.053	0.174
51284.624	1.225	3.510	3.654	0.03	0.053	0.183
51285.621	1.225	3.557	3.655	0.02	0.053	0.183
51286.618	1.225	3.558	3.744	0.04	0.053	0.187
51287.615	1.222	3.519	3.612	0.02	0.053	0.181
51288.612	1.223	3.408	3.575	0.04	0.051	0.179
51289.610	1.223	3.461	2.631	-0.21	0.052	0.132
51291.604	1.225	3.488	3.801	0.07	0.052	0.190
51292.602	1.221	3.485	3.613	0.03	0.052	0.181
51293.599	1.222	3.311	3.227	-0.02	0.050	0.161
51294.597	1.226	3.453	3.504	0.01	0.052	0.175
51295.594	1.225	3.579	3.354	-0.05	0.054	0.168
51296.591	1.222	3.418	3.528	0.02	0.051	0.176
51298.586	1.225	3.359	3.436	0.02	0.051	0.172
51299.583	1.225	3.432	3.457	0.01	0.052	0.173
51300.580	1.223	3.402	3.405	0.00	0.051	0.170
51301.577	1.224	3.416	3.204	-0.05	0.051	0.160
51302.574	1.224	3.421	3.250	-0.04	0.051	0.163
51303.572	1.224	3.437	3.555	0.03	0.052	0.178
51304.569	1.225	3.407	3.729	0.07	0.051	0.187
51305.566	1.225	3.403	3.673	0.06	0.051	0.184
51306.563	1.225	3.407	3.792	0.08	0.051	0.190
51307.562	1.227	3.441	3.604	0.04	0.052	0.180
51308.559	1.224	3.458	3.357	-0.02	0.052	0.168
51310.554	1.237	3.408	3.672	0.06	0.051	0.184
51311.550	1.226	3.475	3.689	0.05	0.052	0.185
51312.547	1.225	3.478	3.551	0.02	0.052	0.178
51313.545	1.222	3.516	3.543	0.01	0.053	0.177
51316.536	1.223	3.526	3.849	0.07	0.053	0.193
51317.533	1.223	3.444	3.711	0.06	0.052	0.186
51319.528	1.222	3.477	3.157	-0.07	0.052	0.158
51320.525	1.223	3.547	3.270	-0.06	0.053	0.164
51322.520	1.224	-1.000	-1.000	-10.00	0.000	0.000
51323.518	1.225	-1.000	-1.000	-10.00	0.000	0.000
51327.507	1.226	3.632	3.410	-0.05	0.055	0.171
51328.504	1.224	3.684	3.277	-0.09	0.055	0.164
51329.501	1.225	3.674	3.500	-0.04	0.055	0.175
51330.498	1.225	3.655	3.534	-0.03	0.055	0.177
51331.495	1.225	3.615	3.601	0.00	0.054	0.180
51332.492	1.222	3.529	3.298	-0.05	0.053	0.165
51333.490	1.222	3.565	3.381	-0.04	0.054	0.169
51334.487	1.225	3.600	3.394	-0.05	0.054	0.170
51335.484	1.225	3.637	3.510	-0.03	0.055	0.176
51336.481	1.223	3.722	3.394	-0.07	0.056	0.170
51337.479	1.224	3.652	3.302	-0.08	0.055	0.165
51338.477	1.222	3.718	3.232	-0.11	0.056	0.162
51339.474	1.223	3.614	3.307	-0.07	0.054	0.165
51340.471	1.224	3.432	3.186	-0.06	0.052	0.159
51341.468	1.224	3.491	3.248	-0.05	0.052	0.163
51342.465	1.222	3.445	3.214	-0.05	0.052	0.161
51343.463	1.224	3.348	3.253	-0.02	0.050	0.163
51344.460	1.225	3.429	3.199	-0.05	0.052	0.160
51345.457	1.225	3.409	3.236	-0.04	0.051	0.162
51346.454	1.223	3.299	2.761	-0.14	0.050	0.138
51347.451	1.221	3.371	3.250	-0.03	0.051	0.163
51348.449	1.223	3.388	3.192	-0.05	0.051	0.160
51349.446	1.223	3.322	3.283	-0.01	0.050	0.164
51350.443	1.221	3.337	3.217	-0.03	0.050	0.161
51351.440	1.224	3.409	3.353	-0.01	0.051	0.168
51352.438	1.221	3.331	3.419	0.02	0.050	0.171
51353.436	1.224	3.173	3.376	0.05	0.048	0.169
51354.433	1.223	3.160	3.264	0.03	0.048	0.163
51355.430	1.224	3.223	3.378	0.04	0.048	0.169
51356.427	1.225	3.132	3.417	0.07	0.047	0.171
51357.425	1.224	3.070	3.444	0.09	0.046	0.172
51358.422	1.222	3.109	3.356	0.06	0.047	0.168
51359.419	1.224	3.153	3.477	0.08	0.047	0.174
51360.416	1.224	3.140	3.214	0.02	0.047	0.161
51361.414	1.225	3.123	3.426	0.07	0.047	0.171
51362.411	1.224	3.022	3.432	0.10	0.045	0.172
51363.408	1.224	3.184	3.813	0.14	0.048	0.191
51364.405	1.221	3.242	3.820	0.13	0.049	0.191
51365.402	1.223	3.239	3.440	0.05	0.049	0.172
51367.397	1.224	2.951	3.361	0.10	0.044	0.168
51368.395	1.224	2.865	3.544	0.16	0.043	0.177
51370.389	1.224	2.952	3.364	0.10	0.044	0.168
51371.386	1.222	2.808	3.421	0.15	0.042	0.171
51372.384	1.225	2.706	3.269	0.14	0.041	0.164
51373.381	1.221	2.433	3.497	0.28	0.037	0.175
51374.378	1.221	2.917	3.792	0.20	0.044	0.190
51375.375	1.224	2.783	3.654	0.21	0.042	0.183
51376.373	1.224	2.787	3.652	0.21	0.042	0.183
51377.370	1.224	2.887	3.961	0.24	0.043	0.198
51378.367	1.225	2.856	3.972	0.25	0.043	0.199
51379.364	1.222	2.884	3.423	0.13	0.043	0.171
51380.361	1.223	2.794	3.380	0.15	0.042	0.169
51381.358	1.223	2.792	4.080	0.29	0.042	0.204
51382.356	1.222	2.935	4.112	0.26	0.044	0.206
51383.354	1.223	3.049	3.835	0.18	0.046	0.192
51384.351	1.222	2.933	3.819	0.20	0.044	0.191
51385.348	1.221	3.050	4.104	0.23	0.046	0.205
51388.340	1.223	3.115	4.232	0.23	0.047	0.212
51389.337	1.224	3.084	3.970	0.19	0.046	0.199
51390.334	1.221	3.173	4.256	0.22	0.048	0.213
51391.331	1.221	3.306	4.133	0.17	0.050	0.207
51392.329	1.221	3.286	3.877	0.13	0.049	0.194
51393.326	1.221	3.379	3.872	0.10	0.051	0.194
51394.323	1.225	3.347	3.930	0.12	0.050	0.197
51395.320	1.225	3.334	3.934	0.13	0.050	0.197
51396.318	1.223	3.363	3.853	0.10	0.051	0.193
51397.315	1.225	3.381	4.095	0.15	0.051	0.205
51398.312	1.225	3.353	4.199	0.17	0.050	0.210
51400.307	1.224	3.403	4.063	0.14	0.051	0.203
51401.305	1.225	3.413	4.051	0.13	0.051	0.203
51402.302	1.221	3.403	4.124	0.15	0.051	0.206
51403.299	1.223	3.413	4.178	0.16	0.051	0.209
51404.296	1.222	3.389	4.009	0.13	0.051	0.201
51405.293	1.222	3.189	3.781	0.13	0.048	0.189
51406.291	1.225	3.305	3.887	0.12	0.050	0.194
51407.288	1.224	3.216	4.138	0.19	0.048	0.207
51408.285	1.223	3.328	4.019	0.14	0.050	0.201
51409.282	1.225	3.396	3.908	0.11	0.051	0.195
51410.279	1.221	3.342	3.169	-0.04	0.050	0.159
51411.277	1.226	3.485	3.933	0.09	0.052	0.197
51412.274	1.222	3.499	3.785	0.06	0.053	0.189
51414.269	1.221	3.497	3.968	0.10	0.053	0.198
51415.266	1.219	3.482	3.914	0.09	0.052	0.196
51416.264	1.225	3.480	3.783	0.06	0.052	0.189
51417.261	1.220	3.510	3.493	0.00	0.053	0.175
51418.258	1.222	3.478	3.477	0.00	0.052	0.174
51419.255	1.221	3.475	3.525	0.01	0.052	0.176
51420.253	1.224	3.475	3.711	0.05	0.052	0.186
51421.250	1.222	3.470	3.486	0.00	0.052	0.174
51422.247	1.224	3.440	3.695	0.05	0.052	0.185
51423.244	1.223	3.378	3.812	0.09	0.051	0.191
51424.241	1.221	3.288	3.553	0.06	0.049	0.178
51425.238	1.223	3.326	3.503	0.04	0.050	0.175
51426.236	1.221	3.357	3.637	0.06	0.050	0.182
51427.233	1.222	3.329	3.083	-0.06	0.050	0.154
51428.230	1.224	3.262	3.651	0.09	0.049	0.183
51429.228	1.224	3.353	3.302	-0.01	0.050	0.165
51430.225	1.221	3.309	3.375	0.01	0.050	0.169
51431.223	1.224	3.219	3.489	0.06	0.048	0.175
51432.220	1.224	3.263	3.199	-0.01	0.049	0.160
51433.217	1.221	3.259	3.349	0.02	0.049	0.168
51434.214	1.223	3.242	3.468	0.05	0.049	0.173
51435.212	1.223	3.220	3.472	0.06	0.048	0.174
51436.209	1.222	3.209	3.474	0.06	0.048	0.174
51437.206	1.225	3.243	3.509	0.06	0.049	0.176
51438.203	1.223	3.236	2.723	-0.13	0.049	0.136
51439.200	1.221	3.318	3.560	0.05	0.050	0.178
51440.198	1.224	3.311	3.560	0.06	0.050	0.178
51441.195	1.221	3.270	3.515	0.05	0.049	0.176
51442.192	1.222	3.241	3.509	0.06	0.049	0.176
51443.189	1.223	3.241	3.403	0.04	0.049	0.170
51444.187	1.222	3.239	3.320	0.02	0.049	0.166
51445.185	1.224	3.294	3.508	0.05	0.050	0.175
51446.182	1.221	3.244	3.416	0.04	0.049	0.171
51447.179	1.225	3.189	3.424	0.05	0.048	0.171
51448.176	1.225	1.784	3.641	0.55	0.027	0.182
51453.162	1.225	3.147	3.530	0.09	0.047	0.177
51454.159	1.222	3.148	3.510	0.08	0.047	0.176
51455.157	1.223	3.093	3.668	0.13	0.047	0.183
51456.154	1.225	3.020	3.539	0.12	0.045	0.177
51457.151	1.223	3.116	3.402	0.07	0.047	0.170
51458.148	1.223	3.153	3.679	0.12	0.047	0.184
51459.146	1.227	3.163	3.759	0.13	0.048	0.188
51460.144	1.224	3.154	3.619	0.10	0.047	0.181
51461.141	1.227	3.121	3.226	0.03	0.047	0.161
51462.138	1.221	3.054	3.599	0.13	0.046	0.180
51463.135	1.223	3.107	3.642	0.12	0.047	0.182
51464.132	1.223	3.089	3.657	0.13	0.046	0.183
51465.130	1.223	3.291	3.393	0.02	0.050	0.170
51466.127	1.224	3.039	3.838	0.18	0.046	0.192
51467.124	1.224	2.990	3.672	0.16	0.045	0.184
51468.121	1.225	3.192	3.611	0.09	0.048	0.181
51469.118	1.224	3.137	3.461	0.08	0.047	0.173
51470.116	1.225	2.865	3.634	0.18	0.043	0.182
51471.113	1.225	2.886	3.504	0.15	0.043	0.175
51472.110	1.226	2.986	3.836	0.19	0.045	0.192
51474.104	1.223	3.189	3.965	0.17	0.048	0.198
51475.103	1.223	2.935	3.496	0.13	0.044	0.175
51476.100	1.221	2.953	3.677	0.17	0.044	0.184
51477.097	1.221	3.004	3.695	0.16	0.045	0.185
51478.094	1.223	3.166	4.021	0.18	0.048	0.201
51479.092	1.226	2.952	4.017	0.24	0.044	0.201
51480.089	1.228	2.940	4.056	0.25	0.044	0.203
51484.078	1.223	3.052	4.245	0.25	0.046	0.212
51485.075	1.223	2.971	4.561	0.33	0.045	0.228
51486.072	1.221	3.123	5.182	0.39	0.047	0.259
51487.069	1.223	2.954	4.035	0.24	0.044	0.202
51488.066	1.225	3.062	3.638	0.13	0.046	0.182
51489.063	1.223	3.162	3.491	0.08	0.048	0.175
51490.062	1.225	3.012	3.763	0.17	0.045	0.188
51491.059	1.221	3.272	3.927	0.14	0.049	0.196
51492.056	1.225	2.978	3.962	0.22	0.045	0.198
51493.053	1.225	3.003	3.853	0.19	0.045	0.193
51494.051	1.225	3.167	4.021	0.18	0.048	0.201
51495.048	1.223	3.141	3.756	0.14	0.047	0.188
51496.045	1.223	3.309	3.886	0.12	0.050	0.194
51497.042	1.229	3.178	3.816	0.14	0.048	0.191
51498.039	1.223	3.251	4.052	0.17	0.049	0.203
51499.037	1.224	3.127	3.927	0.17	0.047	0.196
51500.034	1.224	3.460	4.313	0.17	0.052	0.216
51501.031	1.222	3.392	4.041	0.13	0.051	0.202
51502.028	1.228	3.177	3.683	0.11	0.048	0.184
51503.025	1.225	3.110	3.805	0.16	0.047	0.190
51504.023	1.225	3.092	3.882	0.17	0.047	0.194
51505.021	1.224	3.052	3.887	0.19	0.046	0.194
51506.018	1.227	3.172	3.853	0.15	0.048	0.193
51509.010	1.229	3.089	4.188	0.23	0.046	0.209
51510.007	1.224	3.092	3.787	0.16	0.047	0.189
51511.004	1.225	3.066	3.691	0.14	0.046	0.185
51512.001	1.224	3.068	3.793	0.16	0.046	0.190
51512.998	1.221	3.027	3.816	0.18	0.046	0.191
51513.996	1.224	3.319	3.802	0.10	0.050	0.190
51514.993	1.227	3.208	3.956	0.16	0.048	0.198
51515.990	1.228	3.157	3.998	0.18	0.047	0.200
51516.987	1.226	2.994	4.052	0.23	0.045	0.203
51517.985	1.225	3.012	3.894	0.20	0.045	0.195
51518.982	1.224	3.114	3.932	0.18	0.047	0.197
51519.979	1.223	2.968	3.899	0.21	0.045	0.195
51520.977	1.224	3.113	3.903	0.17	0.047	0.195
51521.974	1.222	2.936	4.648	0.35	0.044	0.232
51525.963	1.224	2.922	4.209	0.28	0.044	0.211
51526.960	1.223	2.854	3.761	0.21	0.043	0.188
51527.957	1.223	2.871	4.186	0.29	0.043	0.209
51528.955	1.224	2.866	3.909	0.24	0.043	0.196
51529.952	1.228	2.833	4.484	0.35	0.043	0.224
51530.949	1.223	2.804	4.293	0.33	0.042	0.215
51531.946	1.225	2.833	3.958	0.26	0.043	0.198
51532.943	1.222	2.763	4.430	0.36	0.042	0.222
51533.941	1.225	2.824	3.040	0.06	0.043	0.152
51534.938	1.223	2.849	4.434	0.34	0.043	0.222
51540.922	1.223	2.979	4.931	0.39	0.045	0.247
51541.919	1.223	2.919	4.904	0.40	0.044	0.245
51542.917	1.224	3.172	5.101	0.36	0.048	0.255
51548.900	1.225	2.981	4.786	0.36	0.045	0.239
51549.897	1.226	3.237	4.848	0.31	0.049	0.242
51550.895	1.222	3.048	4.759	0.34	0.046	0.238
51551.892	1.225	3.192	4.922	0.33	0.048	0.246
51552.890	1.224	2.984	4.977	0.39	0.045	0.249
51553.887	1.228	3.119	5.040	0.37	0.047	0.252
51557.789	-0.858	3.168	3.695	0.12	0.048	0.185
51557.803	-0.538	3.166	4.832	0.32	0.048	0.242
51557.813	-0.268	3.173	3.930	0.16	0.048	0.197
51557.876	1.222	3.211	5.063	0.35	0.048	0.253
51558.873	1.224	3.242	5.257	0.37	0.049	0.263
51559.870	1.227	3.057	5.432	0.44	0.046	0.272
51560.867	1.225	3.031	5.510	0.46	0.046	0.276
51561.864	1.224	2.998	5.556	0.47	0.045	0.278
51562.862	1.227	2.992	5.931	0.52	0.045	0.297
51564.856	1.224	3.026	5.235	0.42	0.046	0.262
51565.854	1.223	2.059	3.319	0.37	0.031	0.166
51569.843	1.223	2.923	6.461	0.61	0.044	0.323
51570.840	1.223	2.924	5.285	0.45	0.044	0.264
51571.837	1.224	2.888	5.343	0.47	0.043	0.267
51572.835	1.225	2.882	6.069	0.57	0.043	0.304
51574.829	1.223	2.875	5.249	0.46	0.043	0.263
51575.826	1.222	2.853	4.805	0.40	0.043	0.240
51576.824	1.224	2.822	5.160	0.46	0.042	0.258
51577.822	1.254	2.912	5.055	0.42	0.044	0.253
51578.819	1.253	2.832	4.275	0.31	0.043	0.214
51579.817	1.257	2.796	4.866	0.42	0.042	0.243
51580.814	1.257	2.674	4.539	0.41	0.040	0.227
51581.812	1.258	2.888	4.597	0.36	0.043	0.230
51582.808	1.224	2.752	4.322	0.35	0.041	0.216
51583.805	1.224	2.745	4.472	0.37	0.041	0.224
51584.802	1.225	2.763	4.732	0.41	0.042	0.237
51585.799	1.225	2.786	4.768	0.41	0.042	0.238
51586.797	1.225	2.048	0.299	-1.47	0.031	0.016
51587.794	1.225	2.306	2.641	0.10	0.035	0.132
51588.791	1.225	2.835	6.165	0.60	0.043	0.308
51589.788	1.222	2.833	5.652	0.53	0.043	0.283
51590.785	1.223	2.495	5.222	0.57	0.038	0.261
51592.780	1.223	2.150	-1.000	-10.00	0.032	0.000
51599.761	1.228	2.842	5.257	0.47	0.043	0.263
51600.758	1.226	2.888	5.287	0.46	0.043	0.264
51601.756	1.226	2.964	5.493	0.47	0.045	0.275
51602.753	1.224	2.982	5.186	0.42	0.045	0.259
51603.750	1.228	2.891	5.244	0.46	0.044	0.262
51604.747	1.223	2.967	5.364	0.45	0.045	0.268
51606.742	1.225	3.135	5.852	0.48	0.047	0.293
51609.733	1.222	2.413	4.316	0.44	0.036	0.216
51610.731	1.226	2.965	5.370	0.46	0.045	0.269
51611.729	1.223	2.665	4.666	0.43	0.040	0.233
51613.723	1.222	3.028	5.324	0.43	0.046	0.266
51614.720	1.225	3.066	5.095	0.39	0.046	0.255
51615.718	1.225	3.079	5.385	0.43	0.046	0.269
51616.715	1.223	3.053	5.396	0.44	0.046	0.270
51617.712	1.222	3.074	5.233	0.41	0.046	0.262
51618.709	1.222	3.107	5.321	0.41	0.047	0.266
51620.703	1.223	3.227	5.634	0.43	0.049	0.282
51621.701	1.225	3.098	5.187	0.40	0.047	0.259
51622.698	1.225	3.143	5.577	0.44	0.047	0.279
51623.695	1.226	3.182	5.317	0.39	0.048	0.266
51624.692	1.222	1.713	1.097	-0.34	0.026	0.055
51625.689	1.223	3.165	5.269	0.39	0.048	0.264
51626.668	0.752	1.396	2.198	0.35	0.021	0.110
51627.685	1.223	3.126	4.772	0.32	0.047	0.239
51628.682	1.224	3.169	5.123	0.37	0.048	0.256
51629.680	1.228	3.136	4.948	0.35	0.047	0.247
51630.677	1.225	3.136	5.578	0.44	0.047	0.279
51631.674	1.225	3.161	4.908	0.34	0.048	0.245
51632.671	1.225	3.140	5.269	0.40	0.047	0.264
51633.668	1.222	3.057	4.732	0.34	0.046	0.237
51637.657	1.227	3.226	5.290	0.38	0.049	0.265
51638.654	1.224	3.205	5.079	0.35	0.048	0.254
51640.649	1.226	3.216	4.905	0.32	0.048	0.245
51641.646	1.223	3.162	5.606	0.44	0.048	0.280
51645.636	1.225	3.273	5.091	0.34	0.049	0.255
51646.633	1.223	3.285	5.191	0.35	0.049	0.260
51648.627	1.224	3.401	5.302	0.34	0.051	0.265
51649.624	1.223	3.331	5.350	0.36	0.050	0.268
51650.622	1.225	3.370	4.901	0.29	0.051	0.245
51651.619	1.226	3.467	5.590	0.37	0.052	0.280
51651.736	4.054	3.469	5.430	0.34	0.052	0.272
51652.616	1.225	3.368	4.968	0.30	0.051	0.248
51653.613	1.227	3.205	5.460	0.41	0.048	0.273
51654.610	1.222	3.423	5.007	0.29	0.051	0.250
51658.600	1.223	3.527	6.482	0.47	0.053	0.324
51659.597	1.225	3.679	6.070	0.38	0.055	0.304
51660.595	1.226	3.608	5.602	0.34	0.054	0.280
51661.592	1.222	3.539	5.052	0.27	0.053	0.253
51662.589	1.221	3.629	5.163	0.27	0.055	0.258
51663.586	1.228	3.563	5.710	0.36	0.054	0.286
51664.583	1.222	3.688	5.520	0.31	0.055	0.276
51799.212	1.164	2.829	2.516	-0.09	0.043	0.126
51802.204	1.168	0.039	0.046	0.13	0.004	0.006
51803.201	1.162	2.509	2.555	0.01	0.038	0.128
51804.199	1.164	2.546	2.562	0.00	0.038	0.128
51805.196	1.166	2.578	2.704	0.04	0.039	0.135
51806.193	1.162	2.532	2.911	0.11	0.038	0.146
51807.190	1.163	2.536	2.537	0.00	0.038	0.127
51808.188	1.159	2.528	2.794	0.08	0.038	0.140
51809.185	1.159	2.495	2.532	0.01	0.038	0.127
51810.183	1.162	2.505	2.616	0.03	0.038	0.131
51811.180	1.164	2.542	2.482	-0.02	0.038	0.124
51813.174	1.160	2.495	2.683	0.06	0.038	0.134
51814.171	1.160	2.528	2.528	0.00	0.038	0.127
51816.166	1.160	2.602	2.602	0.00	0.039	0.130
51817.163	1.164	2.585	2.550	-0.01	0.039	0.128
51818.160	1.166	2.687	2.536	-0.04	0.040	0.127
51819.157	1.162	2.743	2.531	-0.06	0.041	0.127
51820.155	1.167	2.744	2.581	-0.05	0.041	0.129
51821.152	1.162	2.724	2.619	-0.03	0.041	0.131
51822.150	1.172	2.749	2.669	-0.02	0.041	0.134
51823.147	1.167	2.796	2.820	0.01	0.042	0.141
