229.5522915048 3.4831932773 0.01
365.0773250477 3.5016806723 0.01
439.0516206483 3.5134453782 0.01
481.73504696 3.5050420168 0.01
531.3261775298 3.5218487395 0.01
561.637596215 3.5100840336 0.01
598.444318904 3.5100840336 0.01
635.4056916884 3.5151260504 0.01
690.2549254996 3.5033613445 0.01
720.514794153 3.4899159664 0.01
721.1849445661 3.5117647059 0.01
758.1463173505 3.5168067227 0.01
769.9512746275 3.5016806723 0.01
819.2331050067 3.5084033613 0.01
837.7395664148 3.5117647059 0.01
905.4247581385 3.518487395 0.01
930.0141232964 3.5201680672 0.01
966.8723960172 3.5218487395 0.01
1021.4123296377 3.5 0.01
1089.200621425 3.5100840336 0.01
1156.9373631806 3.518487395 0.01
1181.8360285291 3.5302521008 0.01
1214.6733987713 3.6008403361 0.01
1246.6344184733 3.6428571429 0.01
1278.2861379846 3.674789916 0.01
1301.9991526022 3.6478991597 0.01
1338.2388249417 3.6294117647 0.01
1362.0549396229 3.6058823529 0.01
1392.6756584987 3.6042016807 0.01
1416.5948732434 3.5840336134 0.01
1458.9174493327 3.5638655462 0.01
1477.2692606454 3.5621848739 0.01
1519.8495868936 3.5504201681 0.01
1544.542052115 3.5554621849 0.01
1581.0910246452 3.5470588235 0.01
1599.3912859261 3.543697479 0.01
