231.6547619048 0.9215686275 0.0184313725
359.2023809524 1.1470588235 0.0229411765
440.369047619 0.9215686275 0.0184313725
486.75 1.1470588235 0.0229411765
527.3333333333 1.1078431373 0.0221568627
562.119047619 1.0098039216 0.0201960784
596.9047619048 1.0882352941 0.0217647059
637.4880952381 1.2058823529 0.0241176471
689.6666666667 1.068627451 0.021372549
724.4523809524 0.9607843137 0.0192156863
759.2380952381 1.0784313725 0.0215686275
776.630952381 1.0588235294 0.0211764706
817.2142857143 1.2843137255 0.0256862745
846.2023809524 1.3039215686 0.0260784314
904.1785714286 1.0196078431 0.0203921569
933.1666666667 0.9019607843 0.0180392157
962.1547619048 0.862745098 0.017254902
1020.130952381 0.9411764706 0.0188235294
1089.7023809524 1.137254902 0.022745098
1159.2738095238 0.9411764706 0.0188235294
1176.6666666667 0.9117647059 0.0182352941
1217.25 0.9803921569 0.0196078431
1246.2380952381 1.2254901961 0.0245098039
1269.4285714286 1.2254901961 0.0245098039
1292.6190476191 1.3137254902 0.0262745098
1327.4047619048 1.3333333333 0.0266666667
1350.5952380952 1.3823529412 0.0276470588
1385.380952381 1.5588235294 0.0311764706
1408.5714285714 1.5392156863 0.0307843137
1454.9523809524 1.2745098039 0.0254901961
1472.3452380952 1.1078431373 0.0221568627
1512.9285714286 0.9509803922 0.0190196078
1570.9047619048 0.9215686275 0.0184313725
1599.8928571429 0.9607843137 0.0192156863
1640.4761904762 1.0098039216 0.0201960784
1698.4523809524 1.0588235294 0.0211764706
1727.4404761905 1.2254901961 0.0245098039
1744.8333333333 1.2156862745 0.0243137255
1791.2142857143 1.2647058824 0.0252941176
1808.6071428572 1.2647058824 0.0252941176
