-19.0228924	2.4905341447	0.0498106829
43.6904830552	2.378739858	0.0475747972
195.6498158888	2.3613173718	0.0472263474
304.1921964842	2.2785605622	0.0455712112
391.0261009605	2.6879889887	0.0537597798
463.3876880241	2.9075123153	0.0581502463
620.515705648	2.6133211905	0.0522664238
738.3617188658	2.4440741814	0.0488814836
839.6679407549	2.3105017869	0.0462100357
1013.3357497076	2.2036438713	0.0440728774
1129.1142890094	2.3530900866	0.0470618017
1244.8928283111	2.4893726456	0.0497874529
1346.1990502002	2.5544165942	0.0510883319
1442.681166285	2.7809089153	0.0556181783
1522.7613226354	2.593907563	0.0518781513
1592.2284462165	2.8831208345	0.0576624167
1679.0623506928	2.9981092437	0.0599621849
1794.8408899946	3.0132087318	0.0602641746
1943.699011954	3.3409174014	0.066818348
2036.0461802066	3.3442359703	0.0668847194
2124.0635451505	3.2058823529	0.0641176471
2221.7892976589	2.9705882353	0.0594117647
2270.6521739131	2.7647058824	0.0552941176
2359.2612690907	2.0520682411	0.0410413648
2412.3264329374	2.3918067227	0.0478361345
2472.9723344764	2.2586491493	0.045172983
2600.4665593028	2.378739858	0.0475747972
2759.6620508427	2.4658522892	0.0493170458
2880.2646959487	2.4288295059	0.0485765901
2938.1539655996	2.2350043466	0.0447000869
3010.5155526632	2.0526489906	0.0410529798
3151.6206474373	1.9468073867	0.0389361477
3242.0726312668	2.0956244567	0.0419124891
3328.9065357431	2.3697382401	0.0473947648
3449.5091808491	2.497793514	0.0499558703
3535.6539273534	2.2993016172	0.0459860323
3647.297518823	2.1387658512	0.042775317
3647.297518823	2.269849319	0.0453969864
3705.1867884739	1.8284796677	0.0365695934
3777.5483755375	2.0738463489	0.041476927
3878.8545974266	2.2036438713	0.0440728774
4004.2813483368	2.240811842	0.0448162368
4016.3416128474	2.1086913214	0.0421738264
4104.622749065	1.9353375833	0.0387067517
4153.8286282683	2.2350043466	0.0447000869
4153.8286282683	1.7442709843	0.0348854197
4255.1348501573	2.3743842365	0.0474876847
4284.0794849828	2.5776465759	0.0515529315
4399.8580242846	2.5137641263	0.0502752825
4409.5062358931	2.8660855147	0.0573217103
4409.5062358931	2.2814643099	0.0456292862
4486.6919287609	2.9667487685	0.0593349754
4559.0535158245	2.7271895827	0.0545437917
4667.5958964199	2.5061417886	0.0501228358
4747.1936421899	2.7605826813	0.0552116536
4747.1936421899	2.5834540713	0.0516690814
4797.8467531344	2.3961623442	0.0479232469
4935.3337685553	2.2959830484	0.045919661
5022.1676730316	2.1827368879	0.0436547378
5089.705154291	2.4489137609	0.0489782752
5210.307799397	2.7321259538	0.0546425191
5268.1970690479	2.6400771516	0.052801543
5405.6840844688	2.4789191539	0.0495783831
5412.9202431751	2.6226546653	0.0524530933
5543.1710998896	2.5921653144	0.0518433063
5557.6434173023	2.8143020139	0.0562860403
5673.4219566041	3.0155317299	0.0603106346
5760.2558610805	2.7402564474	0.0548051289
5798.8487075144	2.4324591906	0.0486491838
5861.5620829695	2.6618552593	0.0532371052
5909.1139830399	2.7991610437	0.0559832209
6049.7022093349	2.7228339612	0.0544566792
6179.9530660494	2.7184783396	0.0543695668
6339.1485575893	2.566031585	0.0513206317
6464.5753084996	2.5834540713	0.0516690814
6609.2984826268	2.7170264658	0.0543405293
6614.1225884311	2.4702079108	0.0494041582
6686.4841754947	2.8535026079	0.0570700522
6744.3734451456	3.1444581281	0.0628891626
6831.2073496219	3.1061286584	0.0621225732
6845.6796670346	2.7751014199	0.0555020284
6939.7497302173	2.3511542548	0.0470230851
7062.7644282255	2.3337317686	0.0466746354
7178.5429675272	2.1339539264	0.0426790785
7323.2661416545	2.0329035062	0.0406580701
7352.2107764799	1.8517096494	0.037034193
7474.5484949833	2.6176470588	0.0523529412
7554.823220258	1.9431777021	0.038863554
7641.6571247343	1.8671963038	0.0373439261
7728.4910292107	2.1653144016	0.043306288
7858.7418859252	2.0782019704	0.0415640394
8030.3422209617	2.1906184888	0.0438123698
8056.530223899	2.0375495026	0.0407509901
8104.7712819415	2.3046942915	0.0460938858
8191.6051864178	2.0607794842	0.0412155897
