859.4828515217 3.5778285169 0.0715565703
860.891068683 3.7414940022 0.07482988
973.8303669458 3.862727695 0.0772545539
1101.987996013 3.8948382406 0.0778967648
1130.8729404534 3.5362486369 0.0707249727
1148.1673695913 3.6884133043 0.0737682661
1177.6003769269 3.393520538 0.0678704108
1303.512752446 3.1646837514 0.063293675
1339.3804241439 3.6176390403 0.0723527808
1376.3529210433 3.4027885964 0.0680557719
1521.1546177233 3.5645583424 0.0712911668
1538.9231647626 3.7187451316 0.0743749026
1681.0976393101 3.575174482 0.0715034896
1731.8289797125 3.402367321 0.0680473464
1751.7470062284 3.2401762995 0.064803526
1781.8041963058 3.0178271538 0.0603565431
1907.7368704506 2.7913495093 0.0558269902
1909.6703145531 3.0160577972 0.0603211559
2045.3376296463 2.593939866 0.0518787973
2051.5577085364 2.7860414395 0.0557208288
2054.8156379691 2.4215539804 0.0484310796
2097.9603669979 2.234002181 0.0446800436
2286.9710206568 2.2788258815 0.0455765176
2288.5949107167 2.4675572519 0.049351145
2422.832260121 2.2773514177 0.0455470284
2480.9040910597 2.524176663 0.0504835333
2506.8051375151 2.8509178481 0.057018357
2566.6480235504 3.2003657761 0.0640073155
2607.9366969873 3.3544472465 0.0670889449
2633.4025916532 3.5274018539 0.0705480371
2666.8801001692 3.702568157 0.0740513631
2668.7754843485 3.9228530534 0.0784570611
2719.0018964354 4.1867820792 0.0837356416
2720.866832676 4.4035282625 0.0880705652
2873.8042910513 4.0644015812 0.0812880316
2912.6558607342 4.3996946565 0.0879938931
2927.1389302059 4.2251181389 0.0845023628
3040.735114552 4.4226962923 0.0884539258
3068.7852780085 3.9670869684 0.0793417394
3102.848909343 4.2103735005 0.08420747
3219.24249805 3.804158715 0.0760831743
3274.3773715758 4.0812104689 0.0816242094
3294.4425631284 4.1838331516 0.083676663
3419.6394120898 3.8718366049 0.0774367321
3437.9538471715 4.1425481643 0.0828509633
3474.4913735192 3.611741185 0.0722348237
3563.0441283478 3.8181661214 0.0763633224
3591.7666837822 3.4407033806 0.0688140676
3593.4413204065 3.6353326063 0.0727066521
3599.3634444686 3.2089176663 0.0641783533
3766.7915843002 3.3463376954 0.0669267539
3797.0999698712 3.1531829335 0.0630636587
3839.1779336219 3.0008918835 0.0600178377
3938.911244008 2.9143197928 0.0582863959
3940.2433413227 3.0691384951 0.0613827699
3983.7610575997 3.2965008179 0.0659300164
4064.2996612499 3.5534998637 0.0710699973
4083.7183778199 3.8198512229 0.0763970245
4139.7382351808 3.9608942203 0.0792178844
4173.3984313285 4.1572928026 0.0831458561
4267.703180212 4.4 0.088
4347.8143730741 3.9921528535 0.0798430571
4349.3113967231 4.1661395856 0.0833227917
4459.6851742315 3.9892039258 0.0797840785
4466.5498003938 3.7736641221 0.0754732824
4524.8818228081 4.1351758451 0.0827035169
4526.9294466805 4.3731543075 0.0874630862
4596.2441789558 4.9977371865 0.0999547437
4620.0696909283 5.2896810251 0.1057936205
4632.4772259172 5.4931570338 0.1098631407
4633.9691749097 5.6665539804 0.1133310796
4644.5549082377 4.8325972374 0.0966519447
4670.1782984908 5.0975794516 0.101951589
4743.570681975 4.5553980371 0.0911079607
4770.5586275726 4.8208015267 0.0964160305
4827.8116264477 4.3089519396 0.0861790388
4860.2531800996 4.0983142494 0.081966285
4864.5285781479 4.5952085605 0.0919041712
4906.8131529107 3.9361232279 0.0787224646
4979.831115721 3.5977337786 0.0719546756
5062.2689095429 3.4252215104 0.0685044302
5112.6919645667 3.7120047256 0.0742400945
5148.6268754624 3.2438624591 0.0648772492
5224.2329130557 3.6707197383 0.0734143948
5236.673070836 3.5241159059 0.0704823181
5314.8916503058 3.0602917121 0.0612058342
5316.7337505925 3.2743838604 0.0654876772
5400.2219982968 2.8922028353 0.0578440567
5420.9874924377 2.7577317339 0.0551546347
5623.599148013 2.7956924755 0.0559138495
5712.5961000415 2.5711909955 0.0514238199
5731.8609457788 3.2177644493 0.064355289
5777.2435982964 2.9187431843 0.0583748637
5807.7422834838 2.7477053799 0.0549541076
5905.9927067639 2.6480316249 0.0529606325
6053.1526687854 2.7830925118 0.0556618502
6130.0083405264 3.0455470738 0.0609109415
6292.4988396446 2.9806706652 0.0596134133
6323.2935464575 3.2156019023 0.064312038
6362.4022320666 3.4259587423 0.0685191748
6549.3779484942 3.4819883679 0.0696397674
6550.0884003954 3.2991548528 0.0659830971
6675.229428136 3.2460741549 0.0649214831
6711.8938208946 3.7916257724 0.0758325154
6751.958233466 3.4053162486 0.068106325
6806.1809374972 3.602894402 0.072057888
6903.5889678087 3.7768811341 0.0755376227
6908.4035481035 3.4075279444 0.0681505589
6982.2968891492 3.6353326063 0.0727066521
7095.345735551 4.0347016669 0.0806940333
7096.0453131884 3.8506043257 0.0770120865
7248.5641124076 3.7945747001 0.075891494
7254.4845449176 4.3057221616 0.0861144432
7297.6043235523 4.0533431025 0.0810668621
7452.239073268 4.1105312354 0.0822106247
7453.6309790337 4.3312795347 0.0866255907
7534.0135369984 4.590785169 0.0918157034
7550.607663548 4.0422846238 0.0808456925
7551.3688620136 4.7500272628 0.0950005453
7568.9271732862 4.9328607779 0.0986572156
7597.8476403216 5.3215294438 0.1064305889
7638.3281747209 5.5674700109 0.1113494002
7686.6795012543 5.2419083969 0.1048381679
7762.8297957505 5.1746728462 0.1034934569
7779.8806413794 5.2985278081 0.1059705562
7832.5746051588 4.9203278353 0.0984065567
7855.7467551151 4.826699382 0.0965339876
8063.3509499597 4.8031079607 0.0960621592
8105.2603626216 4.6312276055 0.0926245521
8135.7083012446 4.4542919458 0.0890858389
8145.2863527943 5.0366630316 0.1007332606
8270.4882764122 4.7252562704 0.0945051254
8298.9989649403 4.3231699836 0.0864633997
8300.7535274035 4.5270883315 0.0905417666
8350.6064909098 3.903148855 0.0780629771
8393.6730240963 4.1794097601 0.0835881952
8542.4057671379 3.9487614893 0.0789752298
8565.5896975465 4.0953653217 0.0819073064
8570.2583814687 4.2664031261 0.0853280625
8698.0382305567 4.2546074155 0.0850921483
8702.2755686817 2.8892539077 0.0577850782
8712.6532410958 4.0953653217 0.0819073064
8724.7715206677 3.6459487459 0.0729189749
8724.832416545 3.9184296619 0.0783685932
8782.0962896838 3.1424404113 0.0628488082
8802.4408289908 3.3836907791 0.0676738156
8868.0899677663 3.5822519084 0.0716450382
8910.0795781236 3.8177975055 0.0763559501
8913.914115394 3.3345419847 0.0666908397
9029.1900110207 4.0989040349 0.0819780807
9112.4129266885 3.8451277458 0.0769025549
9128.5720826863 4.1307524537 0.0826150491
9151.9082527881 3.6580814769 0.0731616295
9277.8481764421 3.6447691748 0.0728953835
9352.5384197862 3.0893597134 0.0617871943
9377.1033816967 3.2903080698 0.0658061614
9394.8393059447 3.4937840785 0.0698756816
9432.4425101441 3.0337513631 0.0606750273
9552.9935111373 3.2965008179 0.0659300164
9586.9404253738 3.5262222828 0.0705244457
9588.3867024584 3.6943111596 0.0738862232
9744.2928348493 3.235752908 0.0647150582
9761.9196539838 3.4265485278 0.0685309706
9804.8969193502 2.8479689204 0.0569593784
9806.4700628458 3.0308024355 0.0606160487
9883.6619305757 2.7130554798 0.0542611096
9996.4905731356 2.8214285714 0.0564285714
9997.8480437326 2.9791962014 0.059583924
