1912.5553146202 41.4384461886 0.8287689238
1910.7915025941 40.7744512438 0.8154890249
1909.1345882666 40.1506984169 0.8030139683
1953.1764400692 39.5704509778 0.7914090196
1940.313083677 38.6879827946 0.7737596559
2034.1336304377 41.0071482418 0.8201429648
2044.6096048956 40.5508757926 0.8110175159
2044.7877677265 38.4179459891 0.7683589198
2047.6740055873 39.5044831715 0.7900896634
2028.8600106426 39.021870427 0.7804374085
2119.2649214162 37.2266329653 0.7445326593
2263.6786217906 37.2203893397 0.7444077868
2289.209355461 38.0315484901 0.7606309698
2389.1480138353 37.3739044832 0.7474780897
2379.95481176 36.5530823467 0.7310616469
2424.3814952774 36.1177065319 0.7223541306
2531.1722961288 36.7195822802 0.7343916456
2538.5482373287 35.5362884129 0.7107257683
2558.3599441267 35.9544942575 0.7190898851
2566.6623320474 34.6799654117 0.6935993082
2641.0987628043 34.1018934859 0.6820378697
2661.6943860583 33.0552081948 0.6611041639
2711.2949181855 38.5275508847 0.7705510177
2712.2722685722 36.0669073909 0.7213381478
2705.3941652255 34.9861859784 0.6997237196
2727.1157775708 37.8833843289 0.7576676866
2725.405414394 37.239510443 0.7447902089
2766.026539843 34.0515152321 0.6810303046
2798.9510309964 38.5260875349 0.7705217507
2846.4136091526 36.5935878675 0.7318717574
2844.0440435014 35.7015542548 0.7140310851
2842.3514966077 35.0643873886 0.7012877478
2840.6411334309 34.4205135027 0.6884102701
2920.7075096448 33.7618597845 0.6752371957
2993.0059864308 34.5789455013 0.69157891
2975.9468953705 32.5569741918 0.6511394838
3048.6640548091 33.5316748703 0.6706334974
3069.6160037249 34.8191299721 0.6963825994
3120.4993082347 34.1743780764 0.6834875615
3117.1320307304 32.9067513636 0.6581350273
3113.1589996009 31.4110859829 0.6282217197
3200.45878675 33.4754822403 0.6695096448
3263.0295729679 32.8305352313 0.6566107046
3330.4463881868 34.0098975655 0.6801979513
3340.0315484901 33.2182741342 0.6643654827
3470.4823732872 33.9270719702 0.6785414394
3456.835100439 33.1894949226 0.6637898985
3585.1683327315 34.672544138 0.6934508828
3557.0695091127 33.5231874418 0.6704637488
3661.4729280298 35.4263225578 0.7085264512
3756.754410004 36.0954636158 0.7219092723
3801.1525874684 35.2093565696 0.7041871314
3875.4821205268 36.7910425258 0.7358208505
3879.0453771451 35.9324464547 0.7186489291
3937.7678462153 38.2387832025 0.7647756641
3941.7586936278 37.5411556029 0.7508231121
3900.211121458 35.1003857922 0.7020077158
4011.6290655467 36.8155989281 0.7363119786
4023.9986563789 37.7007582812 0.7540151656
4127.4756285752 37.0551283757 0.7411025675
4286.3790574697 37.4750365837 0.7495007317
4368.8933909805 38.1779273646 0.7635585473
4405.6661992816 38.8212159106 0.7764243182
4418.2908174804 37.6338100306 0.7526762006
4546.3435705734 38.9798430225 0.7795968604
4533.9006784622 38.2556605029 0.7651132101
4515.0866835174 37.7730477584 0.7554609552
4689.757522948 39.7286683517 0.794573367
4672.1835413064 38.8328641745 0.7766572835
4621.9843820673 38.4151656246 0.7683033125
4801.7863110283 40.1024078755 0.8020481575
4817.2864773181 39.3375149661 0.7867502993
4804.907723826 38.6374777172 0.7727495543
4859.6393454836 38.1214420647 0.7624288413
4926.8566183318 37.6856857789 0.7537137156
4967.092912066 38.9728189437 0.7794563789
5029.6387554876 40.0784821072 0.8015696421
4994.9148197419 38.0065008204 0.7601300164
5109.7942131169 39.4533634872 0.7890672697
5096.2894705335 38.7694425968 0.7753888519
5238.4634096049 39.4914593588 0.7898291872
5226.0418970334 38.7753252627 0.7755065053
5280.9017959292 38.3075801517 0.766151603
5314.4249141945 37.7275083145 0.7545501663
5376.2545430358 38.5635492883 0.7712709858
5413.6381953287 36.6082213649 0.7321644273
5444.1702141812 37.7307081726 0.7546141635
5550.1557190369 36.709426633 0.7341885327
5533.9072688573 35.8726247173 0.7174524943
5530.828615139 37.3536517228 0.7470730345
5577.9705001996 35.3004257017 0.706008514
5611.5898263935 34.7565717707 0.6951314354
5667.5864041506 36.0367345129 0.7207346903
5682.8371424771 35.1779433285 0.7035588666
5747.275075163 34.3558919782 0.6871178396
5760.1241785287 33.4729945457 0.6694598909
5890.5750033258 34.1817923817 0.6836358476
5877.9895809499 33.4039537049 0.6680790741
6006.6150002851 35.4369980425 0.7087399609
5996.7956831183 34.5690435014 0.69138087
6012.5809099375 33.9114629063 0.6782292581
6151.0918212053 35.8945164294 0.7178903286
6138.8627244912 35.2508181455 0.7050163629
6084.7724890249 34.6883065053 0.6937661301
6289.4968528478 36.3291396644 0.7265827933
6279.5935446322 35.4295663163 0.7085913263
6284.1010642544 34.9264422864 0.6985288457
6422.6761141413 36.4936410802 0.7298728216
6403.6839563656 35.9439581393 0.7188791628
6419.2553877877 35.2058933085 0.7041178662
6400.1206997472 34.6025542105 0.6920510842
6529.5585415914 34.3014386438 0.6860287729
6558.3292936012 34.7608886524 0.695217773
6602.1573500067 33.6601569775 0.6732031396
6634.689882932 32.7071748481 0.654143497
6730.0069974724 33.3897299455 0.6677945989
6773.9205720367 32.7611919649 0.6552238393
6803.6832668174 34.7254918481 0.694509837
6844.7296075562 35.6575708394 0.7131514168
6888.6004230411 36.3329360117 0.7266587202
6835.6219236398 33.5489423972 0.6709788479
6869.4015963815 33.0654516429 0.6613090329
6961.7612079287 37.0346414793 0.7406928296
6909.2209890914 34.8556405481 0.697112811
6988.6281628309 38.348827103 0.7669765421
6987.3097578821 37.8525076493 0.757050153
6982.6062591459 36.0818544632 0.7216370893
7068.9337862749 39.3516676486 0.787033353
7105.3604496475 40.4932198129 0.8098643963
7037.5516762006 36.9663030464 0.7393260609
7087.5441665558 38.1862001685 0.7637240034
7182.9325462286 41.0955833444 0.8219116669
7167.3254822403 39.620234136 0.7924046827
7148.1907941998 39.0168950379 0.7803379008
7186.4601702807 40.223573234 0.8044714647
7285.7223189342 41.7626826812 0.8352536536
7305.7580018625 41.1337767726 0.8226755355
7357.1520398209 42.8812927734 0.8576258555
7434.8191565784 43.5194270764 0.8703885415
7419.8712950645 42.2922375948 0.8458447519
7400.5406279101 41.6151212807 0.8323024256
7460.5458693628 44.4043634429 0.8880872689
7546.5985166955 43.7992683251 0.8759853665
7561.8848875881 42.95389118 0.8590778236
7560.2279732606 42.3301383531 0.8466027671
7604.4729306904 41.8263509379 0.8365270188
7705.3843581216 42.8549102035 0.8570982041
7737.0444022121 41.9506185978 0.839012372
7808.4978781429 43.3924570972 0.8678491419
7852.3900731675 42.7558706931 0.8551174139
7869.6789942796 42.224362556 0.8444872511
7988.7630304643 43.0540818589 0.8610816372
8014.4362943994 41.7188971664 0.8343779433
8023.0415591326 40.9983876546 0.8199677531
8105.8516429427 43.1326149616 0.8626522992
8121.2805441 42.3408939737 0.8468178795
8136.7094452574 41.5491729857 0.8309834597
8140.6646601038 40.8381313467 0.8167626269
8149.3946388187 39.7245709725 0.7944914194
8208.6159638154 42.2187042703 0.8443740854
8291.942719835 40.587435147 0.8117487029
8363.7031448716 39.8819688706 0.7976393774
8414.6434614873 40.5786794377 0.8115735888
8439.0018837302 39.1885166955 0.7837703339
8450.9744259678 38.4156338965 0.7683126779
8481.846481309 39.4775575363 0.7895511507
8506.5398496741 37.7734867633 0.7554697353
8613.7582413197 38.5363309831 0.7707266197
8635.209046162 37.8115826349 0.7562316527
8668.0622721831 36.9793268591 0.7395865372
8743.3182519622 38.9097778369 0.7781955567
8765.9378049754 38.1850099774 0.7637001995
8820.5411493947 37.6206837834 0.7524136757
8811.5189836371 36.8642490355 0.7372849807
8848.0779965412 38.7470533457 0.7749410669
8950.2721963549 37.6185180258 0.7523703605
8948.5618331781 36.9746441399 0.7394928828
8936.1617001463 36.2665584675 0.7253311693
8962.5773092102 35.6508329268 0.7130166585
9012.8964314221 34.7936920757 0.6958738415
9007.5693627777 34.1082932021 0.682165864
9035.5765597978 36.731728083 0.7346345617
9084.4288080351 35.3223759479 0.706447519
9091.6978515365 33.6588399628 0.6731767993
9164.2813888519 34.5832379939 0.6916647599
9183.7902188373 33.1274245045 0.6625484901
9225.1061793269 35.4810030597 0.7096200612
9230.77175735 33.6538353066 0.6730767061
9297.2193667687 34.9083357722 0.6981667154
9309.0743215379 34.0911866436 0.6818237329
9307.738100306 33.5881601703 0.6717632034
9400.1333444193 35.3707640459 0.7074152809
9379.5733537315 34.2308633763 0.6846172675
9482.7754461316 37.2531823106 0.7450636462
9523.0015591326 38.0650543213 0.7613010864
9451.6224025542 34.9540508181 0.6990810164
9551.4648529999 39.5401889051 0.7908037781
9560.0594279633 38.8156551816 0.7763131036
9562.7960090462 37.205853399 0.744117068
9675.2523879207 39.9405613942 0.7988112279
9637.410602634 38.8948516695 0.7778970334
9834.5032343355 40.4912564853 0.8098251297
9877.9304243714 39.6796168684 0.7935923374
9957.2485166955 40.4992683251 0.8099853665
10008.0249235067 39.8142743116 0.7962854862
9995.6034109352 39.0981402155 0.7819628043
10050.5488279899 38.6625887987 0.773251776
10119.9468138885 37.9477717174 0.7589554343
10105.4087268857 36.8748436876 0.7374968738
10095.360343222 39.6920846082 0.7938416922
10180.9319509113 38.9058999601 0.7781179992
10216.8877553735 36.4130523195 0.7282610464
10231.3342157776 38.080058534 0.7616011707
10229.481322336 37.382528491 0.7476505698
10252.6282373287 35.5362884129 0.7107257683
10246.8191109675 34.480845322 0.6896169064
10303.1694692031 38.7227617401 0.7744552348
10318.8477983238 33.6249390271 0.6724987805
10332.2456432087 36.4686177997 0.729372356
10347.4251164028 35.5829985367 0.7116599707
10345.714753226 34.9391246508 0.698782493
10385.4094319542 34.4823644184 0.6896472884
10380.5990355195 32.6714691145 0.6534293823
10459.8814952774 33.9177065319 0.6783541306
10452.042330717 33.1666178883 0.6633323578
10462.2332446455 32.6030331249 0.6520606625
10564.9772040518 35.4528858397 0.7090577168
10555.1273446854 34.5734335506 0.691468671
10586.0635386457 36.9795024611 0.7395900492
10595.0918128433 33.58966533 0.6717933066
10533.8547026739 33.1652520953 0.6633050419
10640.8806784622 36.4956605029 0.7299132101
10709.9508447519 35.6574342601 0.7131486852
10696.1254090728 34.8527870161 0.6970557403
10694.4684947452 34.2290341892 0.6845806838
10739.312079287 37.910602634 0.7582120527
10722.6360383132 33.8328322469 0.6766566449
10772.2187541572 37.0984679172 0.7419693583
10776.6550086471 36.5685158086 0.7313703162
10803.8782892111 35.8168418252 0.7163368365
10802.1322934681 35.1595539 0.703191078
10800.4575628575 34.5290940535 0.6905818811
10921.3435888177 37.6086090576 0.7521721812
10911.738067048 36.8211387522 0.736422775
10858.3961154716 36.5403219369 0.7308064387
11028.6688781619 38.4116953952 0.7682339079
11064.2810828788 37.4866409472 0.7497328189
11048.0326326992 36.6498390315 0.7329967806
11120.5627211654 36.2341160037 0.7246823201
11143.5279100705 38.2794643253 0.7655892865
11204.5308633764 37.4842995876 0.7496859918
11192.1307303446 36.7762139151 0.7355242783
11278.1619981376 36.1630703738 0.7232614075
11276.6274222873 35.5853724151 0.7117074483
11317.2723027804 37.6863198971 0.7537263979
11333.1287947319 37.0555673806 0.7411113476
11328.3183982972 35.2446720766 0.7048934415
11408.613841008 36.2436800395 0.7248736008
11442.4138752162 34.1964258791 0.6839285176
11416.6871624318 33.3114895127 0.6662297903
11480.6119861647 35.3762759966 0.7075255199
11466.8578156179 34.5984568312 0.6919691366
11523.7986563789 36.2340916146 0.7246818323
11582.0935346548 33.9794598909 0.6795891978
11608.7466941599 35.2131612789 0.7042632256
11607.3213915126 34.6765997073 0.6935319941
11693.7659970733 34.2190590218 0.6843811804
11752.7022615405 36.6058800053 0.7321176001
11750.9918983637 35.9620061195 0.7192401224
11749.2815351869 35.3181322336 0.7063626447
11747.6780697087 34.7145004656 0.6942900093
11891.5623719569 36.0803911135 0.7216078223
11889.8520087801 35.4365172276 0.7087303446
11877.6015325263 34.7847705202 0.6956954104
12031.4914593588 35.9573234003 0.719146468
12036.7752598871 35.1178623691 0.7023572474
11975.6908607157 34.7509378742 0.6950187575
12171.6343421578 35.9147399228 0.7182947985
12161.9066515897 35.0812786256 0.7016255725
12257.9007848876 35.3901290408 0.7078025808
