535.445026178 4.7228915663 0.0944578313
535.445026178 4.578313253 0.0915662651
573.6910994764 4.578313253 0.0915662651
592.8141361257 4.4337349398 0.0886746988
611.9371727749 4.3855421687 0.0877108434
669.3062827225 4.4819277108 0.0896385542
917.9057591623 4.0963855422 0.0819277108
956.1518324607 4.0963855422 0.0819277108
956.1518324607 3.9036144578 0.0780722892
994.3979057592 3.8554216867 0.0771084337
1013.5209424084 4 0.08
1204.7513089005 4.0481927711 0.0809638554
1242.997382199 4.2409638554 0.0848192771
1281.2434554974 4.1927710843 0.0838554217
1319.4895287958 4.3855421687 0.0877108434
1357.7356020943 4.2891566265 0.0857831325
1395.9816753927 4.3855421687 0.0877108434
1415.1047120419 4.4337349398 0.0886746988
1472.4738219895 4.6265060241 0.0925301205
1472.4738219895 4.4337349398 0.0886746988
1472.4738219895 4.3373493976 0.086746988
1529.8429319372 4.3373493976 0.086746988
1568.0890052356 4.5301204819 0.0906024096
1778.442408377 4.0481927711 0.0809638554
1950.5497382199 3.9518072289 0.0790361446
2084.4109947644 4 0.08
2122.6570680628 4.1927710843 0.0838554217
2180.0261780105 4.0963855422 0.0819277108
2428.6256544503 3.9518072289 0.0790361446
2505.1178010471 4.0963855422 0.0819277108
2505.1178010471 3.9518072289 0.0790361446
2562.4869109948 3.9518072289 0.0790361446
2753.7172774869 3.9036144578 0.0780722892
2772.8403141361 3.8554216867 0.0771084337
2791.9633507853 3.9036144578 0.0780722892
2868.4554973822 3.9518072289 0.0790361446
2925.8246073299 3.8072289157 0.0761445783
3059.6858638744 3.9036144578 0.0780722892
3078.8089005236 3.8072289157 0.0761445783
3097.9319371728 3.9036144578 0.0780722892
3136.1780104712 3.8554216867 0.0771084337
3155.3010471204 3.5180722892 0.0703614458
3193.5471204189 3.9518072289 0.0790361446
3212.6701570681 3.5662650602 0.0713253012
3250.9162303665 3.7108433735 0.0742168675
3270.0392670157 3.8554216867 0.0771084337
3308.2853403141 4.0481927711 0.0809638554
3308.2853403141 3.9036144578 0.0780722892
3327.4083769634 3.7590361446 0.0751807229
3365.6544502618 3.8072289157 0.0761445783
3423.0235602094 3.5662650602 0.0713253012
3442.1465968586 4 0.08
3461.2696335079 3.8072289157 0.0761445783
3480.3926701571 3.6144578313 0.0722891566
3499.5157068063 3.8072289157 0.0761445783
3556.8848167539 3.7590361446 0.0751807229
3576.0078534032 4.0963855422 0.0819277108
3595.1308900524 3.9036144578 0.0780722892
3633.3769633508 4.1445783133 0.0828915663
3652.5 3.9518072289 0.0790361446
3748.1151832461 4.0963855422 0.0819277108
3748.1151832461 4.1445783133 0.0828915663
3786.3612565445 4.1927710843 0.0838554217
3843.7303664922 4.1445783133 0.0828915663
3901.0994764398 4.3373493976 0.086746988
3920.222513089 4.3855421687 0.0877108434
3977.5916230367 4.3373493976 0.086746988
3996.7146596859 4.578313253 0.0915662651
4111.4528795812 4.3373493976 0.086746988
4130.5759162304 4.1927710843 0.0838554217
4149.6989528796 4 0.08
4168.8219895288 4.0481927711 0.0809638554
4226.1910994764 4.1445783133 0.0828915663
4245.3141361257 4.2891566265 0.0857831325
4283.5602094241 4.2891566265 0.0857831325
4283.5602094241 4.1445783133 0.0828915663
4302.6832460733 4.1445783133 0.0828915663
4360.052356021 4.1927710843 0.0838554217
4360.052356021 3.9036144578 0.0780722892
4379.1753926702 3.9518072289 0.0790361446
4398.2984293194 4.0963855422 0.0819277108
4398.2984293194 4 0.08
4455.667539267 4 0.08
4493.9136125655 4.3373493976 0.086746988
4513.0366492147 4.1927710843 0.0838554217
4551.2827225131 4.0963855422 0.0819277108
4551.2827225131 4.0481927711 0.0809638554
4551.2827225131 3.9036144578 0.0780722892
4570.4057591623 4 0.08
4627.77486911 3.8554216867 0.0771084337
4646.8979057592 3.6144578313 0.0722891566
4666.0209424084 3.8072289157 0.0761445783
4666.0209424084 3.6626506024 0.073253012
4666.0209424084 3.9036144578 0.0780722892
4704.2670157068 3.8072289157 0.0761445783
4761.6361256545 3.6626506024 0.073253012
4876.3743455497 3.6626506024 0.073253012
4876.3743455497 3.7590361446 0.0751807229
4914.6204188482 3.8072289157 0.0761445783
4952.8664921466 3.6626506024 0.073253012
4952.8664921466 3.8072289157 0.0761445783
4991.112565445 3.8554216867 0.0771084337
5010.2356020942 3.7590361446 0.0751807229
5029.3586387435 3.5662650602 0.0713253012
5067.6047120419 3.7590361446 0.0751807229
5067.6047120419 3.8554216867 0.0771084337
5182.3429319372 3.7108433735 0.0742168675
5201.4659685864 3.7590361446 0.0751807229
5220.5890052356 3.8554216867 0.0771084337
5220.5890052356 4 0.08
5258.835078534 3.8554216867 0.0771084337
5297.0811518325 3.8554216867 0.0771084337
5297.0811518325 4 0.08
5335.3272251309 3.9518072289 0.0790361446
5392.6963350785 3.9036144578 0.0780722892
5450.0654450262 4.0481927711 0.0809638554
5603.0497382199 4.4337349398 0.0886746988
5603.0497382199 4.2891566265 0.0857831325
5756.0340314136 4.4819277108 0.0896385542
5775.1570680628 4.4337349398 0.0886746988
5794.2801047121 4.6746987952 0.0934939759
5813.4031413613 4.578313253 0.0915662651
5813.4031413613 4.3855421687 0.0877108434
5851.6492146597 4.3855421687 0.0877108434
5928.1413612566 4.3855421687 0.0877108434
5966.387434555 4.5301204819 0.0906024096
5985.5104712042 4.3373493976 0.086746988
6023.7565445026 4.4337349398 0.0886746988
6062.0026178011 4.3373493976 0.086746988
6081.1256544503 3.8554216867 0.0771084337
6100.2486910995 4.3855421687 0.0877108434
6100.2486910995 4.578313253 0.0915662651
6138.4947643979 4.6265060241 0.0925301205
6157.6178010471 4.5301204819 0.0906024096
6234.109947644 4.4337349398 0.0886746988
6310.6020942408 4.6265060241 0.0925301205
6329.7251308901 4.5301204819 0.0906024096
6329.7251308901 4.3373493976 0.086746988
6348.8481675393 4.0963855422 0.0819277108
6406.2172774869 4.2409638554 0.0848192771
6482.7094240838 4.4337349398 0.0886746988
6520.9554973822 4.1445783133 0.0828915663
6520.9554973822 4.1445783133 0.0828915663
6540.0785340314 4.2409638554 0.0848192771
6540.0785340314 4.0963855422 0.0819277108
6578.3246073299 3.8072289157 0.0761445783
6597.4476439791 4.4819277108 0.0896385542
6635.6937172775 4.4819277108 0.0896385542
6673.9397905759 3.8554216867 0.0771084337
6693.0628272251 4.578313253 0.0915662651
6712.1858638744 4.3855421687 0.0877108434
6712.1858638744 4.7228915663 0.0944578313
6750.4319371728 5.3975903614 0.1079518072
6788.6780104712 4.8674698795 0.0973493976
6807.8010471204 4.7710843373 0.0954216867
6865.1701570681 4.6746987952 0.0934939759
6865.1701570681 5.0602409639 0.1012048193
6865.1701570681 4.9156626506 0.098313253
6884.2931937173 4.8192771084 0.0963855422
6941.6623036649 4.2409638554 0.0848192771
6960.7853403141 4.7228915663 0.0944578313
6960.7853403141 4.578313253 0.0915662651
6960.7853403141 5.156626506 0.1031325301
7075.5235602094 5.3012048193 0.1060240964
7094.6465968586 5.3975903614 0.1079518072
7113.7696335079 5.3975903614 0.1079518072
7132.8926701571 5.2530120482 0.105060241
7152.0157068063 5.3975903614 0.1079518072
7190.2617801047 5.2530120482 0.105060241
7209.3848167539 5.3975903614 0.1079518072
7266.7539267016 5.5421686747 0.1108433735
7266.7539267016 5.3493975904 0.1069879518
7457.9842931937 5.4939759036 0.1098795181
7496.2303664922 5.3975903614 0.1079518072
7553.5994764398 5.4457831325 0.1089156627
7553.5994764398 5.3493975904 0.1069879518
7572.722513089 5.2048192771 0.1040963855
7610.9685863874 5.156626506 0.1031325301
7630.0916230367 4.9638554217 0.0992771084
7668.3376963351 4.8192771084 0.0963855422
7706.5837696335 4.7228915663 0.0944578313
7783.0759162304 4.7228915663 0.0944578313
7840.445026178 4.6265060241 0.0925301205
7859.5680628272 4.9638554217 0.0992771084
7878.6910994764 4.7228915663 0.0944578313
7916.9371727749 4.7228915663 0.0944578313
7974.3062827225 4.7228915663 0.0944578313
8031.6753926702 4.6265060241 0.0925301205
8050.7984293194 4.2891566265 0.0857831325
8203.7827225131 4.2891566265 0.0857831325
8203.7827225131 4.578313253 0.0915662651
8222.9057591623 4.7228915663 0.0944578313
8242.0287958115 4.4819277108 0.0896385542
8280.27486911 4.4337349398 0.0886746988
8299.3979057592 4.8192771084 0.0963855422
8299.3979057592 4.6265060241 0.0925301205
8318.5209424084 4.3373493976 0.086746988
8356.7670157068 4.6265060241 0.0925301205
8375.890052356 4.7228915663 0.0944578313
8414.1361256545 4.6746987952 0.0934939759
