1803.2303370787 0.3192982456 0.0159649123
1885.3089887641 0.3087719298 0.0154385965
1926.3483146068 0.3298245614 0.0164912281
2172.5842696629 0.3298245614 0.0164912281
2418.8202247191 0.2877192982 0.0143859649
2541.9382022472 0.2859649123 0.0142982456
3034.4101123596 0.2877192982 0.0143859649
3526.8820224719 0.2894736842 0.0144736842
3608.9606741573 0.3105263158 0.0155263158
3691.0393258427 0.2859649123 0.0142982456
3978.3146067416 0.350877193 0.0175438596
4101.4325842697 0.3684210526 0.0184210526
4799.1011235955 0.4175438596 0.020877193
5045.3370786517 0.4438596491 0.0221929825
5250.5337078652 0.4807017544 0.0240350877
5619.8876404494 0.4929824561 0.0246491228
5701.9662921348 0.450877193 0.0225438596
5743.0056179775 0.5298245614 0.0264912281
5907.1629213483 0.5245614035 0.0262280702
6030.2808988764 0.4543859649 0.0227192982
6194.4382022472 0.4157894737 0.0207894737
6522.7528089888 0.3543859649 0.0177192982
6727.9494382023 0.2947368421 0.0147368421
9436.5449438202 0.1456140351 0.0072807018
9723.8202247191 0.2842105263 0.0142105263
10831.8820224719 0.1614035088 0.0080701754
12268.2584269663 0.1631578947 0.0081578947
