3847.3536526367 0.1430769231 0.0028615385
3862.4479922593 0.1430769231 0.0028615385
3872.3560716014 0.1415384615 0.0028307692
3885.3991291727 0.1461538462 0.0029230769
3906.763425254 0.1584615385 0.0031692308
3919.1098209966 0.1561538462 0.0031230769
3937.4165457184 0.1630769231 0.0032615385
3945.5055636188 0.1684615385 0.0033692308
3953.3623609095 0.1715384615 0.0034307692
3960.9095307209 0.1715384615 0.0034307692
3963.8896952105 0.1761538462 0.0035230769
3969.1533623609 0.1784615385 0.0035692308
3974.5718432511 0.1823076923 0.0036461538
3979.4484760523 0.1807692308 0.0036153846
3991.4078374456 0.1746153846 0.0034923077
4004.1412675375 0.1761538462 0.0035230769
4016.4876632801 0.1738461538 0.0034769231
4033.4010643445 0.1669230769 0.0033384615
4052.3657474601 0.1553846154 0.0031076923
4060.8030962748 0.1392307692 0.0027846154
4081.8577648766 0.1484615385 0.0029692308
4092.152878568 0.1507692308 0.0030153846
4119.8258345428 0.1507692308 0.0030153846
4171.4562167392 0.1638461538 0.0032769231
4183.5703918723 0.1592307692 0.0031846154
4193.633284954 0.1592307692 0.0031846154
4250.488630866 0.1492307692 0.0029846154
4268.1761006289 0.15 0.003
4275.4136429608 0.1469230769 0.0029384615
4295.5394291243 0.1469230769 0.0029384615
4322.206095791 0.1369230769 0.0027384615
4346.4344460571 0.1276923077 0.0025538462
4371.320754717 0.15 0.003
4379.022738268 0.1515384615 0.0030307692
4386.9569424287 0.1553846154 0.0031076923
4397.0198355104 0.1553846154 0.0031076923
4421.0159651669 0.1438461538 0.0028769231
4438.5486211901 0.1430769231 0.0028615385
4450.0435413643 0.1323076923 0.0026461538
4487.701983551 0.1315384615 0.0026307692
4504.4605708757 0.1230769231 0.0024615385
4517.8906627963 0.1315384615 0.0026307692
4534.9588776004 0.1261538462 0.0025230769
4563.5607160136 0.1353846154 0.0027076923
4583.6865021771 0.1353846154 0.0027076923
4593.5945815191 0.1338461538 0.0026769231
4611.3594581519 0.1353846154 0.0027076923
4626.8408321239 0.1392307692 0.0027846154
4646.8118045477 0.1376923077 0.0027538462
4661.5965166909 0.1346153846 0.0026923077
4666.7053701016 0.1353846154 0.0027076923
4679.3613933237 0.1361538462 0.0027230769
4684.0058055152 0.1323076923 0.0026461538
4696.816642477 0.1346153846 0.0026923077
4712.298016449 0.1384615385 0.0027692308
4720.541848089 0.1453846154 0.0029076923
4724.7218190615 0.1369230769 0.0027384615
4738.3067247218 0.1469230769 0.0029384615
4755.5297532656 0.1430769231 0.0028615385
4763.3091436865 0.1453846154 0.0029076923
4782.2738268021 0.1338461538 0.0026769231
4782.9704886309 0.1407692308 0.0028153846
4790.6724721819 0.1423076923 0.0028461538
4798.1422351234 0.1415384615 0.0028307692
4805.4571843251 0.1392307692 0.0027846154
4822.9124334785 0.1376923077 0.0027538462
4834.3299467828 0.1261538462 0.0025230769
4852.1722302854 0.1284615385 0.0025692308
4871.9883889695 0.1253846154 0.0025076923
4883.1349782293 0.1361538462 0.0027230769
4892.8882438316 0.1330769231 0.0026615385
4900.2805999033 0.1315384615 0.0026307692
