1.1944242424 -2.71212121212123E-005 -2.71212121212123E-006
1.1947272727 0.0002971212 2.97121212121212E-005
1.195030303 0.0007713636 7.71363636363636E-005
1.1952727273 0.0003457576 3.45757575757575E-005
1.1955757576 0.000795 0.0000795
1.1958787879 6.92424242424243E-005 6.92424242424244E-006
1.1961818182 -0.0002815152 -2.81515151515152E-005
1.1964848485 0.0002927273 2.92727272727272E-005
1.1967272727 -5.78787878787882E-005 -5.78787878787882E-006
1.197030303 -8.63636363636388E-006 -8.63636363636388E-007
1.1973333333 4.06060606060604E-005 4.06060606060604E-006
1.1976363636 0.0002148485 2.14848484848484E-005
1.1979393939 -1.09090909090914E-005 -1.09090909090914E-006
1.1982424242 0.0003883333 3.88333333333333E-005
1.1984848485 -0.0003872727 -3.87272727272728E-005
1.1987878788 -0.0001130303 -0.000011303
1.1990909091 0.0002362121 2.36212121212121E-005
1.1993939394 1.04545454545453E-005 1.04545454545453E-006
1.1996969697 -0.000340303 -3.40303030303031E-005
1.2 5.89393939393942E-005 5.89393939393942E-006
1.2002424242 -4.16666666666669E-005 -4.16666666666669E-006
1.2005454545 0.0003575758 3.57575757575757E-005
1.2008484848 -0.0001431818 -1.43181818181819E-005
1.2011515152 0.0007810606 7.81060606060605E-005
1.2014545455 0.000455303 4.5530303030303E-005
1.2016969697 0.000504697 5.04696969696969E-005
1.202 0.0004289394 4.28939393939394E-005
1.204969697 0.0012215152 0.0001221515
1.2052727273 0.0018207576 0.0001820758
1.2055151515 0.0022201515 0.0002220152
1.2058181818 0.0023943939 0.0002394394
1.2061212121 0.0020436364 0.0002043636
1.2064242424 0.0019428788 0.0001942879
1.2066666667 0.0017422727 0.0001742273
1.206969697 0.0017165152 0.0001716515
1.2072727273 0.0014157576 0.0001415758
1.2075757576 0.002115 0.0002115
1.2078787879 0.0016392424 0.0001639242
1.2081212121 0.0012636364 0.0001263636
1.2084242424 0.0013128788 0.0001312879
1.2087272727 0.0009621212 9.62121212121212E-005
1.209030303 0.0007363636 7.36363636363636E-005
1.2093333333 0.0010856061 0.0001085606
1.2096363636 0.0008098485 8.09848484848484E-005
1.2099393939 0.0009840909 9.84090909090909E-005
1.2101818182 0.0004834848 4.83484848484848E-005
1.2104848485 0.0006577273 6.57727272727272E-005
1.2107878788 0.0006569697 0.000065697
1.2110909091 0.0006812121 6.81212121212121E-005
1.2113939394 0.0004804545 4.80454545454545E-005
1.2116363636 0.0008548485 8.54848484848484E-005
1.2119393939 0.0004040909 4.04090909090909E-005
1.2122424242 0.0004533333 4.53333333333333E-005
1.2125454545 0.0007775758 7.77575757575757E-005
1.2151515152 0.0007710606 7.71060606060606E-005
1.2154545455 -0.000054697 -5.46969696969698E-006
1.2157575758 0.0002695455 2.69545454545455E-005
1.2160606061 0.0005687879 5.68787878787879E-005
1.2163030303 4.31818181818185E-005 4.31818181818185E-006
1.2166060606 0.0005924242 5.92424242424242E-005
1.2169090909 0.0007666667 7.66666666666666E-005
1.2172121212 0.0004409091 4.40909090909091E-005
1.2175151515 0.0003651515 3.65151515151515E-005
1.2178181818 0.0002393939 2.39393939393939E-005
1.2181212121 0.0011136364 0.0001113636
1.2183636364 0.0007130303 0.000071303
1.2186666667 0.0009122727 9.12272727272727E-005
1.218969697 0.0003365152 3.36515151515152E-005
1.2192727273 6.07575757575756E-005 6.07575757575756E-006
1.2195757576 0.00026 0.000026
1.2198181818 0.0005843939 5.84393939393939E-005
1.2201212121 0.0003086364 3.08636363636363E-005
1.2204242424 0.0003078788 3.07878787878788E-005
1.2207272727 -0.0001178788 -1.17878787878787E-005
1.220969697 0.0005065152 5.06515151515151E-005
1.2213333333 0.0005306061 5.3060606060606E-005
1.2215757576 -0.000195 -0.0000195
1.2218787879 0.0001042424 1.04242424242424E-005
1.2221818182 0.0002784848 2.78484848484849E-005
