0.9061304837	0.0007857143	7.85714285714286E-005
0.9101349831	0.0008714286	8.71428571428572E-005
0.914015748	0.0008	0.00008
0.9183014623	0.0012428571	0.0001242857
0.9220697413	0.0010285714	0.0001028571
0.9250056243	0.0007571429	7.57142857142857E-005
0.9297300337	0.0007571429	7.57142857142857E-005
0.9328908886	0.0007714286	7.71428571428572E-005
0.9368616423	0.0008142857	8.14285714285714E-005
0.9486051744	0.0007285714	7.28571428571429E-005
0.9516422947	0.0005857143	5.85714285714286E-005
0.9563779528	0.0006	0.00006
0.9593925759	0.0004285714	4.28571428571429E-005
0.9633408324	0.0004428571	4.42857142857143E-005
0.9674128234	0.0006142857	6.14285714285715E-005
0.9713385827	0.0006	0.00006
0.9753318335	0.0006714286	6.71428571428572E-005
0.9782564679	0.0003857143	3.85714285714286E-005
0.9823734533	0.0006142857	6.14285714285715E-005
0.9862092238	0.0004857143	4.85714285714286E-005
0.9901687289	0.0005142857	5.14285714285715E-005
0.994015748	0.0004	0.00004
0.9980314961	0.0005	0.00005
1.0020472441	0.0006	0.00006
1.0062204724	0.0009	0.00009
1.0098650169	0.0005285714	5.28571428571429E-005
1.0130933633	0.0006285714	6.28571428571429E-005
1.0171653543	0.0008	0.00008
1.0209448819	0.0006	0.00006
1.024791901	0.0004857143	4.85714285714286E-005
1.0286276715	0.0003571429	3.57142857142857E-005
1.0323622047	0.0001	0.00001
1.0363217098	0.0001285714	1.28571428571429E-005
1.0394600675	0.0001142857	1.14285714285715E-005
1.0435545557	0.0003142857	3.14285714285714E-005
1.0476827897	0.0005571429	5.57142857142857E-005
1.0512823397	0.0001285714	1.28571428571429E-005
1.0552305962	0.0001428571	1.42857142857143E-005
1.0592013498	0.0001857143	1.85714285714286E-005
1.0623734533	0.0002142857	2.14285714285715E-005
1.0663554556	0.0002714286	2.71428571428572E-005
1.0702137233	0.0001714286	1.71428571428572E-005
1.0741507312	0.0001714286	1.71428571428572E-005
1.0780202475	8.57142857142857E-005	8.57142857142858E-006
1.0820809899	0.0002428571	2.42857142857143E-005
1.0859730034	0.0001857143	1.85714285714286E-005
1.0891901012	0.0002714286	2.71428571428572E-005
1.0932508436	0.0004285714	4.28571428571429E-005
1.0978965129	0.0003285714	3.28571428571429E-005
1.1011023622	0.0004	0.00004
1.1049943757	0.0003428571	3.42857142857143E-005
1.1089426322	0.0003571429	3.57142857142857E-005
1.1121709786	0.0004571429	4.57142857142857E-005
1.1167266592	0.0002428571	2.42857142857143E-005
1.1208098988	0.0004285714	4.28571428571429E-005
1.1238807649	0.0003285714	3.28571428571429E-005
1.1278065242	0.0003142857	3.14285714285714E-005
1.1325084364	0.0002857143	2.85714285714286E-005
1.1358380202	0.0005142857	5.14285714285715E-005
1.14	0.0008	0.00008
1.1437007874	0.0005	0.00005
1.1466816648	0.0002857143	2.85714285714286E-005
1.1507311586	0.0004285714	4.28571428571429E-005
1.1546006749	0.0003428571	3.42857142857143E-005
1.158503937	0.0003	0.00003
1.1625534308	0.0004428571	4.42857142857143E-005
1.1664679415	0.0004142857	4.14285714285715E-005
1.1702924634	0.0002714286	2.71428571428572E-005
1.1742519685	0.0003	0.00003
1.1774465692	0.0003571429	3.57142857142857E-005
1.1813160855	0.0002714286	2.71428571428572E-005
1.185264342	0.0002857143	2.85714285714286E-005
1.1891113611	0.0001714286	1.71428571428572E-005
1.1930821147	0.0002142857	2.14285714285715E-005
1.1961529809	0.0001142857	1.14285714285715E-005
1.2009448819	0.0002	0.00002
1.2053543307	0.0018	0.00018
1.2095500562	0.0011285714	0.0001128571
1.2130708661	0.0006	0.00006
1.2161192351	0.0004714286	4.71428571428572E-005
1.219943757	0.0003285714	3.28571428571429E-005
1.2237570304	0.0001714286	1.71428571428572E-005
1.2280089989	0.0005714286	5.71428571428572E-005
1.2321259843	0.0008	0.00008
1.2358830146	0.0005714286	5.71428571428572E-005
1.2398425197	0.0006	0.00006
1.2428233971	0.0003857143	3.85714285714286E-005
1.2466254218	0.0002142857	2.14285714285715E-005
1.2505736783	0.0002285714	2.28571428571429E-005
1.2546569179	0.0004142857	4.14285714285715E-005
1.2585826772	0.0004	0.00004
1.2618222722	0.0005142857	5.14285714285715E-005
1.2663217098	0.0002285714	2.28571428571429E-005
1.2695050619	0.0002714286	2.71428571428572E-005
