0.3880630631 0.00425 0.000425
0.3926351351 0.0033333333 0.0003333333
0.3970945946 0.0028333333 0.0002833333
0.4036261261 0.0026666667 0.0002666667
0.4079504505 0.0026666667 0.0002666667
0.4145945946 0.0020833333 0.0002083333
0.4177027027 0.0025833333 0.0002583333
0.4242117117 0.0025 0.00025
0.4281306306 0.004 0.0004
0.4351126126 0.0021666667 0.0002166667
0.4381531532 0.0029166667 0.0002916667
0.4447072072 0.0026666667 0.0002666667
0.4491441441 0.00225 0.000225
0.4556306306 0.00225 0.000225
0.4600900901 0.00175 0.000175
0.471036036 0.00125 0.000125
0.4763513514 0.0015833333 0.0001583333
0.4806756757 0.0015833333 0.0001583333
0.4872297297 0.0013333333 0.0001333333
0.4904954955 0.00125 0.000125
0.4969594595 0.0013333333 0.0001333333
0.5012837838 0.0013333333 0.0001333333
0.5078603604 0.001 0.0001
0.5120495495 0.0015 0.00015
0.5184009009 0.002 0.0002
0.5228603604 0.0015 0.00015
0.5282432432 0.0015833333 0.0001583333
0.5324774775 0.0019166667 0.0001916667
0.538963964 0.0019166667 0.0001916667
0.5422972973 0.0015833333 0.0001583333
0.5498198198 0.00175 0.000175
0.5530630631 0.00175 0.000175
0.5597072072 0.0011666667 0.0001166667
0.5699774775 0.0031666667 0.0003166667
0.5744594595 0.0025833333 0.0002583333
0.5809009009 0.00275 0.000275
0.5843018018 0.0021666667 0.0002166667
0.5906531532 0.0026666667 0.0002666667
0.5949324324 0.0028333333 0.0002833333
0.6014189189 0.0028333333 0.0002833333
0.604481982 0.0035 0.00035
0.6111936937 0.0026666667 0.0002666667
0.6155855856 0.0024166667 0.0002416667
0.6220720721 0.0024166667 0.0002416667
0.6263513514 0.0025833333 0.0002583333
0.6318018018 0.0024166667 0.0002416667
0.6361261261 0.0024166667 0.0002416667
0.6424774775 0.0029166667 0.0002916667
0.6446846847 0.00275 0.000275
0.6521396396 0.0031666667 0.0003166667
0.656463964 0.0031666667 0.0003166667
0.6626126126 0.0044166667 0.0004416667
0.6670045045 0.0041666667 0.0004166667
0.6717342342 0.0066666667 0.0006666667
0.6838288288 0.0019166667 0.0001916667
0.6881981982 0.00175 0.000175
0.6947747748 0.0014166667 0.0001416667
0.6991216216 0.0013333333 0.0001333333
0.7044594595 0.0015833333 0.0001583333
0.7088288288 0.0014166667 0.0001416667
0.7152927928 0.0015 0.00015
0.7197297297 0.0010833333 0.0001083333
0.7262612613 0.0009166667 9.16666666666666E-005
0.7294369369 0.0011666667 0.0001166667
0.7359234234 0.0011666667 0.0001166667
