0.3531465517	0.0004827586	4.82758620689655E-005
0.3594827586	0.0004137931	4.13793103448275E-005
0.3648275862	0.000137931	1.37931034482758E-005
0.3707758621	0.0003793103	0.000037931
0.3768103448	0.0005517241	5.51724137931034E-005
0.3815086207	0.0007931034	7.93103448275862E-005
0.3880172414	0.0005862069	5.86206896551724E-005
0.3944827586	0.0004137931	4.13793103448275E-005
0.3991810345	0.0006551724	6.55172413793103E-005
0.4056034483	0.0005172414	5.17241379310344E-005
0.4102155172	0.0008275862	8.27586206896551E-005
0.4159051724	0.0012758621	0.0001275862
0.4221982759	0.0002413793	2.41379310344827E-005
0.428362069	0.0003103448	3.10344827586207E-005
0.4330603448	0.0005517241	5.51724137931034E-005
0.4393534483	0.0005172414	5.17241379310344E-005
0.4456034483	0.0005172414	5.17241379310344E-005
0.45	0.001	0.0001
0.4562931034	0.0009655172	9.6551724137931E-005
0.4615517241	0.0007586207	7.58620689655172E-005
0.467887931	0.0006896552	6.89655172413792E-005
0.4731896552	0.0004482759	4.48275862068965E-005
0.4796551724	0.0002758621	2.75862068965516E-005
0.4848275862	0.000137931	1.37931034482758E-005
0.4905603448	0.0005517241	5.51724137931034E-005
0.4956034483	0.0005172414	5.17241379310344E-005
0.5018965517	0.0004827586	4.82758620689655E-005
0.5081465517	0.0004827586	4.82758620689655E-005
0.5140948276	0.0007241379	7.24137931034483E-005
0.5194396552	0.0004482759	4.48275862068965E-005
0.5241810345	0.0006551724	6.55172413793103E-005
0.530387931	0.0006896552	6.89655172413792E-005
0.5369396552	0.0004482759	4.48275862068965E-005
0.5417241379	0.0006206897	0.000062069
0.5481034483	0.0005172414	5.17241379310344E-005
0.5546551724	0.0002758621	2.75862068965516E-005
0.5599137931	6.89655172413789E-005	6.89655172413789E-006
0.5646982759	0.0002413793	2.41379310344827E-005
0.5706034483	0.0005172414	5.17241379310344E-005
0.5773275862	0.000137931	1.37931034482758E-005
0.5819827586	0.0004137931	4.13793103448275E-005
0.5884913793	0.0002068966	2.06896551724138E-005
0.5934913793	0.0002068966	2.06896551724138E-005
0.5994827586	0.0004137931	4.13793103448275E-005
0.6058189655	0.0003448276	3.44827586206896E-005
0.6106896552	0.0004482759	4.48275862068965E-005
0.6155603448	0.0005517241	5.51724137931034E-005
0.622112069	0.0003103448	3.10344827586207E-005
0.6281896552	0.0004482759	4.48275862068965E-005
0.634137931	0.0006896552	6.89655172413792E-005
0.639612069	0.0003103448	3.10344827586207E-005
0.6455603448	0.0005517241	5.51724137931034E-005
0.6509913793	0.0002068966	2.06896551724138E-005
0.6570689655	0.0003448276	3.44827586206896E-005
0.6623275862	0.000137931	1.37931034482758E-005
0.6680603448	0.0005517241	5.51724137931034E-005
0.6745258621	0.0003793103	0.000037931
0.6793103448	0.0005517241	5.51724137931034E-005
0.684612069	0.0003103448	3.10344827586207E-005
0.6900862069	0.0009310345	9.3103448275862E-005
0.6947844828	0.0011724138	0.0001172414
0.6998275862	0.002137931	0.0002137931
0.7075	0.001	0.0001
0.712112069	0.0013103448	0.0001310345
0.7185775862	0.001137931	0.0001137931
0.723362069	0.0013103448	0.0001310345
0.7307758621	0.0003793103	0.000037931
0.7368534483	0.0005172414	5.17241379310344E-005
0.760862069	0.0033103448	0.0003310345
0.7673275862	0.003137931	0.0003137931
0.7732327586	0.0034137931	0.0003413793
0.7792241379	0.0026206897	0.000262069
0.7846551724	0.0022758621	0.0002275862
